transcrip_name,Regular.earlylog.1,Regular.earlylog.2,Regular.earlylog.3,Regular.midlog.1,Regular.midlog.2,Regular.midlog.3,Regular.latelog.1,Regular.latelog.2,Regular.latelog.3,Regular.stationary.1,Regular.stationary.2,Regular.stationary.3,Cysteine.inhibition.earlylog.1,Cysteine.inhibition.earlylog.2,Cysteine.inhibition.earlylog.3,Cysteine.inhibition.midlog.1,Cysteine.inhibition.midlog.2,Cysteine.inhibition.midlog.3,Cysteine.inhibition.latelog.1,Cysteine.inhibition.latelog.2,Cysteine.inhibition.latelog.3,Cysteine.inhibition.stationary.1,Cysteine.inhibition.stationary.2,Cysteine.inhibition.stationary.3,Sulfide.inhibition.earlylog.1,Sulfide.inhibition.earlylog.2,Sulfide.inhibition.earlylog.3,Sulfide.inhibition.midlog.1,Sulfide.inhibition.midlog.2,Sulfide.inhibition.midlog.3,Sulfide.inhibition.latelog.1,Sulfide.inhibition.latelog.2,Sulfide.inhibition.latelog.3,Sulfide.inhibition.stationary.1,Sulfide.inhibition.stationary.2,Sulfide.inhibition.stationary.3,Cysteine.injection.midlog.10hours.1,Cysteine.injection.midlog.10hours.2,Cysteine.injection.midlog.10hours.3,Cysteine.injection.midlog.23hours.1,Sulfide.injection.midlog.23hours.2,Sulfide.injection.midlog.23hours.3,Sulfide.injection.midlog.23hours.1,Sulfide.injection.midlog.10hours.2,Sulfide.injection.midlog.10hours.3,Sulfide.injection.midlog.10hours.1,Cysteine.injection.midlog.23hours.2,Cysteine.injection.midlog.23hours.3
Ga0242637_111,1.764951351,1.764951351,1.764951351,1.764951351,1.764951351,1.764951351,1.764951351,1.764951351,1.764951351,1.764951351,1.764951351,1.764951351,1.764951351,1.764951351,1.764951351,1.764951351,1.764951351,2.452468344,1.764951351,1.764951351,1.764951351,1.764951351,1.764951351,1.764951351,1.764951351,1.764951351,1.764951351,1.764951351,1.764951351,1.764951351,1.764951351,1.764951351,1.764951351,1.764951351,1.764951351,1.764951351,1.764951351,1.764951351,1.764951351,1.764951351,1.764951351,1.764951351,1.764951351,1.764951351,1.764951351,1.764951351,1.764951351,1.764951351
Ga0242637_1110,1.764951351,2.422088851,2.4500833419999997,1.764951351,1.764951351,1.764951351,1.764951351,1.764951351,2.506512943,1.764951351,2.58606159,1.764951351,2.4697179680000003,2.350359106,2.392844266,1.764951351,1.764951351,1.764951351,1.764951351,1.764951351,2.653701924,1.764951351,1.764951351,1.764951351,1.764951351,1.764951351,1.764951351,1.764951351,1.764951351,1.764951351,1.764951351,1.764951351,1.764951351,1.764951351,1.764951351,1.764951351,3.19781202,1.764951351,1.764951351,1.764951351,1.764951351,1.764951351,1.764951351,1.764951351,1.764951351,1.764951351,1.764951351,2.685057094
Ga0242637_11100,9.647210968,9.712474843999999,9.972836685,9.11368922,9.240557625,8.93417285,7.662034101000001,7.326369027999999,7.402544516,6.501520205,7.525881571,6.59026719,11.913286099999999,12.02809175,11.81501291,8.061966307999999,8.046959082999999,7.978161755,7.174141366000001,7.15640113,7.367425752999999,7.0068739110000005,7.400068956,7.138128712,9.62771978,9.130627106,10.24211123,9.692036211,8.778660208,8.911281602999999,6.423343485,6.269445075,6.46854692,7.805206566,7.230475016000001,6.968215809,8.615871965,8.29385879,8.473396296,8.645503328,8.654121037000001,7.938395996000001,8.193366842,6.309007232000001,5.737211476000001,6.164487599,8.697108911,8.845632516
Ga0242637_111000,8.964015614,8.960564869,9.058445771,9.328670367,9.299505134,9.287763997,9.446803201,9.308884832999999,9.19240863,9.314530433,8.991303609,8.852644714,8.451601992999999,8.401192252000001,8.416186836,8.745279292000001,8.895759287999999,8.985894024,8.986358812,9.244397668,9.313748505,9.250084264,9.236048164,9.195935528,8.982019252999999,9.258856698999999,8.982157649,8.361621021,8.370980472000001,8.481645125,9.258182881,9.33700413,9.287840282000001,8.838030188,8.479918224,8.79979915,9.12835015,8.847399187,8.845845257,8.156454192,9.76074113,9.638828098,9.831953509,9.171199664,8.878948357,9.252720427,8.034764335,8.068364611
Ga0242637_111001,7.7806132120000004,7.599761105,7.646932725,8.455718817000001,8.530247079,8.508583005,8.462083086,8.442209144,8.424706065,8.314123228,6.91801882,6.721584572,8.776837257999999,8.565762589,8.527771719,8.83169885,9.23488007,9.335930742,9.503904918,8.759054393,8.779302934,7.914815751,7.790446735,8.320881511,8.474988242,8.557174241,8.548439958,7.856790652999999,7.746486816,7.928560598,9.234921924,9.265836914,8.712527286,8.240157753,8.294189232999999,8.718507392000001,9.643319496,9.45576397,9.762752486,9.514956963,9.954827853,9.554751925,9.853553541,9.20303483,8.917023228,8.885756947,9.380872411,9.605331123
Ga0242637_111002,7.763095077000001,7.534248465,7.658135731000001,8.358965944,8.258464002,8.298257897000001,8.360924385,8.262132585,8.381675996,8.990546088,7.285500167,7.033786479,8.040109832,8.043004279,8.085445501,9.043677328,9.185435276,9.439254549,9.955426141,9.800460085,9.757111414,9.088155784,8.932310374,9.242324448,8.387533984,8.391180008,8.362476202,8.13351537,7.824495429,7.760167301,9.183198395,9.371313059,8.79729788,8.412153448,8.33408479,8.662357864,9.616830367,9.099797691000001,9.316065375,9.410359528999999,9.932510092000001,9.307092787,9.994380811000001,8.852545596,8.969729653,8.864828256000001,9.268232381,9.523606034
Ga0242637_111003,11.35400402,11.36535079,11.336744699999999,11.74693096,11.79590254,11.775733599999999,11.66108611,11.66385455,11.67502447,11.65115852,13.26302824,12.23291442,11.30448728,11.29138331,11.16803439,11.07077759,10.89842915,10.81953786,10.53471241,10.18604516,10.29539661,9.178306762,8.687234923,9.330853614,10.94558531,10.76936833,11.49319133,11.11233796,10.93669384,11.16725427,11.48629014,11.39739966,11.5952958,11.61984715,11.65203009,11.47178418,11.2068482,11.20978893,11.15817843,10.68680123,12.5521885,12.26923452,12.48538782,11.79545807,12.00022738,11.84341271,10.74882974,10.62931309
Ga0242637_111004,10.19420042,10.2885926,10.17544389,9.795484281,9.783965906,9.832877368,9.666186703,9.677049828,9.728748673,10.03308886,10.150535699999999,10.15219719,9.81156192,10.1025396,10.00239244,9.723867913,9.667945475,9.605797087000001,9.816762394,10.01448612,9.91264154,10.08898086,10.45733617,10.03563762,10.28749618,10.26925275,10.27622196,10.57892275,10.69014781,10.6713016,10.06474721,10.09353001,10.0124564,9.958526111,10.06565224,10.009075900000001,9.738534905,9.725742274,9.908007159,9.599323517,9.274240568,9.411857449,9.316996411,9.963921125,9.746994192,9.993661338999999,9.678554443,9.483823172000001
Ga0242637_111005,13.38414783,13.37469643,13.486201600000001,14.04382729,13.999282999999998,13.98657448,13.43760088,13.48971726,13.575355599999998,12.66432465,12.47189022,12.43838088,13.36336253,13.20527376,12.90468483,13.02951589,12.83116441,12.68920108,12.35759623,11.75819775,11.89495764,11.37573397,11.35922892,11.59140945,12.95803272,12.79068562,13.15750308,13.36956556,13.02395012,13.09935887,12.67016462,12.49548717,12.93068694,13.10175933,12.83106243,12.90575285,13.7396967,13.81115231,13.5227266,13.2153434,13.89494254,13.65739166,13.83167938,13.306499800000003,13.65794567,13.708645800000001,13.12522632,13.40820449
Ga0242637_111006,10.53846303,10.56556461,10.50268595,10.69887909,10.68949782,10.8211476,10.21063832,10.26573429,10.29676648,9.730636796,9.280825588999999,9.213711054,10.65293685,10.63443942,10.32498958,10.20058637,10.09208249,10.06578096,8.996813383,8.759054393,8.656180134,9.182899017999999,9.324573127,9.207673352999999,10.39633574,10.14957171,10.50289896,10.39280148,10.29666943,10.31987516,10.18997542,10.11869599,10.21985637,10.25900627,9.871940007000001,10.16836595,10.55586883,10.70246999,10.52306682,10.4464199,10.3325991,10.11203435,10.16648018,10.54598129,10.59798386,10.517750099999999,10.3552612,10.48564177
Ga0242637_111007,9.440552137000001,9.304587308,9.375863966,9.596392877000001,9.508980973,9.638806316,8.967796503999999,9.164281068,9.019469837,9.242160656,8.68924918,8.651623347000001,9.830038209,9.571259127000001,9.467312547999999,9.330920569,9.189802738,8.963336775,7.90161978,6.7898218539999995,6.856069484,7.0068739110000005,7.227055767,6.927000692000001,9.612373209,9.343937548,9.638956085,9.182960486,9.183833447,9.112807916,9.065065035,8.904417493,8.969805313,9.529562274,9.25178685,9.127754258,9.682162968,9.706376859,9.372280691,9.113640155,9.380283768,9.237913285,9.329382318,9.531269627,9.865774174,9.710554464,9.016128396000001,9.218902583
Ga0242637_111008,9.041125618999999,9.158287332,8.892911112,9.180411969,9.060969148,9.246944947000001,9.179505979,9.106324014,9.044765071,8.62361822,7.8638186889999995,7.996613825,9.358018602000001,9.20728056,9.347868998,8.594144676,8.505143504,8.500979559,7.210544355,6.66260788,6.822499347999999,7.713664007999999,7.928692011,7.689040317999999,9.606188576000001,9.483979475,9.517660309,9.305964698,9.202210469,9.117622515,8.779105632,8.859624571,8.938842116,9.085890784,8.748480466,8.909282988,8.768071128999999,9.46039548,9.097808822000001,9.168121697,9.685332281,9.387065656,9.519744152000001,9.449322951000001,9.341749437,9.446722302000001,8.896847382,9.073318764
Ga0242637_111009,6.4743867360000005,6.557619304,6.556831896,6.611240867999999,6.499659658,6.41146951,6.434342163999999,6.3133880179999995,6.2899247229999995,5.8920709129999995,5.562780417000001,5.625366709,6.693208625,6.915655835,6.959101068,6.326169633999999,6.019482112,5.889987305,4.630727353,3.803921163,3.64741757,4.105023658,4.668031599,4.924648265,7.186548735,7.159063187999999,7.335987645,6.818556632999999,6.959978419,6.785662479,6.294039204,6.461837488,6.252723646000001,6.4969522820000005,6.23437802,6.5114776679999995,6.985673822000001,6.929023064,6.30840501,6.823872422999999,6.31788877,6.301223246,6.0080859779999995,6.863038453,6.29629906,6.736049716,6.146243071000001,6.390139383999999
Ga0242637_11101,12.6282568,12.53093952,12.76568384,10.83481198,10.81471253,10.54418155,8.044112979,6.9963961679999995,7.019092433,7.610111516,9.391861077,6.749208058,15.23311124,15.33475625,14.99935227,8.275746805,7.6504019979999995,7.875575335,5.595786167000001,5.62089209,6.167109247000001,6.783010875,6.318150223,6.294877003,11.81455824,10.63941887,12.55907419,12.61454936,11.78917002,11.73795629,7.021724647,6.303352024,6.414086646,9.07644938,8.592752269,7.977853637000001,7.692022105,7.151673496,6.45466585,5.578091949,10.18370782,8.417940824,8.436051262000001,4.309901821,4.896774386000001,5.657304546000001,5.062331788,5.071312206
Ga0242637_111010,10.08213735,10.04486575,10.11880881,10.14672849,10.01936514,10.11771157,10.10913955,10.14557374,10.21890344,9.902221984,9.732139522999999,9.652303312,10.00980998,10.19969378,10.02972808,10.28809104,10.37698337,10.35459113,10.40204539,10.349705499999999,10.31512675,10.59889527,10.97308372,10.62990284,10.22126044,10.21246411,10.23237046,10.11202614,10.19297987,10.12444099,10.13972023,10.17004277,10.08168652,9.818301686,9.654438457000001,9.954704299,10.3217301,10.53912856,10.17145869,10.69052825,10.25198551,10.16160187,10.33565129,10.25581921,10.28097345,10.30894342,10.57395596,10.68926164
Ga0242637_111015,8.749534758,8.714222277000001,8.787205873,8.788514763,8.54917719,8.52004965,8.4564898,8.647554365,8.652408636,8.909786742,8.814133372,8.489269424,8.660713549,8.725117297,8.66891907,8.986222655,8.968737213999999,8.871830197000001,8.59958934,8.861822926,8.888692285,8.148785899,8.240754003,8.161017305,8.697841987999999,8.557174241,8.505946091,8.675229174,8.753957876,8.657252487000001,8.988316783,9.033533347,8.934019003,8.697285399,8.694334845,8.625849238999999,9.321161479,9.359867066,9.052650422000001,8.88118802,8.609799144,8.75585435,8.206857194,8.372215147,8.481709724,8.504869727,8.87334103,9.11855698
Ga0242637_111016,9.786643708,9.945501058,9.783818616,9.618091641,9.596508748,9.629573596,9.555438364,9.624738792,9.478880508,9.258559488,9.584815305,9.341585445,9.914088642000001,9.910951443,9.891534619,9.743815609,9.844521374,10.01842633,9.810849762,9.411828993,9.473552086,9.387722852000001,9.775600079,9.62442931,9.727958832,9.542747788,9.690459067,9.615655942,9.847915732999999,9.766585585,10.20102057,10.380858199999999,9.89079606,9.3917186,9.340635691000001,9.259753441,9.991437252,10.1608375,10.09110892,9.81499234,9.263552234,9.158753343999999,8.966736735,9.732015800000001,9.8177049,9.641138587,9.781059647000001,9.879474873
Ga0242637_111017,8.049847261,8.038182545,8.029884498,7.577262422,7.341246087999999,7.627941741,7.4362203739999995,7.402944627999999,7.410353145,7.845475522999999,7.02218549,7.609267817,7.97517687,8.06150742,7.880465652000001,7.333140629,7.156185151,7.264971957,7.390539899,6.736671761,6.6609235479999995,5.669565534,5.197383578999999,6.265172641,8.521741565,8.913993646,8.309924629,8.39701057,8.393546994,8.084258962,7.627243889,7.547600844,7.305810942999999,7.466513907,7.607875932000001,7.303624263,7.531068389,7.403416726000001,7.2065477829999995,6.198476607000001,6.499165323,6.655532917,6.646290509,7.71611328,7.855262732999999,7.737249529,6.3189180579999995,6.261361596
Ga0242637_111018,10.21474638,10.25680004,10.16173812,10.06079178,9.985022495,10.21174466,9.983522095,10.04963354,10.1283388,10.38079959,9.770008383,9.814566282000001,9.93374775,10.10402772,10.13500728,9.741337179,9.681964894,9.741895729,9.717016937999999,9.309482593,9.393008365,8.583312121,7.716013945,8.42511125,10.82960314,10.76011081,10.69244711,10.79697082,10.67903803,10.55809633,10.04035622,10.04184149,10.00442722,9.786229074,9.782502091,9.808113935,9.662871962,9.597059461,9.683504702,9.017999671,9.580149699999998,9.364665042,9.794474535,10.29109556,10.26840578,10.22384351,9.072263247,9.133326533
Ga0242637_111019,10.20505054,10.14424169,10.2896705,10.08940079,10.00229601,10.05702153,9.983522095,10.08684629,10.05803124,10.81632757,10.23690099,10.18540368,10.23051599,10.16018371,10.11812717,9.823303007,9.738210313,9.631776573,9.596173724,9.42587472,9.426883885,8.333617555,8.063438198,8.565527111,10.71645237,10.63874553,10.65728674,10.50696929,10.556551400000002,10.42751181,10.14388896,10.07283104,10.15501781,10.11519263,10.18715917,9.939910643,10.00171061,10.11751019,9.809650176,8.936642313,9.515554856,9.532316374,9.461854473999999,10.30151243,10.46845557,10.30117518,8.983565367999999,8.885437299
Ga0242637_11102,8.317212741,8.435024155,8.256828849,5.883738445,5.658564936,5.058786706,4.629378226,4.2144303910000005,4.875333574,5.5345733479999994,5.165124858,5.32689956,10.88143724,11.18993288,11.19202646,4.163986673999999,4.736800533,4.459643842,4.701851585,5.161685736,5.4081854620000005,5.0133739969999995,5.1328806060000005,5.202656485,8.153088311,7.308865021,8.530886061,8.864093225,8.304488364,8.044355092,5.320811965,5.632077893,5.1002818780000005,5.812863817999999,5.892566548,5.9259611229999996,5.540984152,5.628299527999999,4.535009727,4.791768251000001,5.665297426,5.369221982999999,5.025201303999999,4.613783816000001,3.9089009,4.36583428,4.347120349,4.871888998999999
Ga0242637_111020,9.031404506,8.719142811000001,9.047839974,8.779480591,8.643211069,8.899474874,8.803485692,8.927852695,8.817077814,9.427620452000001,9.050970322000001,8.868459686,8.790379904,8.842098084,8.723512096,8.473886956,8.543190518,8.453210105,8.892430792999999,8.976961718,9.116819388,8.444867445,8.522336024,8.851467051,9.024380677,9.258856698999999,9.241544805,8.889163089,9.092210531000001,8.922330565,8.964944182,9.095209299,8.889869577,8.704658515,8.883656438,8.726643037,8.629186868,8.46956262,8.206907907,7.91442691,8.254313086,8.333947537,8.35960522,9.065147739,9.190083313999999,9.220133349,7.763538259,7.948197971
Ga0242637_111021,10.8190246,10.69294655,10.88220945,10.74195079,10.74596279,10.72720134,10.66985725,10.64175311,10.74397615,11.15862586,11.27756345,11.063166,10.75729768,10.66096821,10.49741595,10.5427218,10.41851127,10.45582333,10.97361078,11.20075107,11.27143943,10.66439409,10.53204913,10.73096461,11.40433068,11.5548191,11.25152366,11.2243774,11.18833332,11.19712796,11.10629835,11.04596631,10.85725766,10.900018600000001,11.04674739,10.9858004,10.40922575,10.26775233,10.26944253,9.389109938999999,10.50281747,10.75182879,10.58585539,10.94191596,11.46774799,10.96337815,9.538623844,9.59736383
Ga0242637_111022,8.483306079,8.306874613,8.321662388,8.78400475,8.79366127,8.829775469,8.953969828,8.686356269,8.757125278,8.204117154,7.945531464,7.961649037999999,8.90686138,9.002300378,8.921361231,9.350567437,9.53351728,9.49850124,9.157645839,9.212341537,9.171129331,9.318459075,9.700394866,9.39385816,8.854764138,8.798157527,8.800707742,8.703771422,8.576551669,8.81970427,8.527953904,8.628850556,8.745935202,8.266969324,8.742563679,8.595073624,9.694881803,10.02986424,9.18618629,9.596677639,9.730014049,9.307092787,10.04407268,9.115216601,9.317553361,8.910930857,9.49565095,9.834994262
Ga0242637_111023,9.553534126,9.567232075,9.623078386,9.453194437,9.478035112,9.508164502,9.344536182999999,9.288853498,9.322202957,9.475755328,8.817754008,8.890313346000001,9.986468454,9.770889773,9.776831577000001,9.794902642,9.893538376,9.954674547,9.405329032000001,8.798455517,8.675097037999999,7.182343406,6.428968772999999,7.350761500000001,9.895811186,9.630710853,9.684120853,9.200869976,9.407792317,9.203911202,9.323960627,9.287135344,9.404006962999999,9.082121634,8.727664656,9.027597789,9.707489484,9.39899405,9.626092521,7.80863117,9.51855459,9.514622036,9.419034609,10.02909874,10.28305746,9.9390879,8.05580279,7.914387389
Ga0242637_111024,9.733676226,9.821728782000001,9.723788404,9.693370602,9.638358534,9.783782321,9.60177666,9.548162494,9.687588222,9.557553126,8.681321405,9.006356683,9.508169662,9.738679804,9.573909201000001,9.469144563,9.542082687,9.741895729,9.420939926,9.5694454,9.426883885,7.947573706,8.138629441,8.522314183999999,9.779709546,9.87554892,9.75235517,9.470028029,9.608515434,9.404371505,9.450518963,9.565107221,9.537182103,8.986560307000001,8.647607236,8.972221361,9.109473525,9.007871755,9.196602833,7.972736822000001,9.844406928,9.622400292,9.79670634,9.799716324,9.617549904,9.831740358,8.083385014,7.8709780060000005
Ga0242637_111025,9.281522512999999,9.35287345,9.374166994,9.294199388,9.305083952,9.361319557,9.079352169,9.011721762,9.212637987999999,10.05085145,9.799603659,9.44223314,9.413330138,9.385502417,9.219219812,9.92726867,9.823595659,9.84296712,10.1270354,10.0727786,10.17597808,8.933242401000001,8.879711612000001,9.383546639,9.503448979,9.615733608,9.51587694,8.795028726,9.017386058,8.965699098,9.599103449,9.707770238,9.365120721,9.191120422000001,9.053380999,9.090414701,9.675761252000001,9.487876561,9.336932876,9.304083435,9.393416006,9.367484215,9.453391576,9.266445627000001,9.337744835,9.184918089,9.490510116,9.489574048
Ga0242637_111026,9.39768637,9.36548139,9.394400082,9.587362353,9.464804031,9.498053588,9.232827573,9.219999318,9.373016871,9.383442492,9.087421434,9.201276777999999,9.740786314,10.02689024,9.759519284,9.728880755,9.723223796000001,9.568920281,9.352037861,9.149399796,9.233074285,8.802077452999999,8.879711612000001,8.774634662999999,9.842878462,9.800470946,9.927575385,9.322418735,9.280398827,9.329573137999999,9.065065035,9.154356128,9.332506107999999,9.235910365,9.002300201,9.071376121,9.454288565,9.528140882999999,9.493822328,9.506524404,10.14928568,9.735833628,10.31088156,9.333967817000001,9.288801929,9.506495945,9.503328016000001,9.690184674
Ga0242637_111027,12.81211661,12.90354132,12.90250031,12.80583667,12.81421891,12.7809032,12.48703925,12.47486369,12.58900375,13.28650554,12.82815925,12.61398464,12.57143085,12.68951075,12.50065377,12.15809405,12.08328906,12.08813874,11.79518999,11.83546693,11.89495764,10.71758421,10.39907214,10.83426861,12.7162136,12.53954738,12.89099028,12.34492309,12.4630064,12.31359477,12.2758318,12.22315564,12.45056434,12.61340165,12.32812055,12.18466487,11.60745801,11.51595101,11.63795396,9.828586429,12.922304800000001,12.68565927,13.00851973,12.64679808,12.749861300000001,12.72873123,10.06662758,9.767959182
Ga0242637_111028,10.38375666,10.45709632,10.43267255,10.55608516,10.695174,10.38006502,10.37381636,10.25286679,10.37762603,10.38173559,10.26634495,10.15992834,10.64773848,10.4466375,10.40022659,10.45014443,10.24680366,10.30342697,9.752409173,9.842952785,9.768165136,8.230915579,8.42557596,8.742718027999999,10.6496151,10.52237635,10.61792668,10.35531321,10.40614206,10.28177713,9.75712195,9.59786222,10.05528041,10.06738147,9.793989792,9.839398314,9.589845744,9.519289871,9.621461156,8.800706288999999,10.61357366,10.50024072,10.55849708,10.62552147,10.9072094,10.53404388,8.953990184,8.827582707000001
Ga0242637_111029,9.024070438999999,9.220335361,9.272161943,9.254001179,9.185161831,9.220833791,9.125900421,9.09675411,9.074545259,9.524032507000001,8.991303609,8.877866109,9.281447499,9.216940766,9.164366045,10.07630233,10.28200116,10.51440604,10.34181362,10.21383463,10.08696761,8.703245696,8.76838535,9.089996315,9.223368995,9.059957658,9.275669555,8.835717092000001,9.113727314,8.822655831,8.710492607,8.535820935,9.043305603,9.319923163,8.851031329,9.039075917,9.713752245,9.45576397,9.412156166,9.870808271,10.66591821,10.19689868,10.89691944,9.422530885,9.449589762,9.609336785,9.772613843,9.712485857
Ga0242637_11103,11.86877061,11.90495469,11.859134599999999,12.07436105,12.04542733,11.87617875,12.14373552,12.1667819,11.82563384,11.46276829,12.10088465,12.34114526,11.70061907,11.31148878,11.25089791,11.87179593,11.7370742,11.44584053,10.03027421,9.018338488,9.157742323999999,7.64873647,6.531855815,7.8374770279999995,9.186536076,9.194334384,9.394957264,12.75204366,12.58285689,13.153252499999999,10.65325746,10.72160155,10.63308981,11.36805008,11.78929273,11.782208099999998,12.2614493,12.6582954,12.44087251,10.58768953,11.00867614,11.31532062,10.88017944,12.28193946,12.58100844,12.23975927,10.81715272,10.65896093
Ga0242637_111030,6.968265904,6.406977727999999,6.9062359639999995,6.837221431000001,6.259857714,6.750501767,6.445695456,6.793187538,6.8684516879999995,7.181576687000001,6.442328847000001,6.841918981,6.3270281839999996,6.555209892000001,6.378077917000001,6.4284771339999995,6.471641826,6.613512954,6.764734549,6.543835915,6.478889971,5.865819405,5.318206933,5.9284816639999995,6.933291079,6.639761566000001,6.61670195,6.672029281,6.482553717,6.300595808,7.216493466,7.005294172999999,7.533385517,6.746210316,6.799894557000001,6.912208501,6.809599865,6.260050016,6.038177841,6.198476607000001,6.936430594,6.618102637000001,6.500371027999999,6.683347072,6.906989471,7.269751632,6.409009136,5.89503271
Ga0242637_111031,8.178748565,8.401744658,8.296794459,8.337580876,8.311169441,8.511458223,8.662427433,8.652788655,8.424706065,8.494567952999999,8.693196789,8.485172102,8.374571672,8.295739555,8.298241197000001,8.381403767,8.755484436,8.900609279,8.907285344,8.464662951000001,8.748377385,7.82363899,7.440261681,8.086679602,8.508537386,8.504923126,8.681673196,8.179406367,8.194957567000001,8.202285489,8.696369495,8.765636902,8.607394165,8.226562721,8.085641595,8.324600475,8.681250452999999,8.29385879,8.680541652,8.488792723,8.96242396,8.806594582999999,9.127863796,9.146372095,9.025565682,8.807486881,8.674619101000001,8.514385011
Ga0242637_111032,10.53502736,10.59530563,10.4894228,10.84133797,10.79105412,10.79778681,11.00430402,11.00156989,11.077533500000001,11.20007396,11.15626877,10.82704167,10.54523442,10.63546883,10.50911686,10.79298263,10.99517424,11.06703963,11.12344937,11.27090337,11.22245213,10.521243199999999,10.38541766,10.69667019,10.86693992,10.88687351,10.81643172,10.66610995,10.60776599,10.63566399,10.995899900000001,11.002204800000001,11.08751793,10.67892527,10.37384258,10.69482372,10.79319062,10.81884848,10.83918362,10.92900045,11.75671185,11.41406452,11.84667761,11.19381253,11.29985702,11.18546067,10.80063255,10.8874021
Ga0242637_111033,5.357810669,4.51037202,5.207248198,5.933610091,6.131483721,5.915669562000001,5.569458109,5.60965673,5.464967174,4.614551348,4.800700892,4.429408888999999,6.3270281839999996,6.036100632999999,5.928099412999999,6.796755582,6.733643871,6.86808097,7.73673601,6.458832903999999,6.788127941,6.117484336,4.240772454,5.538322247999999,4.5784510880000004,4.881573326,4.948212928,5.888440105,5.638247326,5.935518384,5.196869523,5.233337442,4.448064936000001,4.789010363,4.406945965,5.131426844,8.927452084,8.283440498,8.632244456,6.111983072,5.146328175,5.175324517,4.8271728110000005,6.661923343,6.949629269,6.538522199,6.247439525,6.027805793
Ga0242637_111034,8.835841475,8.664071134,8.814992791,9.676437507000001,9.68189003,9.518205045,9.064722113,9.077421713,9.16729231,8.617273728999999,8.616280047,8.614592399,9.471651239,8.915126759,8.950261512,8.845611848999999,8.879628996000001,8.924160895,8.846926697,8.470095789,8.505795292,8.021233793,7.242293719,7.999323485,8.534825968,8.542848877,8.74089192,8.953961123,8.812547868,8.869077517000001,8.749317172000001,8.521513909,8.715341022,8.892848869,8.957029272,8.865744824,11.42483634,11.03917712,11.1666804,8.624874015,8.180468173,8.471336566,8.492216953,9.130878454,9.345742953,9.099907107,8.808717794,8.575148247000001
Ga0242637_111035,8.255916911,8.438011833,8.219509769,9.05500434,9.023106744,8.968055797,8.475972143,8.4809826,8.477678082999999,7.773113068,7.898430052999999,7.571109665,9.186312466,8.868606174,8.743463312000001,8.543828112,8.716663052000001,8.879078973,8.759580961000001,8.464662951000001,8.495189478,7.403161433999999,7.272294658,7.596812094,8.754866703,8.634868765,8.803634402,8.156643382,8.245455352,8.39704455,7.979583912000001,8.108086477,8.196607976000001,8.005575841,7.561565312000001,7.939863817000001,10.63059,10.25448003,10.74083636,8.319391719,7.959849271,7.811619916000001,7.989918049,8.742159324,8.721884289,8.61480958,8.511617672,8.091241531
Ga0242637_111036,9.830746395,9.910439702,9.733086132999999,9.659303295,9.684745953,9.634856669,9.307735074,9.428147032,9.499151946,8.988089612000001,9.102341694,9.04305218,9.627653387999999,9.690956754,9.396279426,8.394082873,8.746617938,8.663729059,8.557833631,8.176420647,8.468328676,7.271320808,6.6735829429999995,7.433090161,9.25928485,9.214357472,9.468718209,9.063242883,9.478854644,9.095829143,9.414738867999999,9.123902567,9.498504309,8.799526827000001,8.73959616,9.249909022,9.38534208,8.804327869,9.233491641,7.57045381,9.13653688,8.971324292,9.291900932999999,9.82520952,9.965167817000001,9.89503958,7.720265484,7.454979879
Ga0242637_111037,8.217848768,8.260371837000001,8.12579552,8.191972777,8.288816801,8.291582682,8.296638644,8.151846317999999,8.397472217,9.163792738,7.965256182999999,8.080487779,8.123802748,8.190395832,8.304223997000001,7.772554242000001,7.70635786,8.202781176,8.888693132,9.033095119,9.147619908,8.317000395,7.748385282,8.291766141,8.638469868,8.77872904,8.37039378,8.765246508999999,8.609972275,8.529399302,9.796050896,10.32119682,9.500136758,8.098071742,8.41071063,8.425511762000001,8.12695937,7.600976356,7.960229784,6.198476607000001,8.210461335,7.89215112,8.310464887,8.591828912999999,8.752290044,8.669473592000001,6.065372936,5.786702919
Ga0242637_111038,10.94280804,10.99124129,11.09083257,11.092218199999998,11.08009827,10.99400869,10.90770686,10.89738621,11.10484781,12.49018309,11.48646581,11.56815775,11.07145402,11.06904335,10.836683099999998,11.3442024,11.27241455,11.54638922,12.85470606,12.64114559,12.78984037,11.01664789,9.288345555,10.97712552,11.04894875,11.161756500000001,10.90357522,10.76798179,11.03531092,10.82932286,13.6050082,13.985370699999999,12.81675103,10.900018600000001,11.73370921,11.57873393,11.85983957,10.87716463,11.9489071,8.828035495,10.11600396,10.02007367,10.15608769,11.28412411,11.29985702,11.10445862,8.908458462999999,8.558828677000001
Ga0242637_111039,10.44361777,10.39465346,10.40800602,9.875029941000001,9.793258056,9.809707023,10.28351983,10.47152421,9.731866749,10.54605253,11.62979907,11.93998748,10.18407739,10.26766351,10.25645139,11.63665879,11.52445219,11.50286782,10.52872122,9.374656927,9.358318216,7.675059347,7.440261681,8.086679602,10.61845915,10.861704099999999,10.31468263,10.38694666,10.60431556,10.243747099999998,9.615707283999999,9.618172855,9.506648143,10.66576458,10.30324766,10.11977503,11.57858164,12.08712637,11.66070364,12.52598828,10.15893006,10.83667076,8.901869148,9.322078846,9.31348093,9.423056455,12.61207029,12.50662357
Ga0242637_11104,11.40335752,11.45950279,11.55616597,12.05273188,12.02838472,11.84887681,12.26946656,12.37607084,11.89020194,11.24397203,12.26136865,12.45628098,11.43479979,10.8129229,10.84286085,11.47302245,11.25010859,11.04787176,10.02176784,9.094179401,9.060384547,7.338747958,6.402054491,7.498278656,8.82044784,8.788475992,9.179812373999999,12.46510688,12.33208136,13.07836736,10.59355052,10.44385081,10.68137231,11.34739568,11.76869905,11.86630362,11.7948662,12.0070847,11.98870983,10.2244609,11.42305868,11.94478565,11.48363646,12.40558814,12.70587652,12.47984749,10.35949703,10.10601068
Ga0242637_111040,7.665891293,7.702738822000001,7.517587563999999,7.524152109,7.947279042000001,7.584904032000001,10.05465517,10.13439216,8.652408636,8.245844668,10.72445268,10.83269564,7.441665532999999,7.094100478,7.301910534,10.96959197,11.14775803,11.11949518,9.818727897999999,8.149583991,8.378849954,4.927376411,5.581806815,6.038029805,6.862352284,7.000280496,6.780304579,6.592764596,6.609303126,6.491015537999999,6.9756598489999995,6.818830758,6.9519608260000005,8.882050522,7.988982455,7.448438772,11.23324509,11.89523062,11.52470568,12.54361066,10.84147592,11.15976562,9.159425093,7.429860202,7.501364735,7.151779102999999,12.5873026,12.62727931
Ga0242637_111041,10.44453367,10.6079612,10.48863881,10.98726015,11.00952833,10.84698412,13.24108487,13.09897917,11.9439596,11.37946932,14.339552900000001,13.94484359,10.40086103,10.15803625,10.18530455,14.68111625,14.85245047,15.06188939,14.4735865,13.84499885,13.80157456,11.91081539,12.45210344,12.70850709,9.772823745,9.709775595,10.07897716,9.630598407,9.496830999,9.239683959,10.3536931,10.49233658,10.10547473,11.97926677,10.77694009,10.65488338,14.73067905,15.36240878,15.25112564,16.22623081,14.56381667,14.65448973,13.03923963,10.62897213,10.19504378,10.08496542,16.16375687,16.20567119
Ga0242637_111042,7.751296958999999,7.953018816,7.334167221,7.999195307999999,8.109123324,8.106206415,10.5469571,10.28776963,9.039741382999999,8.470131513,11.19784379,10.70816527,7.441665532999999,7.346399152999999,7.7241107410000005,11.30278119,11.7980598,12.16378504,11.6701365,11.34447229,11.24636343,9.835538303,10.28970654,10.36577646,6.820189791000001,6.5508232379999995,6.979936432000001,7.203418015,7.123277882999999,7.128881181000001,7.308540957999999,7.589362186000001,7.385728137999999,8.654777231,8.248990712000001,7.671387771,11.47362718,12.28350919,12.08716534,13.66242685,11.84956489,11.63954421,10.30931924,7.436179311,7.145730761,6.93673013,13.54557696,13.701819500000001
Ga0242637_111043,8.16547601,8.686855158,8.321662388,8.334499819,8.281288273,8.508583005,8.448058991,8.396135751000001,8.235540316,7.69089589,8.177412556,7.571109665,8.58191533,8.787574227,8.582948462000001,8.425301438,8.522562105,8.393716773,7.78580036,6.841079783,6.716821295,5.954705207000001,5.804244499,5.587314472,6.991433421,6.877706826,7.467333769,7.590780566,7.8803516810000005,7.900894605,7.2085507479999995,7.015545812999999,7.546088244,8.083061865,7.397993598999999,6.995423506,8.200165012000001,8.140674108999999,8.540358393,8.442387985,9.945942136000001,9.534826512999999,9.760576393,7.358457914,6.7469474510000005,7.297795337,8.454677601,8.241959905
Ga0242637_111044,11.85574758,11.7531155,11.99092772,12.04167641,12.09350025,11.90761878,11.630369400000001,11.69938111,11.53790146,11.41098619,12.51657147,11.82069062,11.88042295,11.61082964,11.47326931,12.22481512,11.95510676,11.87538454,11.24682394,10.91832344,10.97494126,8.831623459,8.063438198,9.227026622,10.09113273,9.84551814,10.30645325,10.388900900000001,10.76992754,10.57394709,10.46200185,10.37390738,10.67271301,11.49217518,11.08757757,10.80505269,11.82844025,11.80979781,11.44656634,11.28424261,13.11372977,12.67175646,13.0349922,10.15984756,10.54686569,10.30117518,11.44683062,11.38066533
Ga0242637_111045,9.56031013,9.838782927,9.437288557999999,9.463102095,9.468123195,9.340452619,9.745150184,9.555167344,9.537078396,8.700655948,8.574087707999999,8.908785111,9.289099332000001,9.632349016000001,9.533739224,9.155873367,9.309022331,9.370629391,8.95095269,8.044249885,8.264839517,7.4946867720000006,7.287064152,7.485474644,9.305822674,9.389478602999999,9.331485472,9.386420037,9.446846733,9.302344028,9.263939985,9.261539232,9.374050995,8.52474156,8.50460134,8.750778237999999,8.894750252,9.075851164,9.28125373,9.970232138,9.340154189,8.929965741,9.430578085,9.395231812,8.938337436,9.240134997,9.795721862,9.945818654
Ga0242637_111046,9.684903797,9.716171105,9.605829068,9.710107248,9.626524817,9.681553393,9.991278903,10.00633323,9.75657167,9.103792866000001,9.359935189,9.384011794,9.678061892,9.689966186,9.744198707999999,9.337499300000001,9.296926894,9.192020236,8.635717239,8.06594115,8.32596652,7.182343406,6.939819689,7.138128712,9.292403525,9.305422501,9.091569536,9.233862519,9.410955873999999,9.329573137999999,9.125340618,9.220059724,9.366911202999999,9.008570581,8.859257041000001,8.893109774,8.927452084,9.359867066,9.148051385,9.021949544,10.20434628,10.16646622,10.50899473,9.632383538,9.238140065,9.479215511,9.092763158,8.881068398
Ga0242637_111047,9.565371328,9.69884028,9.466250876,9.812191183,9.762499236,9.864703104,9.815652831,9.6511314,9.663296432000001,9.062360117999999,9.377213795,9.286146724,9.395718358,9.564789283,9.428130074,9.249542817,9.464902195,9.526467293,8.763668091,7.914760661,7.960048835,6.331543479,6.134042288,6.945825704,9.176135574,8.889295809,9.381309466,9.157966162000001,9.136839838,9.030955468,8.65607292,8.622161501,8.712527286,9.000605646,8.535728504,8.400302417999999,8.8836828,9.069801903,9.306479435,9.38604857,9.238300446,9.213051557,9.666082774,9.294530402000001,8.82275093,9.303721057999999,9.191108152,9.169602099999999
Ga0242637_111048,10.41866609,10.36435261,10.38375399,10.38498821,10.36121672,10.373759300000001,10.38857599,10.33655861,10.25836019,10.04967406,9.788576456,10.07524581,9.972280089,10.04016588,10.06186149,10.22916948,10.37026503,10.40818418,9.939256478999999,9.727489616,9.828547947,8.317000395,8.170829459,8.613378355,10.38102228,10.62044569,10.24211123,10.42648899,10.39739647,10.12324455,9.778729768,9.77111783,9.749712579,9.982986824,9.633809831,9.658809695,9.954893197,9.946485389,9.992930542,9.918201196,10.28053878,10.15182367,10.26164512,9.990990314,9.995986662,9.958972988,9.962801682,10.04678461
Ga0242637_111049,8.260085344,8.118596466,8.021234957,8.228946517,8.300036421,8.440819977,8.155326616,8.166559705,7.77331455,7.558050286,7.285500167,7.54772042,8.07151192,8.079776177000001,7.984732779,8.394082873,8.392183652,8.51345535,8.356064327,7.798635997000001,8.071343266,6.94329072,6.4553886270000005,7.053884947999999,7.793557665,7.574208512999999,7.76637347,7.314565374,7.637244897,7.429304425,7.509371657000001,7.64982022,7.539750871,7.796030322999999,7.375221716,7.41860837,8.47549197,8.789680158,8.449205322000001,8.430549724,8.180468173,8.175660508,8.159078377,8.10910324,7.877505654,8.03663307,8.428033545,8.569728879
Ga0242637_11105,15.06865341,15.01071627,15.16957395,15.67483464,15.79639303,15.56867782,15.99781186,16.06078681,15.64197157,14.86576326,16.00330835,16.16596779,14.76395745,14.10363595,14.06661813,14.70786084,14.44847122,14.19673572,13.36492439,12.85451884,12.92808072,11.20677072,10.90533186,11.34445008,11.99904531,11.67001837,12.43008546,15.894464600000001,15.69829611,16.42550803,13.85733557,13.78267886,13.97675346,14.82579869,15.17810971,14.97292614,14.94197604,15.32003586,15.09434349,12.95626101,15.09077488,15.45861756,14.91146768,15.6305397,16.07250477,15.73673558,13.25632136,13.06610463
Ga0242637_111050,7.929378321000001,7.550907812,7.950105098,8.136442116,8.117603549,8.059818358,8.123912621,8.177497075,8.140179027,7.6848398829999995,7.386511342,7.624252734,8.319588506,7.807523587,8.099275647999999,8.116543236,8.080278755,7.765128441,7.694533897,7.209359308,7.308046836,5.910951122999999,5.482136618999999,6.038029805,8.178323812,8.391180008,7.641052142,7.604304328,7.819741592000001,7.230214011,7.960799527000001,7.805564697,7.795185332000001,7.845792032,7.601350506,7.911592422000001,8.200165012000001,8.186126118999999,8.022456733,8.660783981,8.799328578999999,8.657925038,8.588112741,8.089196675,8.407228607999999,8.148628823,8.604966055,8.743441359
Ga0242637_111051,10.29513932,10.33500516,10.43022479,10.08207196,10.11880078,10.12711439,10.10467695,10.09935975,10.13894791,10.32252353,10.53840494,10.42239463,10.05651097,10.03080754,10.02067363,9.89641254,9.798077438,9.71649333,9.744159364,9.734277933,9.745972343,8.406112933,8.130465843,8.625097189,10.24931183,10.34550908,10.27516812,10.10133917,10.41640986,10.25580777,10.62743918,10.83150778,10.31288668,9.892270925,9.638596532000001,9.777115592000001,10.05694249,10.24108448,10.21617191,10.01054665,9.827573759,9.916084567,9.857835008,10.12214576,10.06058457,10.17839191,10.01922267,10.07574611
Ga0242637_111052,9.435032656,9.565867091,9.57218004,9.135094835,9.246368657,9.107594618,9.164147209,9.230539292000001,9.181046301,9.62708855,9.554757322999999,9.532349152,9.283364265,9.31143221,9.367999825,9.059681243,8.827326267,8.774123448,8.653447441,8.409178544,8.440958166,7.145155066,6.6735829429999995,7.596812094,9.55573318,9.64821307,9.607482947000001,9.571598541,9.691507289,9.441325341,9.703055906,9.931201018,9.341639932,9.008570581,8.789232066,8.854651818999999,9.165378165,9.329809279,9.335048254,8.940821019,8.749130111,8.879507765,8.82522707,9.298002865,9.158646609,9.210949198,9.146046727,9.20498781
Ga0242637_111053,8.65457081,8.635726237,8.916422017999999,8.863103234,9.087109586,8.912584614,9.101022761,9.143981138,9.205926338,8.93040438,9.194342225,9.003494908,9.494996945,9.34705869,9.294776031,10.03844482,9.878736872000001,9.638910837000001,10.13966975,10.58319322,10.41696251,9.483896582,9.626866866,9.776654547,8.970028015,9.253588703,8.995016978999999,8.932683553,8.710968012,8.891739915,8.960223873,8.738060796000001,8.88737676,8.592549592000001,8.562844226000001,8.63668332,9.304660042,9.273022078,9.237532771,9.85981651,10.23931353,10.11539236,10.37800063,9.178753741,9.126509552,9.183040626,9.896330423,10.09662103
Ga0242637_111054,10.49137657,10.40766493,10.44727253,10.63770845,10.62330872,10.69405371,10.93561339,10.94882347,10.96411744,11.04505157,11.08219297,10.59770726,10.55240529,10.57236613,10.54933851,10.49054999,10.5251817,10.56696705,10.654000300000002,10.5856977,10.62582833,9.47643427,9.045167807,9.543380896,10.76097471,10.82132779,10.80113793,10.15514819,10.26904221,9.838337739,10.97089302,11.00991148,10.9646147,10.58017222,10.12825189,10.63178593,10.40536171,10.61793696,10.26845542,10.54166111,12.05152564,11.70508679,11.82114194,11.00701176,10.80649317,10.89563788,10.53578663,10.65512819
Ga0242637_111055,7.640530806,7.821909027999999,7.846194201,7.358048148,7.459403752,7.4713295529999995,7.0544158370000005,7.196135551,6.6080663820000005,7.940028682,7.09564781,6.999704174,7.681544935,7.728667064,7.819106962,6.99301164,6.995728027999999,6.934578079,6.3295493679999995,5.998300844,6.055767905,6.263673055,5.922806584,5.9284816639999995,7.58290116,7.656365579,7.53230968,7.432991311,7.664015468,7.349663901,6.554572136,6.887431198,6.923023043,7.261744339,6.6686247110000005,6.816279252999999,6.985673822000001,7.324289086,7.130314062999999,7.1470552089999995,7.213317131,7.176809015,7.458061492000001,7.436179311,7.501364735,7.385343051,6.871740189,7.293347061
Ga0242637_111056,7.6721623260000005,7.244470949,7.305949855,7.211186481,6.914443133,7.1107024789999995,6.812983992,6.653810328,6.737941312,6.917944803999999,6.197054432000001,6.762823569,7.37848768,7.331224992999999,7.348989828,6.656325108,6.94492105,6.625069077999999,5.863888597000001,5.409719957,5.361928221,4.105023658,3.963144162,4.113428357,6.851926815,7.04977908,6.905553767000001,6.672029281,6.933804968,6.73638347,6.308994211,6.38477716,6.3283223070000005,6.250145991,6.035317279,5.981569492999999,7.026523678999999,7.007125982000001,6.894577552,7.041991197000001,7.089610639,6.9990463389999995,7.01196139,7.135823863,7.051013781,6.954461195,6.63109689,6.85010341
Ga0242637_111057,7.995878227,8.126026176,7.972712339,7.999195307999999,8.03942433,8.011888539,7.827195627999999,7.704650114,7.826799519,7.654172335,7.210329213,7.499771866000001,7.912146467,8.064568328,7.880465652000001,7.692686315,7.592186625,7.445142849,7.379925248999999,6.857768197,7.113649792,5.865819405,4.994320674,5.48758844,7.883260531,8.192597637,7.742165435,7.805029891,7.609967865,7.617866652999999,7.615280431,7.603018087000001,7.643871555,7.395372272,7.170010198,7.561946242,7.249930782000001,7.496584004,7.530314389,8.059853983,8.643167581,8.639382741,8.582949196,7.919203832000001,7.557557126,7.990139891,7.772039137,8.005523692999999
Ga0242637_111058,8.288931855,8.290438057000001,8.165585677000001,8.300166562000001,8.146897722,8.369715925,8.017767429,7.970883721,7.779356235,7.755885452,7.72415424,7.779560499,8.202904281,8.371841316,8.255651983,7.333140629,7.482506797999999,7.40551876,6.812904582000001,7.183123469,7.02790072,6.228496762000001,6.627873937,6.656842683,8.358390376000001,8.607598609,8.023997613999999,8.100500133999999,8.002838957,7.966422439,7.768969326000001,7.81145778,7.678895669,7.906738615,7.561565312000001,7.506309309,7.443309957,7.403416726000001,7.727143962,7.633786882999999,8.062088204,8.136526856,7.926098597999999,7.787036092999999,7.726387292,8.011459133999999,7.591700293,7.30644456
Ga0242637_111059,9.789530092,9.88985946,9.875435658999999,9.511644731,9.410631761,9.477616653,9.317023737000001,9.343284011,9.303462762999999,9.206681595,8.874481374,8.9774802,9.473331376,9.740594547,9.621400686,9.051701478,9.268303465,9.128559152000001,9.352037861,9.330541,9.40721996,8.753507822000001,9.197496974,8.998359994,9.706438255,9.619833756,9.634032064,9.522597328,9.902878511,9.543251501,9.369173705,9.554607097,9.345277331,9.000605646,8.820462614,9.087259002,8.938190002999999,8.962882346,9.093356066,9.596677639,9.060363027000001,8.937574212000001,8.807628012999999,9.504467967,9.321614327999999,9.346284893,9.397446801000001,9.565047215
Ga0242637_11106,4.06343774,4.076708291,4.398382944,4.55814469,5.021587205,4.4273871830000004,4.745949426,4.091802658,4.7309567139999995,6.088835829,5.787107708,5.171089211,4.7121471669999995,3.666205171,3.787498028,5.041600655,5.117168106,5.2157469,6.748312993,7.101422267,6.936723275,6.733737546,5.996728318,6.745491948,5.717420712000001,6.048000407000001,5.289095496,5.748802145,4.955471727,5.913470117999999,5.590347098,5.899744585,5.065064829,5.596433381000001,6.0924001,5.940066684,5.152609088,4.464627463,5.170885915,5.12479833,5.575530368,5.4570823410000004,5.447991032000001,4.936962314,5.211812222,4.744292858000001,5.363917751000001,5.190157933
Ga0242637_111060,9.624759932,9.887675941,9.638711101,9.578274945,9.356138211000001,9.477616653,9.383372362000001,9.221761337,9.344781887,8.896749455,8.556859042000001,8.868459686,9.236643974,9.745370314,9.596022773,9.002873098,8.849580032999999,8.958782687000001,8.819704294,8.420447483,8.607773209,7.700910285,7.5906842999999995,8.200718313,9.641393482,9.531184089,9.717090067,9.607287205,9.87908953,9.888495127,9.150421475,9.224482579,9.111106898,8.654777231,8.545956727,8.736748491,8.815433355,9.001529964,9.088889525,9.747418899,8.77945832,8.863620344,9.162889657000001,9.304922815,9.05024842,9.372881126000001,9.60909966,9.765591139
Ga0242637_111061,8.525471187,8.596153976,8.776967345,8.400807781000001,8.303756984,8.397958137,8.040378666,8.173860493,7.955099199,8.375560855,7.98471476,8.356505962,8.784978093,8.719302979,8.857701339,8.425301438,8.310305826,8.292384695,8.115022662000001,7.333819682000001,7.632377921000001,6.331543479,6.134042288,6.888596116,8.809722613,8.795743228,8.794836547000001,8.68798439,9.006970305,8.960348800000002,8.007309557000001,8.266615732,8.052726379,8.209386722,8.17622753,8.079826453999999,8.49016093,8.441725063,8.476819267,8.91131264,7.394123495,7.726323999,7.958361318,8.501339388,8.764275134,8.336030796000001,8.857454597,8.911376431
Ga0242637_111062,9.353507791,9.431423467,9.290271571,8.772667638,8.709219172000001,8.801864331,8.516854484,8.399253521,8.324985783999999,8.258131095,8.275466156,8.481063107999999,9.234664071000001,9.479076574,9.524800926000001,8.53812748,8.244646037999999,8.090682693,7.347604102999999,6.5019621260000005,6.478889971,5.442018557999999,4.840645444,5.434983135,9.503448979,9.48697545,9.286170091,9.536768332000001,9.600224676,9.429757648999999,8.337242833,8.424890362000001,8.278800068999999,8.353946543,8.357502965,8.13893942,8.31996229,8.642564862,8.56629642,8.936642313,7.645392652999999,7.635663566,7.618106103,8.83113378,8.709540235,8.906386337999999,8.679145201,9.114840843
Ga0242637_111063,9.118919382,9.082036559,9.045709426,8.616553527,8.604521087,8.597861005,8.433897205,8.433111448,8.381675996,8.856915362999999,8.636922267000001,8.72294983,8.926619276,8.989474937,9.006381037999999,8.342683691,8.380767556,8.306792003,8.361468268,8.785441021,8.646627833,7.738837951,7.871058856,7.953577573,9.058755751,9.145872133,8.872149847000001,9.048482271000001,9.202210469,9.007801782,8.41864395,8.507063556,8.374472239,8.482471978,8.487013747999999,8.390094008,8.575173557000001,8.487826936,8.403173632,8.619670257000001,8.045543809,8.129900089,8.172891735,8.737051641,8.715725466,8.7350134,8.697108911,8.596624378
Ga0242637_111064,9.543310068,9.472796917,9.353646091,9.237602927000001,9.152525053,9.219076128,9.09383534,9.077421713,9.044765071,8.790800466,8.582625484,8.945033845,9.315565579,9.306270123,9.383622162,8.53812748,8.781761555,8.666524604,8.07610913,7.681732133,7.847803849,6.602629057000001,6.067026782999999,6.6103830089999995,9.481655136,9.325645546,9.323351484,9.285129676,9.41568824,9.171865407,8.485875777,8.542921583,8.715341022,8.790315878,8.774809722,8.574936837000001,8.780058266000001,8.609584626,8.588615787,8.850420866,8.275748923,8.322369592000001,8.395392085,9.011164342999999,9.126509552,9.250929217000001,8.825147031,8.719170617
Ga0242637_111065,9.363227581,9.447819118,9.387687199999998,9.013227467,9.102142251,8.978483059,8.949994885,8.770624838,8.83748609,8.565487451000001,8.311867604,8.862154488,9.258245424,9.396474269,9.377960867,8.710222017000001,8.491055573999999,8.449968515,7.642204809,6.321095654,6.716821295,5.5023955010000005,5.1328806060000005,5.9284816639999995,9.31722628,9.1869838,9.42187152,9.51903272,9.605757139,9.404371505,8.518351943999999,8.409433486000001,8.58910215,8.647144007,8.628483958,8.467381702,8.561348185,8.854454349,8.604349369,8.850420866,8.203021315,8.339701844,8.668310487000001,9.328884537,9.377299237,9.341243047,8.719253463,8.867881741
Ga0242637_111066,11.3013863,11.44026393,11.07316048,11.35951469,11.29110876,11.50708929,11.81160064,11.81711052,11.68712296,11.20325422,11.94574171,11.70215052,10.84296653,11.26135677,11.26821564,10.67587002,10.96682576,11.2777769,10.99201701,10.65887922,10.80717299,9.898315422000001,9.76509354,10.20915724,11.3099765,11.37244314,11.40489263,11.84350077,11.65419003,11.73639211,11.77405562,12.02380259,11.74392363,10.75427993,11.10093481,11.00097174,10.59710478,10.78601729,11.00836697,11.11521919,11.34663193,11.02431485,11.15614584,11.84080129,11.63779768,11.72389274,10.87943911,11.02344502
Ga0242637_111067,5.588691932000001,5.653325594,5.51076505,4.641876781000001,5.127172537,5.237648343,4.7827385,5.323067096,5.126023564,6.568905718,5.597064109,6.207466191,5.478782677000001,5.6510635570000005,5.848192787,5.041600655,5.189379758,5.086891291000001,5.8329961379999995,6.141708631,5.6193236120000005,6.96479845,6.6735829429999995,6.352505232,4.857950788999999,5.238446731,5.745996002,5.222770135,5.350798311,5.672033075,6.674826565,6.70938396,6.017063725,6.657719146,5.9348228039999995,6.453754603999999,4.615431697,5.489425957000001,4.535009727,5.62059316,5.528438668,5.2263368560000005,5.025201303999999,5.28672757,5.7852377310000005,5.287173358,5.534437141000001,5.5856647520000005
Ga0242637_111068,3.893771605,3.425456982,3.5957216260000004,3.497605637,3.9047313960000003,3.632791763,3.155796047,3.54034049,3.618475267,4.1921740110000005,3.516347495,4.024865287,4.0761650860000005,3.666205171,3.7126032810000003,4.163986673999999,3.979426665,4.459643842,4.476506155,5.315634683,4.987490939,5.0133739969999995,3.963144162,4.845648752,3.425532893,3.741635782,4.163851932,4.1660224,3.5583942139999998,4.1851910939999994,3.907346379,4.3849201980000005,4.448064936000001,4.4976423510000005,4.467038435,4.315702191000001,5.152609088,5.162995195,4.480248635,5.741003194,4.425862026,4.149880037,4.213173858999999,3.917653608,4.489924871,3.991945537,5.062331788,4.871888998999999
Ga0242637_111069,9.456984996000001,10.00815003,9.546794654,11.24769016,11.50938972,11.41221058,11.7758395,11.83621429,11.81611687,8.718548535,10.45135318,10.77009092,7.628232422999999,7.892662004,7.900351787999999,8.161733969,8.135666156000001,8.494700965,9.919244226,9.976819795,9.932429499,10.11804555,9.129498714,9.902351662000001,8.582861827999999,8.793324882,10.77155061,10.40250702,8.812547868,9.83687873,11.54657329,11.87982724,11.34853412,9.438162539,9.541412989,10.21247994,7.968359313,8.29385879,7.969979668,10.07088936,7.7512182,7.568629215,7.859323609,7.74693687,7.676512824,7.545940106000001,10.42697768,10.38895427
Ga0242637_11107,5.156181191,4.55605399,4.97368299,5.029684248,5.021587205,4.890225764,5.105703657,5.1842268439999994,4.780754992,6.515252153,5.92822546,6.08256884,4.342851821,4.469935846,4.542587383,4.389752078,4.918637849,5.333866685,5.595786167000001,5.76988924,6.026528808999999,6.038401672000001,5.532841605,5.9284816639999995,6.099521879,6.584822459,6.148225393,6.606282247,5.877443975,6.460978752000001,6.030800039,6.027086881000001,5.544619892,6.450863924,6.551537317999999,6.697016617,4.995296209,5.162995195,5.301167458,4.714516113,5.575530368,6.151927777999999,5.536607461,5.199576963,4.603319646,4.470605637,4.8834059430000005,4.459495233999999
Ga0242637_111070,13.5311815,13.83787549,13.74706269,15.66683867,16.03563431,15.78826595,15.9653367,16.07772888,16.06963445,12.61959906,15.9398587,15.5102407,12.00818899,11.99719253,12.04138818,11.26445723,11.15559364,11.20801883,12.67759482,13.11204336,13.00251115,12.81767169,12.05661923,12.60801846,12.29560905,12.37989148,14.54271855,14.41309612,13.02536989,13.55661736,15.42027045,15.53516564,15.37244869,13.69250457,13.66350907,14.03975646,10.92318351,11.2125369,11.12092866,13.41833258,9.666523948,10.02365243,9.10643267,11.33909103,11.69761037,11.31540124,13.62498687,13.78542726
Ga0242637_111072,11.40100031,11.47921373,11.67119141,12.8070874,12.71713037,12.69626115,12.52594214,12.51547325,12.54625023,10.15525673,11.21510523,10.08339934,11.72796985,11.4811287,11.31377568,13.35582426,13.37664426,13.60276032,13.83826571,13.61791878,13.69324243,12.82980087,12.72673922,13.42064828,10.92088215,10.93044056,11.31699301,12.22779828,11.8305116,12.36814608,11.76224076,11.71909112,11.24524895,10.54706077,10.29316379,12.05438504,13.861038,13.94254444,13.84653588,15.44140243,12.63951229,11.38722949,12.16224348,12.16510953,12.45033961,12.16349886,15.413294,15.63782648
Ga0242637_111073,10.65145226,10.84585867,10.70049746,11.09586156,11.06538143,11.10618759,10.86718118,10.82967633,10.8482199,9.847715331,10.16766001,10.05879918,10.56585379,10.57451463,10.38548981,10.94503234,10.99267681,11.27503207,11.73453842,11.60119618,11.66118348,11.50879324,11.36619734,12.02144111,10.26608068,10.38619441,10.65485795,10.89922788,10.76869504,10.92099475,10.97849906,11.13734061,10.52739196,10.24643231,10.06209354,11.00974857,11.62915643,11.84387158,11.57866281,12.79221873,9.698618241,9.262353797000001,9.383839407,10.27620838,10.36797381,10.21743744,12.87528754,12.84786562
Ga0242637_111074,9.982236801,10.10342843,10.04926417,9.891893712,9.972222498999999,9.640120466,9.809084795,9.778699721,9.677920535,7.672651022999999,8.704975207,8.743677723,10.01212349,10.05332048,10.19338525,9.38907624,9.326977437,9.282265879,9.024327399,8.984573579,9.099419494,8.722299813,8.964810558,8.846470267,7.686219942999999,7.687960958,8.229501098,9.778058866,9.941675326,10.06336919,8.638452291,8.68769592,8.917009971,8.174408642000001,8.380546996,7.936360054,9.596639367,9.786020506,9.920628986,8.306494966,9.190198302999999,9.139090644,9.67823854,8.276883089,7.920987995,8.27034559,8.213898341,8.164978834
Ga0242637_111075,8.61606414,8.696867014,8.608207986,8.742767255,8.539743188,8.589722027999999,8.37285098,8.527315917000001,8.208931476,6.799558632999999,7.210329213,7.182973767000001,8.182505037,8.625012551000001,8.537962118,7.8389846279999995,7.867731953,8.044144527,7.512169382000001,7.574825945,7.64202684,7.0068739110000005,7.13208112,6.982753397000001,5.546235165,5.720377391,6.4014584789999995,8.011961757,8.311277217,8.323933735,6.7202494999999995,6.84206254,7.213257329,6.697721515,6.7297801260000005,6.2539930660000005,8.12695937,8.789680158,8.588615787,6.566714891,8.020365826,7.369204306,8.065915025,6.502302327000001,6.082718732000001,6.891423412000001,6.222800831,5.995746939
Ga0242637_111076,12.20261218,12.20109678,12.2977347,12.14089968,12.039304,11.87924248,11.62601639,11.67386474,11.83254907,10.35719993,10.85703844,10.82865936,11.71524699,11.93124071,11.66995808,11.31616581,11.10850541,10.89238809,10.800431399999999,10.92624986,10.96344636,9.985011427,10.12897512,10.34112179,10.10326004,10.23847375,10.03358183,11.14102911,11.42578413,11.586011300000001,10.5192816,10.42572035,11.00656516,10.35349408,10.29619636,9.946891264,11.7268281,11.69854926,11.45613493,9.451942142,11.6983859,11.32912458,11.65702515,9.950745266,9.928360117,10.25008402,9.671757519,9.451776912
Ga0242637_111077,11.70682725,11.69248998,11.72643625,12.075975999999999,12.12774527,12.40036556,11.98550699,12.00890603,12.0941668,10.82047555,8.871000524,9.203772222000001,12.345380300000002,12.10274895,12.04384826,12.15576946,12.12863699,12.08370139,12.29543906,12.46564509,12.48476908,11.75609357,11.52796304,11.88312008,12.07406168,11.89221665,12.33164001,11.5571561,11.38775483,11.49874759,11.54814686,11.25820169,11.94248588,11.91424477,11.44719982,11.94380458,13.15163674,12.55598588,12.880935000000001,11.39802543,12.94198924,12.72904962,12.84507709,12.93288161,13.10531694,12.98200055,11.36983365,11.30685805
Ga0242637_111078,8.909335136000001,9.204633267,8.907063587,8.821897771,8.739751447,8.890668388,8.522218953,8.621094165,8.557178237999999,7.4117101,6.746118336,7.731934684,9.099767034,9.438366549,9.428130074,7.971798323,7.545224902,7.418848173,6.476448887999999,5.581083416,5.4081854620000005,5.0133739969999995,5.674972682000001,5.323559412,9.038229155,8.953517848999999,9.055194654,8.872498348999999,9.09614662,9.018138215,8.568839271,8.447769477000001,8.510285521,8.067894132000001,7.78530693,8.201574055,7.473160292999999,7.617663192,7.837780327999999,8.522642102999999,8.05383973,8.182080783,7.859323609,8.679640061,8.166551345,8.60642833,8.322044822,8.268964706
Ga0242637_111079,10.29818263,10.37686081,10.34008921,10.05705863,10.05180357,10.04813928,9.538332432,9.70124838,9.733423262999999,9.071670782,8.367276083,9.017747348,10.58850991,10.56428062,10.44626223,9.683125493,9.358356055,9.26576926,8.450366718,7.235126064,7.424455125,6.488400766,6.289057454,6.7238361179999995,9.874098661,9.528278623,9.938267207,9.718696637999999,10.15008072,9.901115744,9.910580518,9.851950168,9.920358726,9.508654175,9.480507797000001,9.618937795,9.262561267,9.257138675,9.115483661,9.638440166,9.319662874,9.403640766,8.97069572,9.872555966,10.26630048,10.13535042,9.639608122,9.69517037
Ga0242637_11108,6.806558551,6.71385075,6.592340957999999,6.505497762,5.990495546,6.3739876010000005,7.15458496,7.210411857,7.108226696,9.183250668,9.465256687,8.360984978,6.68161555,6.201302416,6.247318942000001,7.447071651,7.644048487999999,7.875575335,8.278203034,8.486272597000001,8.446473975,7.338747958,6.994849777000001,7.677829287000001,7.444117518,7.407070677,7.459930078999999,7.322770425,7.052073717000001,7.590414352000001,8.142638042,8.496129989,7.684651193,8.507982072999999,8.803511641,8.321917854,7.790137228,7.441409181,7.594757935,7.231388892999999,7.470491879,7.335032292999999,7.278004095,7.410734955,7.051013781,6.7764928520000005,7.340513119,6.832094877
Ga0242637_111080,8.078455307999999,8.057739341,8.003778674,7.6972720589999994,7.786383841,7.735159291,7.181970744,7.4815538120000005,7.402544516,6.928239866,6.862967371,6.916895597000001,7.917093979,7.875334587,7.9199674270000004,7.422520414,7.2761039929999995,7.149767216,6.904664781,6.086052777000001,6.602767117999999,5.243817781000001,5.429562132999999,5.538322247999999,7.118615257,7.302073823,7.200376567999999,7.158277805,7.409391277999999,7.274019817999999,7.449985000000001,7.547600844,7.4880233160000005,6.983093519,7.420411337999999,7.105645374,7.179241362999999,6.902018501000001,6.649465658,7.336666713,7.183371762,7.380417295,6.8144842489999995,7.6027257310000005,7.381948963999999,7.58059153,7.418403562000001,7.478313195
Ga0242637_111081,8.695158106000001,8.502222104,8.613971539,8.500391619,8.314861433999999,8.391729705,8.013964182,8.106783539,8.043093502,7.898768433,7.791999483,7.812640937,8.481965894,8.519671245,8.64318964,7.447071651,7.712443228,7.634132576,7.973967952000001,7.882525284,7.967741707,7.387325894,7.257372247999999,7.548386974,8.354705671,8.718822407000001,8.338459311,8.393121005,8.553833183,8.315576746,8.449286636,8.443981404,8.180407018,8.263645007000001,8.273819861,8.400302417999999,9.461749778,10.85798664,7.434961753,7.880016897000001,7.656331627,7.803313813,7.41220212,7.981006448,8.452377154,7.685129923,7.962333384,7.844290987999999
Ga0242637_111082,9.8924588,9.944451017999999,9.723788404,9.769485253,9.679028442,9.561849039,9.540977352,9.386339446000001,9.437462538,8.875641571000001,8.747358123,8.858991524,9.771154618999999,9.920273186000001,9.994089712000001,9.181696311,9.364164312,9.066416928999999,8.873644882,8.420447483,8.592928593,7.96900613,8.063438198,8.445082934,9.447469746,9.545624287,9.375420652,9.61898989,9.784691402,9.573352536,9.307330685,9.369317316,9.253409282,8.858005737000001,8.941617649,8.803649793,9.227974701,9.224837402999999,9.217212957000001,9.446074649,9.096947176,9.050645571,8.893551696,9.134767493,8.703328368,8.860135911,9.126295303,9.428015129
Ga0242637_111083,8.508051934,8.574596319,8.543240771,8.458551769,8.448583088,8.534255949,8.486987895,8.209820171,8.353609385,7.027335533,7.119325861,7.213027705,8.774113405,8.485823169,8.638461852,7.359248192000001,7.316623842,7.357870575,6.165911317999999,5.409719957,5.837348212,5.0133739969999995,4.7570015539999995,4.924648265,8.038324969,7.836318997,8.162681136,8.300637708,8.550968047000001,8.311380024,7.95606495,7.874740337,8.066015256,7.320536562999999,7.196234926,7.3305740870000005,7.3816884279999995,7.698317935,7.4628549379999995,7.5377125110000005,7.830619859,7.743791592999999,7.587486987999999,8.085182177,8.166551345,7.767640359,7.196336807000001,7.610898412
Ga0242637_111084,9.349601464,9.522898995,9.315249094,8.875874695,8.788360051,8.976403627,8.676929909,8.753673246,8.710466898,8.83521202,8.636922267000001,8.82697449,8.993715624,9.246887004,8.967327787,8.491692741,8.580259717999999,8.41382177,8.00192066,7.832779523999999,7.622663995,7.403161433999999,6.650909872000001,7.446365815,8.620171015,8.371859617,8.934891142,8.78912127,9.155821376,8.981631952,8.445913863,8.45907437,8.567464096,8.694819295,8.219472602,8.464952122,7.9472493879999995,8.117399427999999,8.381422418,8.09777743,7.482835688,7.663465197000001,7.458061492000001,8.617070851,8.53164877,8.639665047000001,8.496310136,8.083656139
Ga0242637_111085,10.80696762,10.78966777,10.73792554,10.58164544,10.40516905,10.36583818,10.2056461,10.22765942,10.21779186,10.14647204,10.37722962,10.57764503,10.19328159,10.37633472,10.24716543,10.58341881,10.73546561,10.62847285,10.54899056,10.68947362,10.64514349,9.704339811,8.747187688,9.609759834,10.27585443,10.23313078,10.14853324,10.32399232,10.48180248,10.46482923,10.04370665,9.990830521,10.08386536,10.14078338,10.04296411,10.03551208,9.589845744,9.694631592,9.715728061,10.02242455,9.38686483,9.598602662000001,9.350805017,9.819180446,9.725700055,9.89389226,10.19542518,9.989088064
Ga0242637_111086,7.768958134,7.862508504,7.669252362999999,7.628485638,7.807505192000001,7.857729582999999,7.959637963,7.834718581000001,7.8326216660000005,7.462158831,7.326757889,7.290236159,7.738557222000001,7.728667064,7.872433775,8.053998234,8.037296056,8.111349962,8.082668068,8.266601503,8.042494372,7.621924089,7.726885338,7.765167817999999,8.033723291,8.144070849,7.946665883,7.793270757999999,7.889454282999999,7.808618463999999,8.277778522,8.349948628,7.852551151,7.47803686,7.620838847999999,7.566487174,7.766227193,7.789501663999999,7.503708187000001,7.67451439,8.020365826,7.76105012,7.752979389,8.101173553999999,7.899410702999999,7.816910327,7.932310778,7.82622126
Ga0242637_111087,6.338861621,6.546575258,6.68295951,6.505497762,6.659364554,6.423749481000001,6.445695456,6.245591817999999,6.356197963,6.682777196,6.34516328,6.207466191,6.749813689,6.719730384,6.889130056,6.656325108,6.803770055,6.848503936,6.764734549,6.114150367000001,5.57952102,5.997163747,6.032308005,6.038029805,6.776755546,6.763643847000001,7.020777669,6.919428961,6.8799865989999995,7.040321433,6.477279767000001,6.520644754,6.608481447999999,7.614802544,7.0214645120000005,7.067698963,7.066247163,7.056937216000001,6.974289435,7.271774542999999,6.34522705,7.239736213,6.965071762000001,6.805597266,6.157496936,6.683843897,7.118452405,7.140824822999999
Ga0242637_111088,6.153735218,6.13918578,5.918747099,4.966678205,4.693851334,4.8539482210000005,5.319638257,4.857499627,4.569903974,6.445242827,6.890756098,6.266065182999999,5.478782677000001,5.730621097,5.798018383,5.532382361,5.503878168,5.748870973,6.797026275,6.824195716,6.839382229,7.7512620089999995,7.227055767,7.446365815,4.815079697,6.048000407000001,5.35488028,5.5940514310000005,5.6809942520000005,5.6184418439999995,7.449985000000001,8.127111281,6.221334345,7.2280150679999995,6.788443353,7.1118737439999995,8.602433012999999,9.567311862999999,4.535009727,5.955130093999999,5.20761762,6.324664655,5.085476312,5.471438399,6.794517034,5.007762584,5.17014544,5.541826584
Ga0242637_111089,4.529878847,4.414199049,4.3423987539999995,3.16318366,4.0603926580000005,3.5378787089999997,3.4887793030000003,3.437259219,3.495777414,5.2342578269999995,4.388768833,4.7960525910000005,3.7419712460000003,4.078302471000001,4.217393007,4.163986673999999,3.798069659,4.1660756469999995,4.206860836000001,4.860785042,5.16019695,4.257192719,4.109167166000001,4.845648752,3.752046685,3.652763928,3.718506891,3.486982523,4.350212306,3.625076574,5.320811965,5.75997554,4.50244731,5.179993123,4.633041184,4.733919193,3.7220789030000003,4.464627463,3.938295756,4.129906508,3.084464068,3.9122902089999996,3.4946380269999997,3.351217807,3.712631568,3.7560954489999996,4.145636678,3.866371795
Ga0242637_11109,11.76480949,11.69779635,11.84725723,12.354801199999999,12.33554755,12.44108105,12.68520373,12.77598187,12.74084776,13.58081212,13.90238884,12.89636699,12.32644948,11.72765557,11.59141467,13.22623015,13.1174047,13.29505145,13.21012616,13.13530932,13.04924981,12.04298173,11.67551059,12.20196426,12.4488339,11.95981709,12.45682234,11.88320742,11.79946614,12.14639913,12.58246832,12.63221238,12.60285666,13.01088647,12.84683218,12.695316199999999,12.98299911,12.97385932,12.95780641,13.66795123,14.54233122,14.12667415,14.67491046,12.86353871,13.04764685,12.82682933,13.58258571,13.65172829
Ga0242637_111090,3.5882946430000002,3.3131841189999998,2.725182339,2.409644588,2.953773423,2.426167481,2.4060372180000003,3.437259219,2.506512943,4.1921740110000005,3.914464957,3.4363628139999998,3.28524747,3.43792384,2.993237353,2.697953195,3.3308858669999997,3.4955664389999996,3.7340261939999997,3.00415308,3.64741757,2.8057856639999996,3.1110896560000003,2.73549049,2.9697458610000003,3.652763928,3.0152714460000003,3.0165719139999996,3.5583942139999998,3.209420395,3.7303142510000002,4.825903146,3.278155795,3.8587559139999996,3.584336313,3.775624263,4.377864054,3.347410348,2.974604675,3.042219942,3.084464068,3.239141445,3.022421094,3.0803301339999996,3.190463246,3.5704800810000004,3.2361992219999998,2.685057094
Ga0242637_111091,5.666474096,4.97911512,5.111829183,3.7585457030000002,4.0603926580000005,4.376496604,4.259752279,4.379729396,3.927618893,6.1951246,5.9548551320000005,5.564227731,4.88611688,5.321197417,5.474722084,4.904869941,4.470061133,4.787419622,5.632178636,5.161685736,5.16019695,4.927376411,4.668031599,5.202656485,4.414305016,4.595882851,4.664329848,4.767968562,4.551631663,4.6882346880000005,5.708156084,6.217035715,5.232993875,6.0008374479999995,5.22071963,5.7608803889999995,5.152609088,5.978686848,4.587683268,5.12479833,4.526930893,4.950622766,3.9712646019999998,4.613783816000001,4.896774386000001,4.470605637,4.750068729,5.071312206
Ga0242637_111092,5.388800592000001,4.51037202,4.648502583,4.271266876,4.495743092,4.0230464239999995,4.3619100589999995,4.025988985,4.387612859,5.42192855,5.787107708,5.041850661000001,4.0761650860000005,4.12786471,4.268871987,4.4900135830000005,4.470061133,4.291204563,3.991602028,4.067851648,3.9413868460000003,4.393970655,3.6101325589999997,4.365241902,4.227785699,4.725536827,4.163851932,4.613261821,4.503972568,4.259162309,4.9879069110000005,5.268303597,4.448064936000001,5.698885129,4.872076946,5.4213454379999995,5.751330366,5.69298164,3.938295756,4.453106302,4.068024151,4.823235936000001,4.418181822,4.309901821,4.230481,3.7560954489999996,4.347120349,4.941547642
Ga0242637_111093,3.981339932,4.198816504,3.3742476210000003,3.285877101,3.273794517,3.803363006,3.667967475,3.437259219,3.2040458910000003,4.506527245,4.609972668,4.2014779110000005,3.416771273,3.518874686,3.989110611,3.063272146,3.3308858669999997,3.1044040639999997,3.7340261939999997,3.00415308,3.8028251330000002,3.9332210489999997,2.733434557,3.8026455180000003,3.844348227,4.045959163,3.607398345,4.005455174,4.113784807,3.209420395,4.601460261000001,4.2484376169999996,3.634407682,5.179993123,4.579888975,4.072968604,4.615431697,4.608026708,3.149291978,3.042219942,3.35606442,3.621276007,3.4946380269999997,2.9134069030000003,3.712631568,3.466003933,3.442297762,3.866371795
Ga0242637_111094,6.6243675920000005,6.094336532000001,6.3089635610000006,6.438108268,5.914440741,6.282531727,6.212974506,6.415620744,6.388223061000001,6.45951993,6.081057114,6.10415414,6.153086752999999,5.835056992,6.4006253939999995,5.78534409,6.203932956,6.33251699,6.307282713999999,6.4143704,6.270436562,7.464819342999999,7.413591428999999,7.406166355,6.862352284,7.387957512000001,6.491455609,6.291727083,6.642017826,6.414713711,7.003475093,7.215523833,7.088524065,6.873886793,6.643416055,6.954416805,6.985673822000001,6.902018501000001,6.482214132,6.357253717000001,6.045169324,6.43645996,6.409822867000001,6.606926023,6.794517034,7.18969335,6.3189180579999995,6.206435961
Ga0242637_111095,5.448827833999999,5.54610883,5.48569537,4.55814469,4.82588164,4.9255903089999995,4.8185851060000005,4.617394197,5.338913594,6.2940877,5.757135615,6.08256884,5.146769223,5.513773968,5.292855855,4.671023263,4.918637849,5.3619242730000005,5.73610727,6.604446799999999,6.5828474329999995,8.555249677,8.41216995,8.246960536,5.410032329,5.238446731,5.61826134,5.3575774130000005,5.594182435,5.015657664,6.827907062,7.206604747999999,5.922550923999999,6.667824435,6.378942532999999,6.912208501,5.540984152,4.966460517,5.391594002000001,5.12479833,4.870542887,4.950622766,5.578933935,5.761581926,5.409254872000001,5.200017905,5.408498381,5.246040917
Ga0242637_111096,3.1795039910000003,3.0479219410000002,3.867591407,3.7585457030000002,3.727858533,3.5378787089999997,3.9642345660000005,3.956726771,3.618475267,3.316819254,4.218583159,3.82092602,4.1479527,3.518874686,3.7126032810000003,3.7318454780000003,4.527676153,4.230088347,4.103569772,3.803921163,4.384474106,4.105023658,3.6101325589999997,4.113428357,6.15153208,5.7406836320000005,5.35488028,4.439115107,3.904206087,4.578634773,3.821877488,3.925246862,3.634407682,3.7001612999999995,4.827425965,4.631806248,5.751330366,5.754864724,4.68738559,6.522732535,4.425862026,4.442236701000001,3.4946380269999997,4.470215957,4.982365562,4.702259277,6.3189180579999995,7.155377075
Ga0242637_111097,10.88595671,10.57169808,10.91584177,10.43474564,10.15837687,10.27908662,10.153022300000002,10.32840455,10.37961543,10.5912602,11.16268868,10.90654877,10.76005328,10.78629025,10.89631179,11.09718499,11.18214004,11.26906697,11.54571965,11.91778014,11.86643994,11.384731,11.24667886,11.43543968,10.88812237,10.85650127,10.6701717,10.82105307,10.87388738,10.67293793,10.62147241,10.72238353,10.46607079,10.66639401,10.52367146,10.62961841,10.64376945,10.74104679,10.49633452,11.26187192,9.639222271,9.818507768,9.546514963,10.25938591,10.55378701,10.30030945,11.33368975,11.30685805
Ga0242637_111098,9.872179908,9.721084768999999,9.919150867,10.13791984,10.14495951,10.10063051,9.673436916,9.673191624,9.855660536,10.38827067,8.991303609,8.669788326,10.23646447,10.07321008,10.00147227,9.643855336,9.319024966,9.269451513,10.10948049,10.17111348,10.14239003,9.870118541,9.772980609,9.873168026,10.3019175,10.47336885,10.42427054,9.171653085,9.520456249,8.984270402,10.14492926,10.13405775,10.05528041,10.65565618,10.11457371,10.39710289,9.555389292000001,8.432325196,8.591776263,8.127414189,10.50886365,10.31258842,10.34483139,10.22605249,10.51352822,10.24918708,8.356363806000001,8.157772452
Ga0242637_111099,9.382472877,9.218599099999999,9.30281439,9.658071601,9.667524989,9.905709695,9.483014685,9.409715296,9.62019672,9.49664368,8.342353951,8.019461446000001,9.691115652999999,9.734842678,9.586236343,8.684648994,8.734710524,8.655309771,9.203498439,9.142611742,9.067560825,8.90572542,8.955599266,9.060093015,9.993817066,9.64955064,9.98799853,8.747077495,8.927463501,8.389101739,9.728261472,9.752863239,9.819365337999999,10.03460375,9.35427953,9.865420781000001,8.980359801,8.314472299,8.181958543,7.85365962,9.959250273,9.884942667,9.638973991,9.940783795,10.03360685,9.985067131000001,7.363200292,7.722575325
Ga0242637_1111,1.764951351,2.686586935,1.764951351,1.764951351,2.4640428340000002,1.764951351,1.764951351,1.764951351,2.506512943,2.485405011,2.58606159,1.764951351,2.4697179680000003,1.764951351,1.764951351,1.764951351,1.764951351,1.764951351,1.764951351,1.764951351,1.764951351,1.764951351,1.764951351,1.764951351,1.764951351,1.764951351,1.764951351,1.764951351,1.764951351,2.509444961,2.7457562139999996,1.764951351,1.764951351,1.764951351,1.764951351,2.606994275,1.764951351,1.764951351,1.764951351,1.764951351,1.764951351,2.640110246,1.764951351,1.764951351,1.764951351,1.764951351,1.764951351,1.764951351
Ga0242637_11110,12.08742096,12.04404071,12.3558521,12.92134762,13.004817800000001,13.05648319,13.23466629,13.35662459,13.20090874,11.9069391,13.70221955,12.74332796,9.984113396,9.708671646,10.06802739,9.595275051,9.369949278,9.641754694,10.67910045,11.54824949,11.59008544,12.39482236,12.18236226,11.95857611,11.58500195,11.24108753,12.35152394,13.48242847,12.32811252,13.19769394,13.15022274,13.39810261,13.32375725,12.17575117,11.87562163,11.59770822,7.026523678999999,7.460036408,7.2065477829999995,8.705678075,9.447931605,9.452253196000001,10.1955254,8.859612819,8.933038336000001,8.672153162999999,8.389885172,8.728927972000001
Ga0242637_111100,12.08213386,11.94697946,12.23927637,12.59867647,12.61808466,12.75475459,12.39501477,12.38553334,12.52954936,10.87666498,10.61218626,10.53567361,12.52864265,12.32639096,12.17205091,13.05193989,13.14507819,13.08374886,13.17737507,12.96107986,12.97749038,11.950405900000002,11.53339029,12.25854302,12.24326719,12.20125536,12.49126404,11.46290156,11.63841944,12.16337793,12.20478135,12.13075362,12.44358232,11.92269925,11.580865600000001,12.06765517,13.79869981,13.25546634,13.37544218,11.81196511,13.07706694,12.86442759,12.99400544,13.25483817,13.35628895,13.24719339,12.04318521,11.83486554
Ga0242637_111101,9.438714655,9.314374698,9.54075614,9.369879982,9.207178837,9.403717471,9.499425963,9.694919589,9.623558184,10.427778,10.10088299,9.856403,9.782041042000001,9.617838299,9.567705904,10.43335288,10.56942699,10.77100983,11.68421949,11.74481404,11.74357641,10.91818431,10.38541766,11.12681232,10.01731246,10.20883949,9.824728243,9.605607616,9.801663305,9.769647602000001,10.69717935,11.00606329,10.44588444,10.343295900000001,10.27585779,10.49322011,10.876496099999999,10.481055900000001,10.54279592,9.66141097,9.972436767,10.07457092,10.09755098,10.14546323,10.09657779,10.08395967,9.744818422,9.492440912000001
Ga0242637_111102,10.61041743,10.57101787,10.63681902,10.887788699999998,10.83798922,10.90388847,10.88914405,10.820984699999999,10.81405691,11.38321312,11.05023324,10.73429141,10.658855,10.68801055,10.48298474,11.36205764,11.50530701,11.77242827,12.38935266,12.41126394,12.44846743,11.90526836,11.35660706,11.95044906,11.05008827,10.916063900000001,11.15685938,10.50606928,10.61052042,10.63314448,11.25726943,11.3662175,10.95809681,11.13143749,10.95314617,11.04473823,11.27195634,11.35986445,11.43517557,11.04514295,11.49411652,11.21088891,11.43144961,11.29893017,11.27598926,11.22340456,11.2555392,11.22476692
Ga0242637_111103,6.4743867360000005,6.622160717000001,6.556831896,6.187506394,6.52541314,6.760212871,6.8814239729999995,6.893955533,6.737941312,8.314123228,7.603463491,7.696926675,7.1283595360000005,6.437210236,6.711291715,7.692686315,7.85678535,8.139795449,8.688267154,8.569612328,8.567842954,8.213064435,7.386418431,7.944251647000001,7.038154782,6.913804972,6.948527253,6.759304812000001,6.933804968,6.761233785,8.14679892,8.141216985,7.696093777000001,8.357069334,8.189337738999999,8.447829506,8.41527722,9.496921808,7.490218662,7.481435096,7.380992631,7.558793295,7.7621471589999995,7.625021996,7.983847927999999,7.706204367000001,7.805550201,7.8621370939999995
Ga0242637_111104,12.11816911,12.31495889,12.23647715,12.04332834,12.18685567,12.20509662,12.09866804,12.14559021,12.22550615,10.15635106,11.16624299,11.78863547,11.39812142,11.81452247,11.77707218,9.235522104,9.264167645,9.116343015,9.123069429,8.934363012,8.748377385,8.60400639,8.240754003,8.320881511,11.32323357,11.349582400000001,11.57554024,11.94129008,12.42361091,12.47142518,11.65423841,11.59990083,11.95503816,10.29282623,11.07879922,11.29467229,9.822067701,9.871963409,10.20692731,8.120061897000001,8.988621226,9.403640766,8.88518601,12.47184267,12.53365723,12.44384587,8.454677601,8.179284469
Ga0242637_111106,8.391292168,8.367679159,8.256828849,8.136442116,8.007838813,8.158504957,8.165647717,8.305984263,8.312542476,8.427252557000001,8.102206269,8.369901499,7.907181924,8.058440001000001,8.028759255,7.682384446,8.080278755,8.342192972000001,8.089197314,8.579699216,8.35558524,8.176685337999999,7.625959592,8.15294426,8.211298661,8.34568982,8.18530017,8.575790855,8.380695102,8.356885748,8.553250971,8.738060796000001,8.440579932,8.192003713,8.042944727,8.210303882,7.443309957,8.045233187000001,7.905394316000001,7.980877635,7.859303392999999,7.86047623,7.545622969,8.382065355,8.30427106,8.248965649,7.984447166,7.879765047
Ga0242637_111107,8.497498508,8.484991763,8.356460347,8.697920684,8.539743188,8.719717529,10.83898026,11.66579743,9.641907522999999,9.137433719,9.122974155,9.188734392999999,10.01673942,8.960193862,10.23547331,9.955341634,10.01295682,9.84790106,9.400087634,9.400493111,9.457252791,9.083251274,8.497161332000001,9.085762179,10.14545358,9.992950443,9.433254244,13.44945178,10.85194132,10.99481172,10.32460748,10.28777554,12.6534284,9.854103716000001,10.26351558,10.76858089,10.71417988,11.76088844,11.81706228,13.150975699999998,12.78580492,8.97502602,9.503439918,9.589104105,9.482608079,10.92345422,12.91947029,13.36290726
Ga0242637_111108,7.6595928660000006,7.99420068,7.612791768999999,7.716337306000001,7.617267266,7.584904032000001,7.709841645,7.787901998,7.944384881,8.10783223,7.91880503,7.639083514,8.031010774,7.946750816000001,8.237007323,8.349209651,8.600084823,8.683185046,8.759580961000001,8.614458003,8.567842954,7.621924089,7.726885338,7.8772248639999995,8.118739089,8.274645871,8.034002165,8.110010428999999,7.786018563,7.760167301,8.047923536,8.187263879,7.667315236,7.791420211,7.296607400000001,7.472834422000001,9.54137293,10.09087512,7.960229784,8.488792723,8.442979782,7.968422084,8.593257868,7.75201068,8.452377154,7.757581082000001,8.745385852,8.679467488
Ga0242637_111109,6.771918211,6.966663631,6.603985238,6.438108268,6.02706223,6.227533759,5.998254556,6.159774027,5.687892007,5.736265317999999,5.873434585,5.6839969660000005,6.136177626,6.097306378,6.296254961,5.334814583,5.25809114,5.120220928999999,4.630727353,5.106417025,5.264641359,5.56032048,4.840645444,5.264394062,6.027107316,6.468220627000001,5.644737465,7.053692442999999,6.705297705,6.383022246,5.878539485,5.784238267,6.122828611,5.794486489,5.7811300789999995,5.8973266970000005,5.29418298,4.608026708,5.064661065,4.864979065,5.790192407999999,5.65562299,5.025201303999999,5.446473152,5.469417836,5.8406552970000005,4.8834059430000005,5.351613692
Ga0242637_11111,11.5974341,11.86111262,11.59018558,12.24280169,12.24000329,12.335127499999999,12.572090199999998,12.50230498,12.38205352,11.08064893,12.18703579,11.44542634,8.410096186,8.707603562000001,8.671235511,8.355706217,8.451588922000001,8.644007062,9.506346016,10.28645141,10.18425432,11.70353132,11.76391073,11.45854639,11.05860611,10.88119163,11.89656926,12.90257538,11.59422676,12.65628197,12.62558603,12.89231654,12.4765019,11.26916584,10.73955504,10.78132913,6.311006991,6.458614121,6.799290216,8.369855622000001,8.149838021,8.226239867,9.21722012,7.247847273,6.794517034,7.174647137999999,7.909376407999999,8.295473179
Ga0242637_111110,3.981339932,3.942239546,3.3742476210000003,3.677498875,3.273794517,3.9538468489999996,4.090398034,4.025988985,4.016152236,3.780802703,2.911501305,4.024865287,3.8339313660000003,3.666205171,3.357279135,4.4900135830000005,4.211803736,4.291204563,4.392404915,4.47713225,3.64741757,5.243817781000001,5.482136618999999,5.202656485,5.259413193,4.881573326,4.6108539319999995,5.509900869,5.02395314,5.645488592,3.6315993030000002,3.925246862,4.605178942,4.7509363360000005,4.579888975,4.018654177,4.818200909,3.662028972,4.301503826,4.353666799,3.5755614760000003,4.442236701000001,3.4946380269999997,4.784684284,4.603319646,4.863306925,4.602649512,4.359912367
Ga0242637_111111,10.84075476,10.93155206,10.83364332,10.70902496,10.70716224,10.94965216,11.65102172,11.57394556,11.76223959,10.78057973,11.09939928,11.79981227,10.27164929,10.67455274,10.578014199999998,10.78578479,10.50429395,10.528303300000001,10.97449261,11.32436828,11.23525412,12.59716526,12.58123653,12.35844687,12.48635781,12.4887031,12.26313125,13.17689375,12.93513974,13.24686239,11.92399569,12.21983682,11.711175599999999,11.57663641,11.74337003,11.78318349,10.88484561,10.79337795,11.3671823,10.96637337,9.602939666000001,9.772454916000001,10.09573952,12.690222300000002,12.73242798,12.42609783,11.34298924,10.98935011
Ga0242637_111112,9.231455994,9.204633267,8.925720128,9.091961191000001,8.988852982000001,9.078808771,9.467805225,9.446346241,9.313904022000001,8.532150743999999,8.503902854,8.836654435,8.672463202000001,8.992692003,9.110761145,8.342683691,8.619641146000001,8.755863697,8.366852038,8.291364692,8.38460797,8.802077452999999,9.25118473,8.919663324,9.681653758,9.704637308999999,9.556346801,10.02799498,9.952571159,9.895520207,9.38158351,9.568590347,9.348905581,8.769373649,8.647607236,8.780390228,8.26983383,8.721860084,8.892724535,8.603945391,9.201442007999999,8.906896547999999,8.893551696,9.325485705,9.212125941,9.137232518,8.595419587,8.409078108
Ga0242637_111113,9.197086162,9.373305762000001,9.009000208,8.940117363999999,8.929891476,9.055359236000001,9.040627203,8.927852695,8.899808924,8.494567952999999,8.311867604,8.584267572,8.90686138,9.26828215,9.227113466,8.355706217,8.651657126,8.832542588999999,8.260957233,7.992330987999999,8.078466216,8.413947582999999,8.884573361000001,8.682304457999999,9.138060394,9.041735795,9.213211486,9.218559848,9.205857947,9.199376585,8.941186648,9.114401416,8.926753961000001,8.174408642000001,8.19368146,8.321917854,8.200165012000001,8.549990094,8.490430496,8.191950777,8.149838021,8.207479851,8.347476197,9.065147739,8.88444954,8.867168717,8.103730937,8.302024868
Ga0242637_111114,9.410867827,9.508760785,9.597126445,9.81771743,9.439663852,9.675157422,9.299948572,9.577357002000001,9.64356413,9.758288746,9.332357927,9.293194199,9.226717176000001,9.476780977999999,9.320091357999999,9.019333547999999,9.120574629,9.010306274,9.000281471000001,8.874169096000001,8.779302934,7.914815751,7.671689705,7.722159712000001,9.350906012000001,9.726349747999999,9.333511823,9.540289439,9.227551242999999,9.239683959,9.199311751,9.023415808,9.339817788,9.150305056,8.891698714,9.1626533,9.118942713,8.882334924,8.540358393,8.885530245,9.574395507,9.460198361,9.718818391000001,9.245017314,9.408179999,9.516967228,8.89295616,8.850109899
Ga0242637_111115,10.81619671,10.85538715,10.87022033,10.0598594,10.11457102,10.00798727,9.618150771,9.689836489,9.864210893,10.068398,9.532897318,9.686605708,10.51537387,10.86607327,10.79321369,8.461893137,8.462460091,8.19505675,8.323208482,8.222215777999999,8.283451153,7.799914685,7.578731438999999,7.689040317999999,10.51827051,10.83020188,10.28357738,9.809039395,10.19756687,9.655102505,10.00756118,10.0838263,10.05305793,9.418867767,9.480507797000001,9.579056225,8.547389017999999,8.71412386,8.290981128,7.57045381,8.203021315,8.557805437999999,7.958361318,9.484796778,9.497043758,9.421464842,7.502554396,7.345037764
Ga0242637_111116,10.34798152,10.24149233,10.50578905,11.18835009,11.27129601,11.19559731,10.58076763,10.71676322,10.71748092,10.40309775,9.134632981000001,9.427362873,10.96142967,10.53919869,10.35627677,10.15102991,10.02155766,9.705662305,9.126247209,8.957754467,9.027642048999999,8.041606533,7.705059965,8.069626552999999,9.910943277000001,9.644192902,10.10055535,10.31785088,10.06929302,10.07949824,9.966961713,9.928492744,10.16842608,10.34172053,9.968881051,10.3252597,11.85559787,11.97669435,11.44743884,8.841508359,12.63502753,12.09606812,12.39878818,10.83542615,11.17524034,11.17510849,8.953990184,9.06178402
Ga0242637_111117,5.9618412670000005,6.016325941,6.026686716,6.343043483,6.290235789,6.016542807,6.102463161,6.17443777,6.2899247229999995,5.479362917,5.165124858,5.564227731,6.234769399,6.474559397,6.117148726,8.425301438,8.713633065,8.835029663,8.524500142,8.946106151,8.884634866,8.922298515,8.88941878,8.938570136000001,6.045556368,6.20213732,5.99237287,6.223142734,6.18964741,6.6189221510000005,5.320811965,5.491598912000001,5.618987796,5.794486489,5.870961901,5.380412832,8.029896101,8.487826936,8.351900967,9.320211859,5.7081519489999994,6.151927777999999,5.578933935,6.415319116,6.539195511,6.402941922,9.332850347,9.242935078
Ga0242637_111118,7.63412037,7.298092382,7.486499171,7.582467415,7.3980577389999995,7.517838389,7.419063396,7.409146036,7.522674315,7.778810171,8.372209248999999,7.882852174,7.399856099,7.415173425,7.215629742000001,9.043677328,9.482809317000001,9.712441219,10.58060892,10.95752709,10.68651491,9.446192926,8.908639323,9.789728686,7.028930935,7.253617801,7.060492991,6.886583612999999,6.824078915,7.009549142999999,8.86494897,9.135691677999999,8.274990563,7.27501809,7.574949397999999,7.6964623560000005,8.861289857000001,8.826024275,8.802856047,10.3741021,7.543017475,7.597740665,7.893097561,7.840412791,8.36849434,7.964133695,10.51947464,10.60567782
Ga0242637_111119,6.400676749,6.252357319,6.378444875,6.39136133,6.213051455,6.48362421,6.585671057000001,6.378130116,6.480229479,6.177947146,5.816465234,6.187389755,6.341844922999999,6.5376741979999995,6.683993534,7.597207325,7.910705882999999,8.16769075,8.366852038,8.260343701,8.035191072,8.74110552,8.860099085,8.577639559,6.73197028,6.821804342999999,6.462077826,7.092607425,6.959978419,7.147843249,6.898747987999999,7.197630121,7.008148782,6.616573237000001,6.920191215,6.9750660589999995,7.989164691,8.081767639,7.974830002999999,9.072337321000001,7.056950334,6.6369394470000005,6.916604397,7.290327153,6.817725212,6.927782075,8.841391258,8.800077327999999
Ga0242637_111120,3.79986984,3.0479219410000002,3.946745494,4.101398217,4.384900493,4.323638534,3.748712635,4.271795039,4.099120538,4.042654659,3.3486969460000005,3.82092602,4.000280065,4.12786471,4.163871943999999,5.532382361,5.784770168,5.870659151,5.595786167000001,5.936668265,5.870663298999999,6.192437593999999,5.804244499,5.850504926,4.159436799,4.175237798,3.718506891,4.439115107,4.113784807,4.1851910939999994,4.063137997,4.509011222,3.8248971380000003,4.065284571,3.584336313,4.315702191000001,6.437684056,6.078727864,5.448837205,6.40650764,5.266368163,4.68310128,5.143286713999999,4.862887133,4.3663536910000005,4.470605637,6.17221836,6.508326178
Ga0242637_111121,11.03386308,11.04513421,11.17022949,11.33929325,11.39807945,11.48678128,11.57756794,11.72817764,11.70627195,11.64999359,11.36552873,11.34104995,11.26332213,11.0864621,11.1293871,11.76115498,11.76880176,11.70162747,11.884691199999999,12.19375195,12.1460847,11.45570507,11.57909071,11.68744403,11.82823914,11.83016654,11.64081469,11.34504457,11.43901601,11.29865854,11.53550999,11.44128304,11.6862966,11.24871698,11.02009412,11.39634048,11.54911546,11.72861645,11.63718942,11.89452935,12.06081521,12.02687373,12.07667098,11.88216246,12.12919677,11.92402516,11.91666812,11.94150847
Ga0242637_111122,10.69212356,10.73241651,10.7186644,10.66800621,10.79039137,10.845845599999999,11.61727078,11.51911726,11.539681800000002,13.54030943,12.57228716,12.49372439,10.86872731,10.6287645,10.56499379,12.43992667,12.41570151,12.75256448,14.42900848,14.66011128,14.65741895,14.00474391,12.97342267,14.03031371,11.46880752,11.71351227,11.31903975,10.79844185,10.94762712,10.85261221,14.50361432,14.91244636,13.70146299,11.52794129,12.71216481,12.28585554,12.77114032,12.65879922,13.28059005,10.52505869,10.45820802,10.57165356,10.83094086,11.95545474,11.89991226,11.57077622,10.78916419,10.43587572
Ga0242637_111123,9.808152122000001,9.842169696000001,9.765811536000001,9.834170282,9.771930232,10.046158,10.24996608,10.34061842,10.30411708,9.898302777,9.243625386,9.695498715,9.236643974,9.41337744,9.540089986,8.817650354,8.8930834,8.815011967,8.388188391,8.339651001,8.429862865,8.504787106,8.186663838,8.120192462999999,11.16024992,11.2538954,11.12738016,10.99278808,10.51819492,10.96973604,10.53126545,10.45141705,10.6508346,9.904060741,10.12825189,10.54071063,9.183541757,9.18621509,9.513952957,8.791480272000001,10.23567242,10.16646622,10.40896627,11.10244085,10.81659944,10.93521327,9.065364692000001,8.804698132999999
Ga0242637_111124,8.602996718,8.823353623,8.700481597000001,8.865239678,8.858333286,8.986770938,9.446803201,9.429672432,9.431721366,9.658322957000001,8.720531637999999,8.884103153,8.242857107999999,8.298342044,8.650252393999999,8.176488275,8.269620038,8.525824161000001,8.713841227,9.014625622999999,9.147619908,9.028171594,8.865027272,8.831375216,10.27682817,10.40373878,10.258201099999999,10.35130981,9.859540272,10.44963611,9.854451944,9.757448587,9.883309759,9.25444917,9.512151465,9.826208916,8.41527722,8.541271984,8.913080557999999,8.376041256,9.851561448,9.789371992000001,9.575400188,10.31785351,10.17273713,10.09398572,8.433401875,8.045118957
Ga0242637_111125,8.22639561,8.243393532,8.296794459,8.450036166,8.536584759,8.511458223,8.116837829,8.209820171,8.329109811,8.094189967,7.731852171,7.653763297999999,8.458404978999999,8.220895366,8.139987739,8.822348404,8.629320773,8.390338525,7.841008769,7.662874979,7.975393761,8.490038924,8.028718824,8.464781863999999,8.324884173,8.602082162,8.37433633,8.68798439,8.393546994,8.825601366,8.155084837,8.098479131,8.052726379,8.576563996,8.515051872999999,8.649577713,9.719987936,9.854475959,9.508946573,8.854856554,9.701260814,9.228640275,9.464664444,8.21943813,8.488950603,8.18285589,9.40292955,9.256490292
Ga0242637_111126,6.66269713,6.344560646000001,6.405323735,6.17375179,6.363485515,6.435925485,5.967035622999999,6.0995742129999995,6.323443233,5.849257156,5.92822546,5.289520007,6.835993358,7.051518300000001,6.873108301,6.871251902999999,6.485939074,6.360455159,5.558442277999999,5.161685736,5.104939347,5.442018557999999,5.197383578999999,5.138108701,6.588594352,6.418798259,6.629968471000001,6.7349040989999995,6.833548883,7.247896425,5.685358097999999,5.632077893,5.6664994360000005,6.626970511000001,6.84480994,6.520876953999999,7.249930782000001,7.496584004,7.530314389,6.961959372999999,6.660134217,6.618102637000001,6.723478227999999,6.295147957999999,5.7852377310000005,6.3899584,7.329034207,7.140824822999999
Ga0242637_111127,8.395087658,8.53886308,8.4170563,8.546387787,8.376221194,8.449841266,8.425332909,8.405468916,8.413097321,8.562188237,7.856795602999999,8.123302821000001,8.591230214,8.845660767,8.647901982999999,8.908821746000001,9.023594387000001,9.010306274,8.557833631,7.772487125,7.847803849,6.80702934,7.047854924,7.217718295,8.538078608,8.61309404,8.646243647999999,8.325341288999999,8.01951783,8.373083685,8.466033207,8.385933097,8.367333972,8.17794487,8.062077332000001,7.890019112,8.41527722,8.219299159,8.671608245,8.13472919,8.648654706,8.667107565,8.758093345,8.724202745,8.384113088,8.800156249,8.123793828,7.931391763
Ga0242637_111128,9.876258555,9.751421702,10.00169878,10.05237856,10.05622114,9.959334749,9.823277937,9.907986915,9.911728401,10.95987054,10.34372021,10.149610899999999,9.901664253,9.918582797000001,9.641622672999999,10.71933531,10.7774205,10.89536995,11.03322693,11.02920082,11.09480812,9.751473922,9.754509922,9.963627658,9.78245469,9.802877247,9.786778757999999,9.16938093,9.11178445,9.139091544,9.897060521,9.912135459,9.819365337999999,9.949245351,9.596574419,9.497014376000001,9.878904965,9.686747951000001,9.588618486,9.210272332,10.21732776,10.28601482,10.23555974,10.09345821,10.34421769,10.20361361,9.543596342999999,9.232684422
Ga0242637_111129,8.341019838,8.250208855,7.9905463889999995,8.100617393,7.709923288,8.059818358,8.010150878,7.932658673,8.172671744,7.940028682,8.18864244,7.711032034,7.777165649,7.923336178,8.2021866,7.911337117,8.112846003,8.061241751,7.848725932000001,7.76366439,7.689326019,7.4946867720000006,7.413591428999999,7.322239463,8.302106324,8.264204931,7.925324042000001,8.119458423,7.884910164,7.820481096,8.304096309,8.317190923,8.274990563,7.845792032,7.272161968,7.780941041,7.741914006,7.956205005,7.569325119,8.332174178999999,8.070289771,8.14968974,7.942320176,7.932672032,8.111316102,7.933188271000001,8.143581454,8.255525506
Ga0242637_11113,8.402648805,8.496501496,8.153763467000001,8.086034571,8.219602099,8.304902361,8.095402814,8.251820789,7.98154183,8.528774302999999,8.406276921,8.310933777,8.481965894,8.62086018,8.565620096,8.52088915,8.231994984,8.198924134,7.761476855,7.681732133,7.839441879,9.155123612,8.955599266,8.957232348,8.127403392,8.378328544,8.068481465,8.329417728,8.321400957,8.481645125,9.322122295,9.993424365,8.745935202,8.212838324,8.167420714,8.233328353,8.12695937,8.575832663,8.5790926,8.528207238,8.398075866000001,8.089487059,7.9014188889999994,7.89647349,7.234604227,7.716627197999999,8.619168331000001,8.699455645
Ga0242637_111130,9.166325815,9.291433297000001,9.264853954,9.12443173,9.102142251,9.20493719,9.072055687,9.106324014,9.203682165,8.785151635,8.994506254,8.877866109,9.169828297999999,9.281494755,9.294776031,9.199862306,9.19198152,9.241602755,9.031124682,8.672162568,8.826599104,8.437199395,8.978518145,8.625097189,8.998641272999999,9.039696862000001,9.074708664,8.913804699,9.054272101,8.916816662999999,9.37273027,9.379268534,9.291615711,8.774053823,8.322231561,8.658110382,8.791946613,9.111623521,8.938128179,9.254587192999999,9.12477363,9.04713312,8.780820176,9.206734373,9.220849543,9.14496893,9.324207397999999,9.498157605
Ga0242637_111131,9.019160264,9.149201385,8.939555878,9.316230557999999,9.20916382,9.170791169,9.118836188,9.1082304,8.891467252,10.13541543,9.565564352,9.014908103,9.289099332000001,9.336969156,9.464644209,9.741337179,9.672633767999999,9.791396800000001,10.08519243,9.965325422000001,9.894597303,9.293196766,9.496383617000001,9.768752809,9.332292206,9.217968362,9.38912401,9.180706085,9.062342475,8.99739075,9.505011058,9.682274465,9.266896935,9.712566833,9.123352011,9.283385305,9.439249366,9.051500411000001,9.184093925,10.11962307,10.83306685,10.26045995,11.0572269,9.08739242,9.074515926,9.043078669,9.936579543999999,10.21068603
Ga0242637_111132,10.60059015,10.72081115,10.76278119,10.88041411,10.97902549,10.88959521,10.87453935,10.92792854,10.92719025,10.52163285,10.72445268,10.85191416,10.28892505,10.44134956,10.33671073,9.920711974,9.922693443,9.891563239,10.14437926,10.38464327,10.32114367,9.867268303,9.714115121,9.979689844,10.1054541,10.04062653,10.39837019,10.55562476,10.73438215,10.78234316,10.36534365,10.160841900000001,10.57463876,9.873858647999999,10.02235727,10.09327964,9.555389292000001,9.257138675,9.372280691,9.178775378,10.41217505,10.52191165,10.40604563,11.09995642,11.0944783,11.09650156,9.234804555,9.136995415
Ga0242637_111133,9.496383372999999,9.779957000000001,9.649974884,9.930152326,9.958128112999999,10.08720399,10.047232600000001,10.04167546,10.00231111,9.387176103,9.4230957,9.6152921,9.230696096,9.565869607,9.386444500000001,8.715282665,8.868774385,8.924160895,8.675308057,8.579699216,8.495189478,8.28318048,8.146747092,8.120192462999999,9.330417547,9.234106444,9.48521742,9.615655942,9.783471449,9.81629614,9.203312125,9.233287817,9.379382745,8.557687436,8.727664656,8.817046669,8.088914303,8.40375237,8.510609505,8.059853983,9.50953661,9.168485097000001,9.430578085,10.12703475,9.700972693999999,10.04314382,8.356363806000001,8.282279841
Ga0242637_111134,10.15892125,10.3698383,10.14192979,10.33961254,10.29267075,10.44466264,10.53241062,10.48772364,10.515185,9.332069508,9.758751732,9.867462476,9.756050372999999,10.20386353,9.977339522000001,9.188990183,9.298949856,9.245347131,8.696842322,7.922708163999999,8.161305644,7.64873647,7.63752881,7.962843577999999,9.920943872999999,9.742735647,10.01476351,9.989875477,10.133898199999999,10.2742509,10.04370665,9.955349375,10.22084671,9.148504008,9.429861798,9.756404851000001,8.827034865,8.982335577,9.013122017,9.164552914,10.18936584,10.10191315,10.15782498,10.8312383,10.68251194,10.85022177,9.092763158,9.162419595
Ga0242637_111135,9.471436478,9.481510364,9.623078386,9.672782983,9.750282366,9.630896179,9.996105814,10.09359779,10.01899903,10.36668617,12.20546302,10.97168912,10.09303152,9.896425587000001,9.933628453999999,9.848854478,10.08974743,9.936261008999999,9.639073616000001,9.333524406,9.267757787999999,10.20188325,10.34718748,10.14955328,9.571690876,9.790805402,9.566720065,8.744026952,8.859618224,8.90014736,10.44098084,10.35083028,10.13624434,10.53332442,10.68507035,10.84996485,11.04987017,11.61169928,11.04687163,11.38274878,10.54608881,10.10021936,10.909348199999998,10.39770206,10.64411338,10.55669537,11.46463548,11.48726286
Ga0242637_111136,6.041703224,5.950712059,5.696895785,6.073594029,5.749034568,6.016542807,6.088031502000001,6.159774027,5.925110496,6.555678718999999,5.25404949,5.6549823770000005,5.679373022999999,6.010868232999999,6.117148726,6.187109631,6.019482112,6.7983644110000006,6.535085897,6.624096125,6.856069484,6.427695064,6.9583976089999995,7.0008682339999995,6.511168131,6.259440542,6.202568198,6.2054726460000005,6.050179923,5.978623197,5.708156084,5.9648286420000005,5.6664994360000005,5.935299644,5.870961901,5.359496609,5.845938526,6.078727864,6.145557275,6.805642102,6.31788877,6.203436097000001,6.209585201,5.8779244870000005,5.831705172,5.821404777000001,6.721727367000001,6.699304861
Ga0242637_111138,9.093451427,8.916262236,9.233375237999999,9.101054341000001,9.154586627,8.940586821,8.684126835,8.69652956,8.741739564,9.000330377000001,9.714768746,9.390598087999999,8.979598226,8.804148858,8.760968998,9.185347856,9.170044185,9.093674495,9.362854748,9.628938453,9.534380452999999,8.482607898,8.371187717,8.866354388,8.825780697999999,8.964307304,8.722452574,8.765246508999999,8.771293822999999,8.696397857000001,8.508685638,8.58824288,8.47086714,9.194615609,9.211661291,8.980749592999999,8.780058266000001,9.069801903,8.6444712,8.88118802,7.933115492000001,8.136526856,8.087954576,8.583315812999999,8.517556017999999,8.625909362,9.012546367999999,8.982434612999999
Ga0242637_111139,9.989785848,9.905052249,10.2614916,10.30697845,10.53031513,10.218798,9.904597258999999,9.990917442,10.14363815,10.178065199999999,10.35995155,10.16633947,10.36601369,10.15373172,10.02792173,10.66021122,10.47238409,10.16103176,10.55253812,11.05654108,10.97016284,10.81546547,10.65664173,10.64436973,10.07106548,10.05482936,10.25606613,9.721801012,9.746384727999999,9.822206906,9.44038631,9.228891916,9.712175293,9.814899242000001,9.894793554,9.633072755,9.774928483,9.584385526,9.629171858,10.15422312,10.65913831,10.55072243,10.87701895,9.771268396,9.848990833,10.01386971,10.10917409,10.23142618
Ga0242637_11114,14.63674398,14.6519658,14.44417326,14.216815099999998,14.26126133,14.18756232,14.24519805,14.13001935,14.17175758,14.22636807,14.28942428,14.05967043,14.18874744,14.52338494,14.62489715,13.43827947,13.51902949,13.53917152,13.52109917,13.71362488,13.659802800000001,13.40378057,13.31088105,13.58039938,14.00137788,13.93470753,14.12836518,14.35392606,14.45673757,14.398503,13.46489732,13.63081554,13.71144995,13.49972249,13.80967114,13.04938649,13.53034333,13.39081791,13.54663942,12.99369748,13.50145513,13.32463441,13.81622439,13.62259835,13.52624754,13.46669538,12.97941277,12.95306586
Ga0242637_111140,9.074642728999999,9.183427692,8.93495869,8.970204561000001,8.993467417,8.999114156000001,9.023707182,8.877323838999999,8.932701457,8.770932016,8.425388887999999,8.705446118,9.084457808,9.208664557,9.270537061,9.007005852,9.152250916,9.215116412,9.179225207,9.397645168,9.289402704,9.355541957,9.428097544,9.480265852,9.5281933,9.576892928,9.51587694,9.348762636,9.13874927,9.215185773,8.641404051,8.804560839,8.828819807999999,8.684912502000001,8.745525106,8.574936837000001,8.838543814,8.609584626,8.962748302,9.274589934,8.738877337,8.476569016000001,8.974643869,8.923955716,8.600118382,8.772953973,9.292066053,9.279909686
Ga0242637_111142,8.260085344,8.239973755,8.390438535,8.346784756,8.211702469,8.128852678,8.330669181000001,8.234468922000001,8.357652492,8.721509174,8.828561706,8.836654435,8.334456831,8.274748842000001,8.277103778999999,8.108871842000001,8.202037039,8.094839907,8.334243797000001,8.470095789,8.597893792,8.031456136000001,8.002119537999999,7.857487888,8.3473079,8.56002232,8.41318024,8.565459356,8.666657495,8.302949768,8.362506936,8.432557127,8.385113837,8.541308557,8.414437116,8.53842894,7.666413492,7.8041537320000005,8.031796209,7.189838854,8.188025139,8.390482948999999,8.051032628,8.325336584,8.148373627,8.259695234,7.305798444,7.419256131
Ga0242637_111144,10.49491765,10.51553485,10.47919748,10.33499548,10.33236783,10.21527564,10.550899000000001,10.50808147,10.57890658,10.66231068,12.58216592,11.63254778,10.04638825,10.20732913,10.17391499,9.825644659,9.991853086,9.883176225,9.506346016,9.704628391,9.617405941,9.083251274,9.213041293,9.156104995,10.31145224,10.52893205,9.878456687,10.37910308,10.2923874,10.17265981,11.692449900000002,11.93112488,11.00771322,10.59479493,10.93898754,11.00390329,10.28434859,10.65880901,10.21514765,10.70165189,10.03452564,9.828772426,9.79670634,9.819180446,9.965167817000001,9.884680707000001,10.41888234,10.74441518
Ga0242637_111145,10.05600648,9.902891622,10.03751904,10.15461055,10.03846912,10.13179291,9.943100357999999,9.922143969,9.913102554,9.606417419,9.905473846,9.716620897,9.60023592,9.633379932,9.411600106,9.08335906,9.224274433,9.156667491,9.194443772,9.186173676000001,9.226677615,7.914815751,7.602538883999999,8.111886969,9.566922073999999,9.799266289,9.65200523,9.033569065,9.191212372,9.076176937,10.00068192,10.04559557,9.919138968,9.484586129,9.415058822,9.498202894,9.446788563,9.359867066,9.285163434,8.394440572,10.17612912,10.06938606,10.09755098,9.797264739,9.823443949,9.694829309,8.56150045,8.669368577
Ga0242637_111147,10.58903974,10.61259593,10.68757479,10.14585004,10.03735233,10.10634669,10.0416405,10.00018667,10.11167908,10.58801971,10.50623269,10.59009736,10.2374535,10.47451706,10.33086206,10.03440141,10.11866759,10.15507273,10.23547798,10.38464327,10.34496352,10.24643713,10.12281643,10.21692157,10.61075696,10.79195272,10.43280168,10.50156078,10.78889776,10.46860264,10.257900099999999,10.34271614,10.22381363,10.61449909,10.34874662,10.47944518,9.954893197,9.847421191,9.738719261,9.894699339,9.682660343,9.892791391,9.514329856,10.20955345,10.15236192,10.1613291,9.733983639,9.905519487000001
Ga0242637_111148,9.341756932000001,9.333752496,9.257508755,8.663960161,8.628452859,8.758958147000001,8.696042488,8.650173883999999,8.571173586,9.310603732,9.306821847,9.279064652,9.212703891,9.490500079,9.479259369,8.615956313,8.813241286,8.876666758999999,7.945462727000001,7.058766186000001,7.168106025,6.758584973,6.198069137999999,6.945825704,9.636849966,9.67735689,9.519441476,9.576751295,9.790775742000001,9.486690281,8.721692375,8.703624662000001,8.610420409,9.070754734,8.851031329,8.856506587,8.706594123,8.532500862000001,8.783637763,8.69582166,8.078444962,8.162733579,8.436051262000001,9.298002865,9.1125143,8.892666241,8.286889326,8.378408155
Ga0242637_111149,6.135659831,6.016325941,6.280202598,6.02843345,6.097513609,6.170346437,6.212974506,6.300082209,6.580623502999999,6.9786396029999995,6.776231467000001,7.02251506,6.658145492,6.501948327000001,6.646771556,7.762809346,7.834639664,7.918428175,7.848725932000001,6.984740346000001,7.271208693999999,6.298008836,5.762437974,6.072762742999999,6.457134416000001,6.3145460710000005,6.338170869,6.841591171,7.035761077999999,6.65915035,7.255563427,7.123747099,7.267966541,7.150909165,7.3828523839999995,7.492057998,7.349860838,7.496584004,7.164694511,7.284988808,6.68172764,6.457812702000001,6.883362422,7.276305848,7.571269564,7.269751632,7.35190134,6.970226897000001
Ga0242637_11115,10.37609631,10.38539772,10.47998662,10.09760146,10.09538209,10.07462362,9.898422774,9.992982422999999,9.911728401,10.51140598,10.25970571,10.5326993,10.7545368,10.67154499,10.56437083,10.18060175,10.06855998,9.898713502,9.256664458,9.003429344,9.187690262,8.796094931,8.458555797,8.779886115,9.877954105,9.813656209,9.847595099,10.03425144,10.35038563,10.03438381,9.331290622000001,9.17506897,9.483728544,10.01200064,10.23640629,10.08776378,9.804570499,9.896095094,9.825844917000001,9.440183195,9.788344018,10.02186416,9.721170264,10.61023975,10.84367912,10.78920601,9.806104381,9.537552452
Ga0242637_111150,12.06407099,12.00529142,11.95022005,11.79786821,11.887373599999998,11.95194388,12.09214555,12.12361145,12.20685958,12.41170856,12.78373012,12.49219413,11.93081749,11.81565819,11.78458011,12.37785505,12.28275136,12.26177611,11.96497504,12.28826903,12.19891368,11.68422728,11.28671055,11.70618282,12.57452469,12.52249346,12.45682234,11.94561153,12.10579368,11.89025877,11.93606519,11.95327715,12.10979726,12.05260126,11.68826285,11.89906561,11.53857025,11.81703842,11.71388237,11.614241900000001,11.61044587,11.696144199999999,11.38251371,12.12314937,11.98174146,11.9745546,11.783244999999999,11.618366900000002
Ga0242637_111151,8.556305361,8.438011833,8.335682473,8.72405414,8.700778793,8.923419116,9.05179796,9.041956792,8.924548369,8.302306543,7.636648227,8.064098677,8.524726342000001,8.396341718,8.570592336,9.463140787999999,9.645863035,9.904645102,10.19972579,10.32143358,10.33012227,10.19507988,10.43265343,10.43730897,8.332397549,8.47505546,8.439761679,8.439117534,8.48944691,8.582604734,9.294262433,9.414535046000001,9.181979349,8.260313011000001,8.615592794,8.930569018,9.744664616,9.597059461,9.835208569,9.556395875,9.521548099,8.971324292,9.356867807999999,9.567686959,9.365546372999999,9.498969649,9.753428038,9.570483841
Ga0242637_111152,7.709226355,7.76593473,7.696674663,8.026182472999999,8.159272488,8.294924151,8.579947763,8.348541977,8.492462383,8.412671556,7.316553644,7.499771866000001,7.441665532999999,7.49903412,7.59338412,8.381403767,9.088187149,9.211292637,9.368232928,9.278855693999999,9.140831954,8.562316636,8.255842937,8.335221727,7.809798504,7.845687262,7.772362507,8.090926712,7.795734456,7.866979213,8.707679025,8.912663497,8.657996286,7.796030322999999,8.497592015,8.108129544,9.610131383999999,9.273022078,9.811006703,8.907047448,8.833456235,8.328170181,8.7303399,8.96385324,8.734123606,8.552185354,8.990865384,8.643807576
Ga0242637_111153,5.716073102,5.846293105,5.60685945,6.505497762,6.363485515,6.518388184,7.22867823,7.114982969,7.201198889,7.72670733,7.0470914360000005,7.141901312999999,5.146769223,5.458683587,5.192383963,6.033129442000001,6.058317027,6.000784126,6.140935227999999,5.967815598,5.870663298999999,6.682717975,6.067026782999999,6.512706494,5.410032329,5.34875458,5.35488028,6.606282247,6.066362448,6.879432773,7.662549964,7.554645612000001,7.328049635,6.637293215,7.720548895,7.20220628,7.026523678999999,7.174415403999999,7.483426269,6.477363137999999,5.528438668,6.043013147000001,5.844589955,6.209062446,5.876712489,5.4718936760000005,6.514223714,6.85010341
Ga0242637_111154,9.822314956,9.763380077,9.883808341,10.02397475,10.11351164,10.0996756,10.171062300000001,10.23116259,10.21110437,10.19093852,10.169077900000001,9.988178839,9.965133234,9.812443977000001,9.769282999,10.66806186,10.73097749,10.73284498,10.79145205,10.77535418,10.62946967,10.24424181,10.18325124,10.51965609,9.86506235,9.731411415,10.01980578,9.419299985,9.504255536,9.423938833,10.7035479,10.70111967,10.45685376,9.856312114,9.638596532000001,9.868181265,10.73588124,10.7988739,10.58543153,11.27847603,10.40084006,10.24214475,10.53863283,10.35333224,10.51707393,10.33115288,11.30908074,11.46845817
Ga0242637_111155,6.18921751,5.791084149,6.009251455,5.4977389389999995,5.770785618,5.807157282,5.799848765,5.866440742999999,5.880705882999999,7.660358248,6.031900167000001,6.10415414,8.710001772,6.349449861,6.7556690260000005,7.26572476,6.427877125,6.877770592,8.635717239,7.882525284,8.207518742000001,7.96900613,7.148351292,7.536022217999999,7.038154782,7.387957512000001,6.370162855,6.494409152999999,6.598230864,6.856556353999999,6.8688132170000005,6.974094147000001,6.0352413689999995,6.774538626,7.978950457000001,7.048344299,7.412828432,7.344481926,6.9645633579999995,6.60939271,5.377048301,5.7279088929999995,5.578933935,6.01967202,6.262835217999999,6.502794773,6.9030559039999995,6.617536594
Ga0242637_111156,7.228758716000001,7.264813479,7.395706361,7.276885478,7.282103091000001,7.148152056,7.469933642999999,7.699599981,7.3547830439999995,9.617584819,8.029122406,8.200308355,9.81686505,7.875334587,8.664274998,9.039648453,8.583582882,8.891079904,10.22365875,9.551620833,9.69127388,9.668768997,7.861225356,9.424357736000001,9.385623931,9.447533907999999,8.289191464,9.366722937999999,8.893939684,9.527057694,8.568839271,8.833803565,7.907721987,9.169969579,9.972676962000001,9.072972301,8.894750252,8.797022606,9.217212957000001,8.734849565,7.740978377999999,7.690740897,7.400505644,8.857260923,9.229520708999999,8.140911229,8.56150045,8.92417316
Ga0242637_111157,9.132623787,9.185206778,9.253822084,9.611743461,9.424366727999999,9.637490968,9.358098114,9.560746838,9.477023447,10.00542089,9.655307412,8.862154488,12.43346078,10.22316457,10.47770103,10.92551581,10.17702617,10.40484,10.98765582,10.17111348,10.23612673,10.14418338,9.464269219,10.14955328,11.05065769,10.91495205,10.15771156,10.82611016,10.30179115,10.89809251,8.880022496,8.882194885,8.859667629,10.86150932,11.01458112,10.69326791,11.34639545,11.27958831,11.17249658,11.69066771,10.01766285,9.921849567999999,10.36000292,10.78063291,11.19308226,10.60937094,11.47638447,12.00562171
Ga0242637_111158,8.61606414,8.398680827,8.219509769,8.754340864,8.438465289,8.758958147000001,8.293504772,8.436150394,8.295782632,8.688603056,7.828356146,7.363518192999999,11.50382922,9.330627174,9.245883854,9.133365445,8.755484436,8.660928086,8.854611094,7.815808811,7.707819635,7.82363899,7.492166087999999,7.8772248639999995,9.233435645,9.047835359,8.910664138,8.713161368,8.150220402999999,8.332242582000001,7.528635751,7.206604747999999,7.305810942999999,8.657312689,9.058152813,8.445366741,10.20654794,10.98234624,9.856385699,10.86667475,8.626579847999999,8.734174255,8.910138917000001,9.109299288999999,9.329702127000001,9.24734011,10.75420177,11.08456697
Ga0242637_111159,9.216519847999999,9.209886311,9.064772023,8.290659349,8.340444111,8.162168992,7.695665076,7.674080546,7.673037506,9.12630704,7.9975428,8.154600109,8.633921592,8.789425286,8.595199645,7.459192233,7.356035682999999,7.4121988729999995,7.369231856,7.574825945,7.457620293,6.85389689,7.400068956,7.0008682339999995,8.501889692,8.394375062,8.39388904,7.7513418110000005,8.224029563,7.955705818999999,7.615280431,7.616545862000001,7.481424896,8.634331513,8.07626204,8.044462074,7.3816884279999995,7.460036408,6.983950287000001,6.5448917589999995,7.968651526,7.868460415,8.087954576,8.010942136,8.082884413,8.015685423999999,6.473056715,6.574841795
Ga0242637_11116,10.04879696,9.998064341000001,10.13392967,10.08848672,10.20188884,10.23105896,10.01430218,10.06443766,10.01388482,9.666027027,9.795937282,9.825949896000001,10.58618261,10.31533437,10.29376064,10.26929025,10.25203393,10.24665012,10.51059691,11.14070282,10.85668633,11.80382974,11.36619734,11.70618282,10.12397005,9.913899727999999,10.15542245,9.701502134,9.986894915,9.946469092000001,9.742076585,9.742107073,9.877041361,9.80006188,9.921224633,10.0606683,10.92588334,10.8098034,10.87529331,10.64002503,10.17992345,10.2328992,10.08299525,10.6556077,10.80794127,10.60166145,10.59566405,10.71157671
Ga0242637_111160,10.79480903,10.77083533,10.83734304,10.27117425,10.30756966,10.2501181,9.673436916,9.803619579,9.730308552999999,10.09489493,10.29909041,10.38879552,10.67208275,10.73102153,10.51815242,9.324311699999999,9.07879844,8.942729198,8.557833631,8.554348496,8.407412892,8.194989582,7.993142961,8.078178282,9.935815972999999,9.927195524,9.946234392000001,10.22573061,10.42269238,10.16802585,9.423338778,9.287135344,9.524404379,10.04335294,9.966344883,9.941658967999999,9.5057244,9.469614129,8.925658732,8.588047213,9.245560459,9.387065656,9.091966305,9.629630159,10.02864715,9.927921035,8.604966055,8.850109899
Ga0242637_111161,10.06318015,10.15426711,9.977314765,9.440355211,9.499280121,9.389722828,9.000833949,8.877323838999999,8.790407069,8.770932016,8.612115917,8.868459686,9.965133234,10.1864095,10.2541355,8.021678278,7.987985225,7.5935708989999995,6.859515342000001,6.564324514,6.295147771,6.5466481420000004,6.506815658,6.982753397000001,9.78245469,9.762650713,9.826168089,9.811955517000001,9.955823926,9.752725509,8.376747341,8.385933097,8.558090349,8.905701084,8.60910375,8.907494892999999,9.534313347000001,10.53474349,8.1307265,8.13472919,8.317687917,8.667107565,8.424550832000001,8.944042407000001,9.511336416,9.105865178,8.117137159,8.255525506
Ga0242637_111162,9.563686234,9.616849452,9.513265605,9.049378236,9.140093356,9.076869136000001,8.66727781,8.72165325,8.729311735,8.747884987,8.595338137999999,8.817229149,9.546981152,9.785802108,9.635704398,8.146827168,7.9575685929999995,7.496335687999999,7.186378151,7.115364884,6.734981756,8.350045451,8.292888793,8.034903358,9.394623038999999,9.210737522,9.375420652,9.400049716,9.379003713,9.117622515,8.191793427999999,8.141216985,8.523189182000001,9.038053434,8.628483958,8.893109774,8.780058266000001,9.045347951,8.013056382,8.267098032,8.086554298,8.213760341,8.193366842,8.845443579,9.149537413,8.951199853,8.345014632,8.468528325
Ga0242637_111163,10.06675365,9.929669631,10.2308773,10.10575578,9.967539654,9.937054516,9.720862276,9.811831451,9.819478301,10.21003564,10.60382277,10.40731766,9.947109645,9.843065332,9.848175563,9.997491528,10.0349705,9.916435636000001,9.786953889,9.900415243,9.830658424,9.112431294,8.894247978,8.993847732999999,9.983117999,10.10248986,9.774898273,9.571598541,9.708319393,9.686223981,10.25018671,10.29304892,9.998664604,10.02580118,9.673221957,9.785901407999999,10.00171061,10.23027777,9.742989616000001,9.443131929,9.594435563,9.729273431000001,9.628988572,9.574861394,9.803256591,9.702713313,9.324207397999999,9.322419201
Ga0242637_111164,9.420209956,9.606265028,9.288470805,9.583474757000001,9.534535454,9.549313645,10.02189568,9.936163448,10.00101939,10.47765895,11.49779444,10.66535368,9.63967365,9.807885511,9.787547199999999,9.968116409,10.22675388,10.44528154,10.19972579,10.07990229,9.965458385,9.594882882,9.638425669,9.659039162000001,9.770060196000001,9.876691559,9.756892059,9.430728041,9.375769226000001,9.384535117999999,10.65836613,10.88905526,10.11509434,9.845236159,10.16299839,10.23831504,9.970668418999999,10.200135000000001,10.25356709,11.20394427,10.187482300000001,9.832857927000001,10.22233801,9.703496642000001,9.38508162,9.418276338,10.99466784,11.25039656
Ga0242637_111165,8.679682459,8.522067437999999,8.380328857,8.841562936,8.850724003,8.79480134,9.152087413,9.166112429,9.049771324,8.756570831,8.773694809,8.708963893,8.153452526,8.220895366,8.405095307,8.745279292000001,8.940505981,9.190078759,9.197468313,9.445311789,9.554950938,8.664365362,8.941671096,8.851467051,8.433671301,8.397563053999999,8.439761679,8.713161368,8.45614293,8.500199683,8.885012205,8.747311529,8.967446982,8.482471978,8.154108832,8.420505017,8.588867677,8.40375237,7.955330012,7.492867699,10.15315117,9.776702819,9.986581678,9.056972958,9.093640221,8.964376865,7.932310778,7.1981723639999995
Ga0242637_111166,9.747101527,9.875607155,9.644353986,9.725476459,9.735208757999999,9.700572904,9.749730448,9.560746838,9.537078396,9.465196628,9.386995155,9.35511852,9.423794919,9.722301061,9.698372011,9.721354945,9.796646437,10.15706181,9.900807188,9.626507947999999,9.739247382,9.141032758,9.561582968,9.518465242000001,9.424806792,9.465871781,9.767422977,9.630598407,9.549453918,9.656757323999999,9.271580558,9.35123029,9.429931817,8.806396647,8.615592794,8.852794663,9.109473525,9.134988262,9.623006597,8.533750984,9.950391836,9.648132103,10.1315434,10.09545508,9.753020944,9.914405691,8.816955802,8.601943819
Ga0242637_111167,7.8706103370000005,7.712643373,7.791289034,7.799142507999999,7.658538752,7.627941741,7.47547666,7.4697355960000005,7.425844642,8.333605085,7.48090545,7.786237576,7.871943181000001,7.620499000000001,7.405755711,6.656325108,7.054421832,6.8583257170000005,7.314541569,7.247838725,7.071413057000001,6.92145699,6.739535199,6.67952201,8.110022422,8.358834069,7.983270605,7.624355066000001,8.161535458,7.820481096,8.894940142000001,9.334960321,8.316351769,8.013514489,7.8582687710000005,8.011542364,7.8595768679999995,6.846441292000001,7.347889896,6.691129736000001,7.781508475,7.938395996000001,7.8763094570000005,7.454972124,7.7140794679999996,7.663742888,6.756440132000001,6.719041269
Ga0242637_111168,8.589809834,8.704330567000001,8.525002556,7.86895613,7.6701168310000005,7.897841558,7.959637963,7.694532098,7.906245207,8.670332761000001,7.516997896,8.374339174,8.258533428,8.444128314,8.237007323,7.4831319,7.4169355910000005,7.477350765,8.604155122,8.690895605,8.864174802,8.664365362,8.445454209,8.47128884,9.727958832,9.973857103,9.558080866000001,9.132531141,9.448387131,9.083577923,10.40929661,11.08661848,9.513130271,8.479609472,9.058152813,9.133884624,8.029896101,7.81865842,8.523907035,7.76215123,7.22805967,7.288171693,7.042394207,8.395095193,8.545605168,8.308737555,7.601273533,7.57887756
Ga0242637_111169,9.390099678,9.288125968,9.477358817999999,9.399664162,9.448092684,9.412972376,9.484389445,9.511178656,9.618513046,9.817596085,10.52296306,10.20421924,9.589431246,9.657903455,9.517095202,10.01606451,9.942239371,10.01514029,10.94240206,11.62695824,11.55285825,11.79710623,11.91232973,11.81313486,9.471484307,9.381451,9.647125622,9.411630675,9.499805401,9.499657395,10.43163368,10.50420762,10.08168652,9.565100283,9.499927935,9.546107807,9.219196923,9.273022078,9.06407324,10.98874474,9.363698557000001,9.262353797000001,9.554450283,9.607411871,9.713389353,9.697462101000001,10.79647278,10.89066551
Ga0242637_111170,9.172972758,9.143722221,9.154504333,9.178695073,9.004939339,9.117063655,9.269970536,9.330276096,9.309736583,9.282813419,9.689302501,9.661409632,8.943688198,8.899785989,8.734630154,9.366737877,9.448593508,9.565929009,10.0654632,10.72171165,10.6136237,10.79010657,10.81654289,10.72007884,9.251380467999999,9.28835067,9.101116571,9.257586337000001,9.250689933,8.952285961,9.514701308,9.578989551,9.409229338,8.97847257,8.872863179,8.982449206,8.693977946,8.219299159,8.674592199,8.418613498,8.958011119,9.088728404,8.954794171,9.165508033,9.419591964,9.131402859,8.49117131,8.365955214
Ga0242637_111171,9.203593189,9.185206778,9.208831109,8.927904552000001,8.917804367999999,8.875126474,9.066559005,9.051895934,8.998909362000001,8.940603738,9.035506257,8.807417524,8.938831937,8.95195363,9.039033852000001,8.952333885,9.038200348,9.07064407,9.148297799,9.333524406,9.415680197999999,8.900158472000001,9.239847221,9.143938182000001,8.908529483999999,8.793324882,8.916083188,8.797973406,8.936273154,8.783806287,8.779105632,8.789714128,8.778586887000001,8.554970506,8.17622753,8.366857447000001,8.575173557000001,8.690663091000001,8.692367447,8.483073119,9.159779472,9.17493665,9.453391576,9.032166934,8.703328368,8.782905162,8.339306382,8.365955214
Ga0242637_111172,11.10452266,11.29459779,11.18240137,10.76616122,10.86089632,10.65363471,10.29374932,10.39159944,10.47760047,9.554235897,10.40396959,10.043556599999999,10.77375289,10.76903994,10.74234782,9.758597435,9.625050768,9.564431042999999,9.296702318,9.351296427000001,9.54470236,8.802077452999999,8.432232528,8.693478613,10.02080399,9.842012477,10.02106359,10.51414925,10.90955182,10.55543752,9.751669046,9.701438412,9.87955199,10.09101633,9.64653924,9.92230987,9.41639245,9.686747951000001,9.820466844,9.002091132999999,9.891446887,9.873088931,9.758287943,9.85851447,9.785725419,9.733825405,9.122976947,9.050156301
Ga0242637_111173,10.3980111,10.28444918,10.46491861,10.613766199999999,10.64619933,10.60735526,10.87977231,10.93116291,10.98059507,10.371406,11.15983892,10.8740169,10.14981715,9.963542135,10.00514943,10.86987559,10.83710655,10.91783283,11.27715926,11.79437534,11.80872658,11.26640041,11.22096287,11.29579254,10.60301344,10.4124316,10.42522094,10.37615072,10.51157905,10.30200974,11.02670211,11.01183174,11.02141908,9.97995182,10.05375561,10.40472819,10.34612362,10.45111877,10.37318033,10.58902133,10.94209289,10.91872247,11.15092163,10.77129491,11.29056443,10.7959779,10.53453839,10.46681573
Ga0242637_111174,10.01343385,9.931790552,10.02351401,10.06079178,9.929519395,10.10824707,10.00475376,10.078119099999999,10.11407085,9.933198147,9.810547213,9.763044564,9.447921512,9.659928387999999,9.514517453,9.935964833,9.994351962,10.15008801,10.30021508,10.68247074,10.50416966,9.887102716000001,9.751851841,10.07888434,10.16662187,10.10833822,10.02983775,9.658407632000001,9.868772931,9.789393848,9.726872657000001,9.710925759,9.924011826000001,9.605046544,9.292852208,9.498202894,9.636742672999999,9.519289871,9.602785567,9.451942142,9.542330524,9.506971802999999,9.771964504,9.900235491,10.18838793,10.10096272,9.464527506,9.229251286
Ga0242637_111175,10.58406112,10.79025234,10.49411785,10.27117425,10.35046588,10.36424872,10.11092073,9.976379213,10.03927651,9.073989088,9.240931157999999,9.070657667,10.35694122,10.28482334,10.34180894,9.098931082,9.309022331,9.453891422,9.349320918,9.330541,9.313748505,9.438532488,9.537091301,9.527859112,10.53138525,10.37248975,10.50918723,10.11439031,10.31536083,10.18532699,9.606674344,9.680665918999999,9.666383697999999,9.414378238,9.041381947,9.039075917,9.27107988,9.314542223,9.551768719,9.083719515,9.238300446,9.122497822,9.058876613999999,9.881841608,9.794517635,9.724820146,9.051467816,9.144305303
Ga0242637_111176,8.200601627000001,8.03423916,8.047029495,7.702062055,7.732185979,7.627941741,7.632569735,7.4697355960000005,7.711463211,8.487628254,7.806652326,7.786237576,7.72168897,7.992469582000001,7.759383144,7.4831319,7.760223162000001,7.611094382999999,7.801791045,7.992330987999999,7.975393761,8.031456136000001,7.871058856,7.796602482999999,8.079092407000001,8.298718099,8.00377787,7.7513418110000005,8.027785487000001,7.772433565,7.779727749,7.9245279360000005,7.7683359439999995,7.6860797629999995,7.756231463,7.408526134,8.009674187,7.861317143,7.674446551,6.430516087000001,7.482835688,7.357903407999999,7.2651612629999995,7.6739626329999995,7.472425286,7.385343051,6.963715988,6.574841795
Ga0242637_111179,8.599711281,8.39253357,8.700481597000001,9.244184612,9.14424917,9.194241297,9.231190763999999,9.367362157999999,9.340702825,9.564164788,9.319646388999999,9.260007369,9.618572006,9.124648206,8.784697617,11.49378513,11.37329854,11.35605288,11.08558795,10.9757821,11.03657641,10.16985607,10.00943981,10.201350900000001,9.595301257000001,9.34723859,9.648753992,9.15567233,9.133013373999999,9.124814417,9.565311244,9.456499653,9.639972478999999,10.32746424,10.13165127,10.54071063,12.05374288,12.04380825,11.5460426,12.29905643,11.54942597,11.1743281,11.41338351,10.34496372,10.79777396,10.54358623,12.28133509,12.64123182
Ga0242637_11118,8.454495297000001,8.270463708,8.413755818,8.281089054,8.303756984,8.422606349,9.035009217999999,8.964094496,8.750990671,9.982157614,9.565564352,9.379604167,8.374571672,8.393910321,8.418946443,9.039648453,8.955973284,9.385975582,9.816762394,10.15939215,10.02380727,9.524263264,8.850191914,9.579965654,8.718058064,8.534184867999999,8.75002395,8.369560744,8.710968012,8.48537518,8.995255353,8.947861327,8.897322287,9.424832152999999,9.644954193,9.284763432,8.009674187,8.007749132,8.186146856,7.481435096,8.818928849,8.910767124,9.818836531,8.639143217,8.620041163,8.563775668,7.582063063,7.357675907000001
Ga0242637_111180,7.87605295,7.722480354,7.796367699,8.621617704,8.672282092,8.850360037,9.019920074,9.051895934,8.868984051,8.617273728999999,8.327191322000001,8.14943083,9.262138444,8.661855608,8.473058019,10.95147962,11.06161657,11.0875214,10.68772957,10.45207859,10.41133298,9.461392839,9.418073077999999,9.755486303,9.078994365,8.674831067000001,9.089172872,8.232615032,8.169029812,8.389101739,8.829152518999999,8.920862632999999,8.872328708,9.491706744,9.247615282,9.468192181000001,11.49196211,11.79428979,11.44000572,12.13597,11.14884838,10.52570237,10.75378106,10.02491385,10.24934657,9.983989247,12.03217151,12.48447592
Ga0242637_111181,5.419130355,5.753059007,5.237678875,6.254370739,6.213051455,6.3739876010000005,6.914461800000001,6.5676554000000005,6.580623502999999,5.97404317,5.527653255,5.8208499179999995,6.782738421,6.349449861,6.656167674,8.355706217,8.701449067999999,8.729370742999999,8.455429257999999,8.169758152,7.839441879,7.4946867720000006,7.9097357310000005,7.817184574,6.743297869,6.79301771,6.8724607870000005,6.494409152999999,6.330218,6.672313727000001,6.503507989,6.534978503,6.357482551,7.015095381,6.6686247110000005,7.136521457000001,9.021331800000002,9.293931521000001,9.111085211,9.978385669,8.510834688,8.054922361000001,8.152121767999999,7.358457914,7.529734682000001,7.5748738179999995,9.816412713,10.11347865
Ga0242637_111182,7.7213722979999995,7.8889534029999995,7.624262146,8.03759558,8.10486444,8.121343365,8.600380142999999,8.162895406,8.405305927,8.089613717999999,7.828356146,7.752538652999999,7.54756921,7.637044999,7.819106962,8.19834054,8.231994984,8.303203645,7.809720379,7.727823514,7.413228318,6.94329072,6.650909872000001,7.278369412000001,7.749332667999999,7.979364179,7.634490802,7.851130355,7.679842436,7.541077971,8.644349782,8.574448917,8.416575524,7.221173444,7.359838119,7.6286027579999995,8.088914303,8.46956262,8.480234135,7.922902637000001,8.988621226,8.989738667000001,9.013542195,8.501339388,8.18450281,8.287923264,7.870322837000001,7.589630387000001
Ga0242637_111183,12.70688836,12.7242737,12.59078916,12.21731371,12.21848599,12.23909893,12.16317927,12.16220141,12.30223612,12.23393947,12.37323658,12.60126459,12.25083611,12.48656248,12.38122834,12.17793242,12.14334782,12.13707757,11.87291604,12.04289287,11.9886625,12.54014607,12.93087479,12.40634329,13.03529925,12.92598144,12.89356775,13.33387203,13.43257761,13.35210568,12.30683685,12.49594456,12.2738507,12.21026088,12.24057619,12.17485047,11.86406883,12.11382986,12.09442483,11.97517185,10.97303768,11.23655805,10.82220341,12.18540632,12.26032663,12.15490422,12.02907254,11.93309239
Ga0242637_111184,4.877688899,4.55605399,4.737150617,4.422193692,3.9848634689999995,4.211327143,4.259752279,4.702102272,4.177226698,4.978420755,5.454693014,5.500353304,4.7121471669999995,4.918501658,5.139346887,4.671023263,5.153734003,4.907311251,5.2654368069999995,5.161685736,5.695750143,6.155449891,6.976738986,6.002435286,5.520015267000001,5.321969697,5.563790148,5.724145387,5.931483843,5.86832935,5.565573306,6.269445075,5.168190876000001,5.121895423,5.500333825,5.272613361,5.152609088,5.489425957000001,4.867664457,5.778988445,3.923781767,4.254488025,4.418181822,4.309901821,4.603319646,4.36583428,5.574061733,5.669500702000001
Ga0242637_111185,11.62071589,11.30486186,11.58102021,11.61159355,11.70070803,11.58284708,11.99903548,12.37567522,11.73995754,12.06999023,11.86230613,11.96631229,11.4403938,11.02101314,11.00589852,11.92408904,11.68967764,11.46764105,11.77609796,11.16769995,11.24081947,10.41400316,9.079493981,10.26639605,11.00261372,10.98072287,10.86066134,12.98207561,11.10728312,11.27353349,12.35685121,12.49891405,12.84368078,11.36998343,11.67977346,11.68431632,12.38235324,12.85885472,12.77423152,13.96066857,12.50230011,11.47676357,11.71599404,11.41780363,11.7361508,12.11804045,13.85876377,14.38440771
Ga0242637_111186,11.07170173,10.84473352,11.10164052,11.06133835,11.24541602,11.07202903,11.29533888,11.6860413,11.09519519,11.29802238,11.09493042,11.29615386,11.17780642,10.66802801,10.469739,11.94846757,11.53864616,11.28006028,11.54571965,10.88210555,10.91652842,9.955793581,8.445454209,10.044391300000001,10.20191012,9.920562943,10.45623797,12.46788286,10.27078449,10.20468735,11.76461148,11.91513981,11.80397022,10.819682199999999,11.04434461,11.18048834,12.10943047,12.7476834,12.66219909,13.47687575,10.95322095,10.91487339,11.06001662,11.18914507,11.34843126,11.79966822,13.37666417,13.86804563
Ga0242637_111187,9.315963544,9.017594893,9.542268138999999,9.475741341,9.197212743,9.21731632,9.169284989,9.43423898,9.106128144,9.067022962000001,8.881417976,9.176082004,9.413330138,9.252265612,9.10563204,10.18607961,9.905536751,9.756400497000001,10.27323512,9.990115164,9.785676793,9.322626782999999,9.079493981,9.098427485,8.785295259,8.822080847999999,8.623235893,10.309621400000001,8.677206616,8.696397857000001,9.903221686,9.908016994,9.836265471,9.414378238,9.473380605,9.656682401,10.34612362,10.48560697,10.26845542,11.19697377,8.847838778,9.068080676000001,9.395666803,9.241414777000001,9.57395686,9.934631521,11.08696651,11.223904699999999
Ga0242637_111188,6.817922597000001,6.5354457870000005,6.768209882000001,6.6314880679999995,6.612084897999999,6.607183947999999,6.595894845,6.452158806,6.566703287,6.430822582999999,6.15177356,6.841918981,7.162104601,6.846160434,7.068658919,7.459192233,8.061333303,8.214290798,9.191412875,9.209096395,9.13401191,9.51336571,9.558544152,9.450937524,6.662066702000001,6.59597934,6.681844582999999,7.289666196000001,6.674005457000001,6.266254644,7.603216876,7.977903416,7.213257329,7.200451515,7.359838119,7.700599386,6.85567705,7.403416726000001,7.317656578999999,8.246988537,6.141944919,6.560066151,6.313187963,7.166558437999999,7.145730761,7.104924672,8.220124005,8.060657615
Ga0242637_111189,11.66971087,11.60415646,11.77514971,11.75357755,11.68224966,11.70088866,11.33245254,11.39304294,11.60575644,12.62276945,11.52407169,11.42097025,11.73288748,11.63547853,11.499576300000001,11.59127693,11.18323561,10.89536995,11.39315752,10.38176389,10.52647452,9.923229846,8.840216231,9.537192207999999,11.41011106,11.43311581,11.36235664,10.93444247,10.91958179,10.84754969,12.26797529,12.49159352,11.92770216,11.84976004,11.89275192,11.94424067,12.13765339,11.67582929,11.82514077,11.61162331,11.46564575,11.43504447,11.57878168,11.58950197,11.83463262,11.67697405,11.52370511,11.74817012
Ga0242637_11119,14.58233797,14.36180215,14.51325813,14.93668041,14.88301137,14.84622972,15.03981973,15.08516327,15.09398451,16.15773261,16.93500952,15.88152296,14.66708583,14.56723342,14.34866818,15.70724116,15.53614408,15.60752017,15.77806011,16.19891222,16.15953821,15.67426499,15.50909612,15.94202655,14.85803396,14.47451004,14.98166103,14.48348691,14.42935812,14.386149300000001,14.91718965,14.83357849,14.8753587,15.5491975,15.49136968,15.05827155,14.64827216,14.39581187,14.39145263,14.54203493,15.78987533,15.82424356,16.17939264,14.61296057,14.90267291,14.6563665,14.65270018,14.51137869
Ga0242637_111190,9.244136463,9.36233972,9.091869654,9.093784412,8.905615126,9.103789531,8.863886363999999,8.892890399,9.024564492,9.137433719,8.543801143,8.655274689,9.546981152,9.511958641,9.562723989,9.043677328,8.89040254,8.666524604,8.779901781,7.890651932000001,7.928860299,8.021233793,7.257372247999999,7.6436635,9.051945953999999,8.847946207,9.022910366,8.675229174,8.826830944,8.696397857000001,10.34918694,10.54632898,9.749712579,9.152103858,9.367795538,9.727306527,9.562346735,9.441779551,9.728705666,9.47517634,8.702407642999999,8.76870771,8.812047947,9.484796778,9.212125941,9.356316029,9.324207397999999,9.631575398999999
Ga0242637_111191,6.041703224,6.443167615,6.592340957999999,6.516428697,6.473436736,6.628552452999999,6.456959832999999,6.440082296,6.202539906,5.587727367,6.442328847000001,6.10415414,6.946652267999999,6.719730384,6.881141457000001,6.299413316,5.663882817,5.661512323999999,4.701851585,3.261710257,3.64741757,3.735313503,3.963144162,3.613718618,5.806764082000001,5.7406836320000005,5.770229216000001,6.291727083,6.316763747,6.120041651,6.409537338,5.8546532970000005,6.0352413689999995,6.236619579,6.438804975,6.539493293,6.437684056,6.874497956,6.33887169,7.0727992660000005,5.941392431000001,5.955534791,6.126665356,5.840183939,6.082718732000001,5.821404777000001,6.918462087000001,6.885458696000001
Ga0242637_111192,7.627681306,7.88457946,7.94554081,7.711594573999999,7.791693252000001,7.834953414,7.8097512039999994,7.95825428,7.820953771,7.32089385,8.396625128,8.041952748,8.471915447,8.321555527000001,8.214946158,8.045985893,7.910705882999999,7.662422122000001,6.714897079,5.804834614,6.112517617000001,5.615986788,5.762437974,5.587314472,7.2671959820000005,7.188823161,7.127464824,7.073281307999999,7.631830617,7.58346882,7.584930152999999,7.74527014,7.441187283,7.902469684,8.117997841000001,7.936360054,8.368406927999999,8.650693433999999,8.399571132,8.944987656,7.699276052,7.4671131729999995,7.534964231,7.54542827,6.92846714,7.144075066,8.766806935,8.867881741
Ga0242637_111193,8.522004125,8.423011172,8.686874551,8.554354666,8.761557732,8.640509907,8.535543486,8.796866997,8.550129312000001,8.826988337000001,10.20960207,9.325634713,8.953351948,8.622937859,8.481002477,9.270321648,9.035776268,8.893468156,8.317659001,8.156340113999999,8.295726814,7.418824905,7.344673683,7.3787301020000005,7.809798504,7.557200002999999,7.580896624,8.110010428999999,8.287375105,8.290211272,8.771042321,8.642136325,8.293938268,8.817774138999999,9.060532813,8.878579761000001,9.304660042,9.678820992,9.097808822000001,9.559116602000001,8.552410219,8.434168109,8.51408485,8.101173553999999,8.044082042000001,7.83136893,9.40019078,9.649666392
Ga0242637_111194,6.29069105,5.983894141,6.378444875,6.548731879,6.550713739,6.399083778,6.5440336839999995,6.783667303,6.509635371,6.582012242999999,7.560878787999999,6.941044889,6.760872462999999,6.483747103,6.4117679270000005,6.9592605270000005,7.208805278,7.264971957,6.714897079,6.6814841320000005,7.141135131,5.771053014,5.581806815,5.634681831,5.054650004,5.238446731,5.10991984,5.325055145,5.5716295989999995,5.381364859,6.807009852,6.74679825,6.4818457920000006,6.3664751289999995,7.187546267,7.061276253,6.809599865,6.846441292000001,6.810194429,7.469911105,7.089610639,7.042057949,7.14411537,5.761581926,6.262835217999999,6.1179690110000005,7.471570599999999,7.523876547
Ga0242637_111195,7.739401513,7.973756739,7.87047637,7.83447176,7.838618253,7.928286234,8.30599961,8.244905072,8.481388389,8.572063326,9.205440459,8.887211592,7.61001435,7.926704492000001,7.876455305,8.419111545,8.399744493,8.369901177000001,8.562533294,8.594698514,8.521559215,7.936736853999999,8.146747092,8.15294426,7.692072984,7.896152325,7.853697615,7.689245926,7.925300786,8.206811436,8.831739077,8.665095984,8.545496505,8.589897599,9.181364132,8.854651818999999,8.049838389,8.567269813,8.588615787,8.977894463,8.247096423,8.226239867,8.739650504,8.0024523,7.786398269,7.732121531000001,8.783717677,8.786125434
Ga0242637_111196,12.44269628,12.43364398,12.50208946,12.50159027,12.46203691,12.50810656,12.79258897,12.87223275,12.91623508,12.7581328,12.95809585,12.69736288,12.12020274,12.21477274,12.07589039,12.50821075,12.4397366,12.410294300000002,12.43491327,12.555902699999999,12.56871759,11.95980164,11.65645105,12.15272164,12.68023573,12.53900621,12.61865609,12.41851484,12.63163726,12.54184426,12.90534348,12.78131193,13.07060542,12.15885286,12.53545287,12.43464797,12.01115534,12.18551322,11.98870983,11.64977364,12.918903199999999,12.92260995,13.20194859,12.93636723,13.02727808,12.87994622,11.83080007,11.61771061
Ga0242637_111197,9.485744626,9.370181104,9.435662364,9.398189467,9.365067912,9.450907868,9.261976935,9.331908514,9.330454422999999,10.18451622,10.65227805,10.05050501,9.537375728999999,9.410974793,9.517095202,9.733876237999999,9.589131243999999,9.517205382,9.282530304,9.467209566000001,9.595232342000001,8.452494946,8.371187717,8.671043066000001,9.794743602999999,9.83262218,9.674561012,9.151073693999999,9.062342475,9.201645675,9.351258156,9.398967378,9.257275782,9.959553631,9.707035767,9.44988144,9.38534208,9.403811142,9.141596394,8.739654638,10.12390431,9.801930873,10.28726722,9.246815214,9.233836823999999,9.196131844,8.660954961,8.450949116
Ga0242637_111198,4.689666095,3.942239546,4.3423987539999995,3.7585457030000002,3.727858533,3.632791763,4.028820076000001,3.437259219,3.2040458910000003,4.042654659,4.388768833,4.116088736,3.53504885,3.797966011,3.357279135,3.063272146,3.798069659,3.2503850360000004,3.5826343030000003,4.860785042,5.104939347,5.3129993319999995,5.674972682000001,5.264394062,4.414305016,3.9026848060000003,4.497285518,4.375801711,4.955471727,4.1851910939999994,4.267180386000001,4.2484376169999996,4.205940684,4.67152528,4.344097046,4.829070251,3.19781202,3.91283721,3.551058527,3.860946852,3.761569239,4.527271229,3.6742944960000004,3.755778032,4.079391123,3.8395838010000003,3.2361992219999998,3.707348591
Ga0242637_111199,13.27317555,13.37020706,13.34444701,12.81000156,12.75345856,12.88002826,12.78018965,12.82896142,12.96607289,12.31873433,12.3228522,12.92557247,12.73302598,13.12957538,12.96504742,12.36180985,12.20586563,12.09074259,12.47472278,12.3066033,12.29833762,12.94916724,12.63523684,12.62416579,13.20539818,13.09725294,13.36341048,13.80674572,13.99755315,14.13144936,13.37299762,13.496696499999999,13.21725236,12.77766522,13.15230314,13.11331673,11.71906638,11.57693405,11.65655963,11.94063968,11.78314413,11.7045295,12.32648659,13.0105977,12.93519972,12.96393688,12.190736099999999,11.89405851
Ga0242637_1112,2.7843994210000003,1.764951351,1.764951351,1.764951351,2.4640428340000002,2.891426793,2.4060372180000003,2.4271808669999997,1.764951351,1.764951351,2.58606159,1.764951351,1.764951351,2.587354007,2.64618703,3.063272146,2.492414675,1.764951351,1.764951351,1.764951351,1.764951351,1.764951351,3.6101325589999997,1.764951351,1.764951351,1.764951351,2.501599896,3.196494403,2.434624694,1.764951351,2.4650293580000002,2.80145218,2.4662029569999997,1.764951351,2.78199892,2.606994275,1.764951351,3.91283721,3.431922531,3.7022288089999997,1.764951351,2.640110246,2.667729675,1.764951351,1.764951351,1.764951351,3.2361992219999998,2.685057094
Ga0242637_111200,12.15052248,12.02429932,12.16344337,11.63369293,11.61796252,11.73910307,11.67108078,11.78588927,11.91955481,12.39789582,12.31166228,12.67505617,12.03431763,12.06809686,11.99845094,12.57306003,12.44636791,12.47690016,13.08342964,13.87076981,13.72408083,14.22320153,14.56667553,14.16233326,12.63386878,12.53122703,12.35327266,13.04647688,13.12661506,13.13748734,11.82913429,11.86255101,11.94638279,12.50250852,12.70057641,12.48317261,11.99067067,12.15083322,11.95444169,12.3904921,10.696701800000001,11.21480766,10.60889941,11.99984073,12.57931353,12.18499861,12.45533527,12.46271404
Ga0242637_111201,11.92891,11.74830998,12.21507108,11.60745185,11.55653507,11.59678842,11.51336371,11.75914309,11.73918302,12.42470929,12.59672667,12.74654053,11.87344146,11.92998273,11.75785719,12.44602748,12.35696023,12.28378968,13.25979971,14.15535333,13.92806779,14.85582262,15.02470727,14.61521857,12.18039432,12.03543242,12.04831534,12.71649797,12.78153527,12.96823519,11.83462497,11.71044613,11.86288647,12.43872729,12.8023773,12.43107421,11.6699886,11.86934436,11.68310014,12.18611248,10.50584373,11.02163287,10.54793686,11.89425704,12.2948178,12.03669013,12.37252951,12.22185547
Ga0242637_111202,10.53072123,10.60397668,10.420392,9.964436203,9.83241727,9.999821003,10.0104904,10.07519826,10.16916537,11.09840827,10.67939534,11.07343599,10.44690759,10.66147363,10.63904511,10.51542193,10.71440055,11.02627112,11.48698719,12.07310421,11.95858141,13.10155175,13.29704546,12.77838403,11.39718443,11.32886034,11.05922264,11.7606505,11.98310199,11.92980292,10.43248593,10.57518545,10.28758838,10.83039364,11.00349152,10.70206205,10.1006105,10.19736326,10.21719544,10.07659722,9.336759119,9.307092787,9.282376425,10.24955617,10.43698152,10.04624539,10.18909255,9.920497836000001
Ga0242637_111203,8.818988294,8.694370557000001,8.928035322000001,9.013227467,8.956131907,8.857156799,8.724244771,8.789757258,8.591915253,8.995446527999999,8.942390615,8.933051856,9.232681448,9.061710865,9.039033852000001,9.630524088,9.998092177,10.00744363,10.52391029,10.84390923,10.74587014,11.19885731,11.17308906,10.99303881,8.239545907,8.391180008,8.293362007,8.534013305,8.713532605,8.623799771,8.546968174,8.539375628,8.646248614,8.726554406,8.678926551,8.714422297999999,9.911962625,9.98877709,9.503922755,9.257940303,9.732599784,9.359010115,9.744480484,8.470895141,8.488950603,8.346134066,9.456640585,9.433992368
Ga0242637_111204,8.068982205,8.236545851,8.105481066,8.150526505,8.183707978,8.205426382999999,8.044112979,8.068124902000001,7.997177774,7.389536784,7.708633982,7.515932554,8.729817381,8.62086018,8.719040767000001,8.674291477,8.998917599999999,8.997041741,8.705366814,8.512837202,8.462895965,8.86057643,8.850191914,8.571596049,7.430175713,7.000280496,7.391528032999999,7.624355066000001,7.911962547000001,7.7290372210000005,7.366794355,7.343082005,7.526991935,7.431381899,7.213456654,7.248164114,8.655453538,8.626168997999999,8.752910584,8.614447659,8.903976472,8.356828295,8.682863538,7.941581458,7.663769918,7.658346193,8.728016966,8.58054733
Ga0242637_111205,5.8772684,6.182676609,6.265603366000001,6.367405363,6.33463195,5.983700409,6.468136681,5.971026083,5.7134626829999995,5.13022099,5.337731785,5.46731071,6.825498758999999,6.7731407610000005,6.865030088999999,6.815744047000001,6.780772057,6.714322657,6.456359786,4.926323084,5.4081854620000005,5.669565534,5.581806815,5.07047746,5.740284804,5.0872886280000005,5.289095496,5.18696924,5.9664109860000005,5.8452143020000005,5.540362097,5.491598912000001,5.383136995,5.596433381000001,5.7811300789999995,5.499843621,6.809599865,7.056937216000001,7.0589899,6.522732535,6.523292994,6.347729934,6.522144706000001,6.133161466000001,6.29629906,6.069892649,6.17221836,6.365290169
Ga0242637_111206,8.030455024,8.092286872,8.227051233,8.38897631,8.435076857,8.407250645,8.179295289,8.008121707,8.022866764,7.1986833589999994,7.828356146,7.3364721489999996,9.119214571,8.807806389,8.954071505,8.566407986,8.35766067,8.048437872000001,6.554112267000001,5.2661502030000005,6.055767905,6.629823533,6.604463303999999,6.139804722,7.457925781,7.342349185,7.327875679,7.912204267000001,7.981715397,7.766313475,7.656725327999999,7.414527809,7.533385517,7.655962776,7.520651021,7.501574507999999,8.905733439,8.89607571,8.695308809,8.655708394,8.862079336,8.806594582999999,8.794286368,7.985321207,7.77459421,7.836156427000001,8.697108911,8.786125434
Ga0242637_111207,9.072274304,9.186983672,9.744952977,10.22949204,10.32323295,9.745222036,9.042495014,9.106324014,9.118093639,5.933642772000001,9.357449836,8.899578795,11.7753867,11.16377182,10.99345696,9.782902137,9.356414761,8.583169681000001,6.089640734,4.385771447,5.4964242720000005,4.393970655,4.240772454,4.113428357,7.883260531,8.144070849,6.8724607870000005,8.468986714,8.446924966000001,8.834402053,6.663243297999999,6.491541595,7.181036455,7.34591595,8.50460134,7.946845908999999,12.36554727,12.28154768,11.68458095,10.32858596,9.647467162,8.871585926,8.145131442,8.132634015,8.600118382,7.994429027000001,10.22822295,10.54345641
Ga0242637_111208,10.85941796,11.17301178,11.431168800000002,11.87516653,11.92590202,11.61193639,10.72730161,10.77312306,10.72610627,7.092857844,10.26501954,9.425225981,13.68261042,13.35299843,13.14539212,11.31783019,11.14438684,10.62488427,8.082668068,6.754607339,6.805416191,6.783010875,6.901929214,6.2038558429999995,6.662066702000001,6.868539135,7.010675389,8.938032441,9.170828807000001,9.155571546000001,7.0663621139999995,6.974094147000001,7.5205698739999995,8.390981096,9.300926844,7.654425807999999,14.086205300000001,14.10645669,13.883189800000002,12.51306733,10.88744977,9.974573592,8.833946731000001,7.684616372000001,7.855262732999999,7.937649907999999,12.27312583,12.68856096
Ga0242637_111209,8.111129586,7.9192050929999995,7.750002638,7.411675001,7.485852556,7.562893636,7.79652799,7.778353485,7.551205359,7.790137292000001,7.48090545,8.102054171,7.462124154,7.645247336000001,7.806515592999999,6.656325108,7.082895785,7.196959859,7.442471472,7.914760661,7.839441879,7.661957976,7.984110162,7.817184574,7.70370827,7.783676522,7.7543202529999995,7.9497645939999995,8.104051024,7.88403661,8.155084837,8.136530396,7.9608597020000005,7.401436691000001,7.7145149989999995,7.7770285139999995,7.179241362999999,6.5998232429999995,6.831758237000001,6.60939271,7.645392652999999,7.616826792,7.46930196,7.910154642,7.877505654,7.859858367,6.686156919,6.31426495
Ga0242637_11121,4.140753994,3.869455631,3.49008882,3.9066627169999997,4.13185483,4.323638534,4.311789794,3.723610747,3.495777414,3.9610702360000003,3.795137545,4.2014779110000005,4.280950425,4.12786471,3.925317194,4.4900135830000005,4.687392958,4.94510423,3.5826343030000003,3.648450477,3.8028251330000002,4.632374016,3.963144162,4.672884133999999,3.752046685,3.0702452019999997,3.820616643,4.375801711,3.6541520239999996,4.023757596,4.551085283,4.7778405589999995,4.066401976,4.5432024019999995,4.524616065,4.315702191000001,4.995296209,4.856866072,4.4232196539999995,4.714516113,4.870542887,5.369221982999999,4.319533971,3.839256689,4.079391123,4.567961712,4.145636678,3.707348591
Ga0242637_111210,10.30020794,10.35252685,10.29953862,10.32804207,10.21478937,10.20109957,10.44967245,10.38375145,10.43327564,9.989544518999999,10.150535699999999,10.26880186,9.852160165,10.25967422,10.21259625,8.891042623999999,9.104471778999999,9.228420369,9.262452636,9.494122487,9.565127223,9.415304042,9.502721591,9.373160882999999,10.12613286,10.22058636,10.08018445,10.699561099999999,10.59461019,10.85261221,10.43928586,10.47851674,10.47688827,9.561044141,10.18170351,10.07825867,9.011197379,9.020472307,9.481948416,8.92824841,9.773353406,9.673412978,9.564963264,10.71785485,10.52765906,10.59955169,8.741063197999999,8.601943819
Ga0242637_111211,6.400676749,6.45503134,6.337160317,5.406232445,5.4312682,5.090210633,4.7827385,4.9973908069999995,5.305575205,4.506527245,5.210283856,5.32689956,5.85525438,5.835056992,6.4006253939999995,4.035114441,4.347036161,4.028070049,3.991602028,4.067851648,3.9413868460000003,5.171091359,4.994320674,4.845648752,5.466084075,4.640457153,5.184328131,5.420473985,5.722500414,5.935518384,4.786479382,4.5671028389999995,5.065064829,5.208172581,5.150333711,5.028822464,3.7220789030000003,4.737982187,3.759391237,3.7022288089999997,4.068024151,5.369221982999999,3.283209092,5.28672757,5.211812222,5.200017905,4.032303163,3.525262858
Ga0242637_111212,3.981339932,4.310766793,3.867591407,2.669405787,3.273794517,3.055524389,3.155796047,3.0574123839999996,2.506512943,2.9887932989999997,2.911501305,2.855977779,3.7419712460000003,3.351026898,3.357279135,3.3312073310000003,3.3308858669999997,2.934755081,2.957841924,1.764951351,2.653701924,3.208116214,3.7987871739999997,2.73549049,3.143822338,3.3393896030000003,3.19503281,3.609195169,3.34059104,3.8398030480000003,3.127659418,2.80145218,1.764951351,3.7001612999999995,3.328847895,2.606994275,4.377864054,5.25189535,2.761863632,2.682367728,1.764951351,3.775076592,2.667729675,2.9134069030000003,3.4799555860000004,2.7107655210000003,1.764951351,1.764951351
Ga0242637_111213,4.28318584,4.2559482730000004,4.159119162,3.285877101,3.629237593,3.720956082,3.017944431,3.324328978,3.2040458910000003,2.9887932989999997,3.152346767,3.5782764410000003,3.8339313660000003,4.221805808,3.989110611,3.3312073310000003,3.000261432,2.728466907,3.2071134580000003,3.00415308,3.003423942,2.8057856639999996,3.7987871739999997,4.113428357,3.752046685,3.2130425060000003,3.820616643,3.720385549,3.977831842,3.9350153569999997,2.955392989,3.2023231739999996,3.129829243,3.416535432,3.584336313,3.3863538039999996,3.19781202,4.856866072,3.149291978,3.042219942,2.713663973,3.621276007,3.283209092,3.351217807,2.792585865,3.080556652,2.638270533,2.685057094
Ga0242637_111214,5.156181191,4.764308352,4.860393744,3.7585457030000002,3.727858533,3.9538468489999996,3.388118941,3.8060999410000003,3.495777414,3.1652587430000003,3.6635147669999997,3.275040208,4.565772871,4.543578041,5.055868844,3.3312073310000003,3.586637633,3.698969074,3.409865375,1.764951351,3.003423942,4.105023658,3.7987871739999997,3.613718618,4.0874184730000005,3.976273982,3.607398345,4.088157498999999,4.047550568,4.259162309,3.127659418,3.0217587530000003,3.527022611,3.931277971,3.463431424,3.775624263,3.19781202,4.122987674,3.431922531,4.129906508,3.084464068,3.239141445,3.283209092,3.839256689,4.079391123,3.080556652,2.9824992530000003,3.525262858
Ga0242637_111215,2.493146696,2.686586935,2.4500833419999997,1.764951351,1.764951351,1.764951351,2.4060372180000003,1.764951351,1.764951351,1.764951351,1.764951351,1.764951351,1.764951351,1.764951351,2.64618703,1.764951351,2.783394397,2.728466907,1.764951351,1.764951351,1.764951351,1.764951351,1.764951351,1.764951351,1.764951351,1.764951351,1.764951351,1.764951351,2.434624694,1.764951351,1.764951351,1.764951351,1.764951351,1.764951351,1.764951351,1.764951351,1.764951351,1.764951351,1.764951351,1.764951351,1.764951351,1.764951351,1.764951351,1.764951351,1.764951351,1.764951351,1.764951351,1.764951351
Ga0242637_111216,4.921002898,4.725074123,4.936924235,3.8347331430000002,4.13185483,3.880786982,3.277942678,3.19900412,3.2040458910000003,3.1652587430000003,2.911501305,4.024865287,4.7577086710000005,4.613495265,4.735373538999999,3.7318454780000003,3.465611188,3.698969074,3.7340261939999997,3.261710257,3.64741757,5.094429967,5.37497316,4.7619335519999995,3.425532893,3.652763928,2.501599896,4.2396179919999994,3.977831842,4.023757596,3.524340602,3.35722349,3.278155795,3.999983807,3.6943890839999995,3.70695293,4.090071432,4.737982187,3.6595699839999996,3.52051745,3.35606442,4.351588736,3.6742944960000004,3.570185443,3.4799555860000004,3.224318896,3.617730023,3.310755737
Ga0242637_111217,7.7921748420000005,7.324173116,7.327164497,6.58032575,6.486607947,6.541106094,7.061806353,6.937527792999999,6.202539906,7.440753755,7.443886158,7.825663512999999,6.760872462999999,6.359469741,7.307880228999999,5.746170234,6.132970042999999,6.05313008,5.73610727,6.643480802000001,6.270436562,7.106981535,7.272294658,7.170493899999999,8.665490127,9.012925103999999,8.37433633,8.575790855,8.43454199,8.579118114,7.650877067000001,7.6563839279999995,7.526991935,7.872228009,8.261458713,8.079826453999999,5.540984152,5.414567487999999,5.420503095,5.000863439,6.141944919,6.560066151,6.409822867000001,7.262146799999999,7.163949333,7.167064709,4.032303163,4.721248791
Ga0242637_111219,9.968293442,10.03404753,10.05774642,10.10394769,10.18786573,10.23541275,10.36637954,10.20912687,10.36663506,10.48638757,10.67241373,10.61749432,10.08536161,10.26766351,10.09674543,10.62165228,10.75916926,11.05001415,11.69976695,12.01203531,11.9858245,12.16868745,12.02449475,12.10801525,10.28265686,10.23045186,10.42046267,10.24635688,10.46515956,10.407010699999999,10.2779537,10.42955627,10.125708099999999,9.97995182,9.97772269,9.999875413,9.810426511000001,9.714154247,10.00956773,10.18625394,10.04496566,9.923766126,10.023257699999998,10.65086303,10.56581998,10.58398513,10.269324699999999,10.00724206
Ga0242637_11122,1.764951351,1.764951351,1.764951351,2.409644588,2.4640428340000002,1.764951351,1.764951351,2.693612905,1.764951351,1.764951351,1.764951351,1.764951351,1.764951351,1.764951351,1.764951351,1.764951351,1.764951351,1.764951351,1.764951351,1.764951351,1.764951351,1.764951351,3.1110896560000003,1.764951351,1.764951351,1.764951351,1.764951351,2.502396276,2.434624694,2.509444961,2.7457562139999996,2.80145218,2.4662029569999997,2.681282262,2.998599355,2.606994275,1.764951351,1.764951351,1.764951351,3.306485327,3.35606442,4.149880037,1.764951351,1.764951351,1.764951351,2.4396198080000002,1.764951351,1.764951351
Ga0242637_111220,9.181787974,9.268121162,9.339801504,9.250736406,9.076275243,9.258970279,9.115291056,9.20225974,9.320132695,9.549245707,9.710880003,9.716620897,9.153153591,9.376910687,9.115872077,9.28400977,9.381450078,9.686510112,10.32669973,10.47927215,10.50681173,10.47892546,10.21640633,10.34644052,9.096748931,9.284911926,8.969182657000001,8.92462285,9.194887728,9.083577923,9.260104469,9.334960321,9.26305617,9.208512284,8.959581944,9.215637416,8.849961667999999,8.240998087000001,8.500555287000001,8.280350271,9.652937693,9.610550547,9.519744152000001,9.411352582000001,9.259465804,9.641138587,8.389885172,7.981234003
Ga0242637_111221,10.74660933,10.75175381,10.65230413,10.80896375,10.67592671,10.70602459,10.94263151,10.93814593,10.87667085,10.55271689,11.10237084,10.85905561,10.26196149,10.51926059,10.44828956,11.07963388,11.21196913,11.42329239,11.64930317,11.82331494,11.75195251,11.54669753,11.85031509,11.74831322,10.52566221,10.62521242,10.48021445,10.5883077,10.49825559,10.55099526,11.03626455,11.12615648,10.98807094,10.20890358,10.21840152,10.29275274,10.57663413,10.73149887,10.7704234,10.87215498,10.98175849,10.92543375,11.25603277,11.00382579,10.73369476,10.92850555,10.77549209,10.6564069
Ga0242637_111222,10.62098864,10.44378213,10.61758456,10.61567089,10.41035446,10.36345334,10.30934671,10.38768078,10.48501133,10.79681105,10.93244587,10.62403015,10.23051599,10.27230358,10.11472731,10.19697333,10.13007526,9.87353098,9.806894502,10.23632484,10.25981444,9.442367791,8.996594634,9.272441867000001,10.51497311,10.62180922,10.25499745,10.34226133,10.26029906,10.31359495,10.35189232,10.22404877,10.428844,10.54979242,10.30726155,10.27760535,9.856438049,9.706376859,9.564693064,9.708736058,10.35961506,10.46250434,10.27130681,9.976977737999999,10.42381935,10.40307699,9.824606672,9.641940872000001
Ga0242637_111223,10.87716459,10.79083667,10.79484687,10.47307164,10.47364691,10.43333746,10.43552784,10.54091511,10.37164134,10.56677724,10.59857086,10.77513338,10.43574845,10.49564576,10.42788689,10.07039048,9.884136824,9.833048326,9.586977291,9.681399049,9.510882547000001,9.173699842000001,9.087949403,9.060093015,10.78512825,10.82784079,10.73522577,10.39474781,10.71914964,10.44101914,10.70848186,10.640353999999999,10.59540526,10.52432515,10.32122287,10.30706474,9.970668418999999,9.919829755,9.899105711,9.857608072,9.763272421,10.16322514,9.608807966,10.39365059,10.46845557,10.430238800000001,9.781059647000001,9.789098455
Ga0242637_111224,9.512195819,9.658427267999999,9.557301613,8.91352435,8.840515449,8.804210997,8.4564898,8.535840132,8.605579168,8.278378717999999,7.6529585110000005,8.489269424,9.454741357,9.61366543,9.617802487999999,7.866543952000001,7.910705882999999,7.88520884,7.512169382000001,7.403643794,7.552769873,7.64873647,7.993142961,7.6436635,9.57327698,9.474954038,9.466873261,9.249004566,9.719844822999999,9.235260576,8.844602751,9.000388512999999,8.743180571,8.400093042,8.490548464,8.402843272,8.009674187,7.969264771000001,7.821716384,7.931328842,7.394123495,7.644990466,6.916604397,8.845443579,9.203349265,8.994663066000001,7.962333384,7.82622126
Ga0242637_111225,10.00972563,10.08734518,9.991773265,9.214327639,9.219047972,9.183465508,8.897298481,8.94288622,8.975423049,8.112351125,7.48090545,8.715973812,9.776608099999999,10.19131795,10.02158163,7.752998145,7.631256856,7.490035118,6.609726987999999,6.754607339,6.52137848,6.985989784,7.413591428999999,6.907926396000001,9.886910274,9.682593087999999,9.746283704,9.524376335,10.02042098,9.787884465,9.282966072999999,9.377283775,9.375830435,8.516386157000001,8.663351892,8.820851606,7.613790029,7.956205005,7.625930777000001,7.684519022999999,7.1527909229999995,7.76105012,7.446732691,9.025898201,9.449589762,9.25986311,7.780490195,7.914387389
Ga0242637_111227,8.417653222,8.490758109,8.31105716,7.799142507999999,7.8022537860000005,8.044018078999999,8.290364077000001,8.125731092999999,8.204448548,8.694642091,8.842847155,8.862154488,7.941580093,8.379235232000001,8.379823061,8.169129989,8.122017438,8.338691719,8.127763968,8.523327557,8.670391018,8.819877576,9.092158601,8.642498841,9.063277822,9.113281645,9.124711344,9.332608016,9.583498837999999,9.368467254,8.285347018,8.485112914,8.290168588,8.980498759,8.907649995,8.790127332,7.559172932999999,7.549724815,7.317656578999999,7.469911105,7.543017475,7.7086422070000005,7.587486987999999,7.923707222000001,7.529734682000001,7.7776299479999995,7.396575276,7.293347061
Ga0242637_111228,7.751296958999999,7.831030429,7.511423285,7.19087822,7.266930215,7.315491826000001,7.273919396,7.427591782,7.646839412,7.660358248,7.628423371,7.631687192,6.887349006,7.728667064,7.583576835,7.333140629,7.04480408,7.11742437,7.0456941429999995,6.772322245,7.071413057000001,7.763579935,8.046182986,7.523550500000001,8.140303028,8.029548227000001,8.386099733,8.13351537,8.465302358999999,8.554472911,7.118163414,7.075569456,7.236958876,7.8006257439999995,7.47854162,7.178665832999999,6.761999476000001,6.817827167999999,6.853003915,6.730321245,6.398391844,6.762316097999999,6.646290509,7.226128397,7.011311974,6.945622944,7.077872535,6.390139383999999
Ga0242637_111229,7.434615889,7.528652295,7.305949855,6.863129449,6.624051209,6.8171430520000005,6.889754745,6.6745667079999995,6.495007557999999,6.810732279,7.009569179,7.172814876,6.8567558779999995,6.839022841,7.137327013999999,6.033129442000001,6.336137352000001,6.184048724,5.3111713830000005,4.643484469,4.790629011,5.721208933,6.032308005,6.002435286,7.70370827,7.778794161,7.58770586,7.879212257000001,8.224029563,7.826376017,6.423343485,6.657935912,6.559156367000001,7.03863875,7.0695508579999995,6.566973832,5.422921493,5.92592229,5.681317807999999,5.9215911729999995,5.146328175,5.579486505,5.143286713999999,6.595669797999999,6.646816487000001,6.149148229,6.119789277000001,5.823730594
Ga0242637_11123,3.00145839,3.188618776,3.0999819539999995,3.3965277680000003,3.522085263,3.9538468489999996,3.155796047,3.19900412,3.927618893,3.1652587430000003,4.466516375,4.624800024,3.7419712460000003,3.518874686,3.2488538360000003,3.063272146,3.6967962130000003,3.1044040639999997,3.8692144980000003,4.287870375,4.181123441,4.927376411,4.840645444,4.672884133999999,3.930480587,3.976273982,3.607398345,4.1660224,4.350212306,4.459612024,4.742474206,4.7778405589999995,4.066401976,5.061310594,5.320156877,4.79806646,3.7220789030000003,3.91283721,3.85194072,3.7022288089999997,4.068024151,5.369221982999999,5.025201303999999,3.351217807,3.9089009,3.3514834060000003,3.908340615,4.359912367
Ga0242637_111230,6.354566335,6.673818836000001,6.026686716,5.6648314410000005,5.971856624,5.844248707999999,5.935121981,5.919686915,6.070517943,5.712555859,5.695239995,5.92163303,5.582596577,6.097306378,6.3082329779999995,4.753392565,5.189379758,5.24621047,4.555764506,3.942535777,4.475808083,4.927376411,5.06529812,4.113428357,6.511168131,6.840680637,6.61670195,7.013697155,7.153828832,6.809683649,5.614698535,5.54945943,5.466163537999999,5.984731603999999,5.608930552,5.610042742999999,5.845938526,5.814182763,5.362085789,5.064189077,5.015163076,4.950622766,4.510207018,5.590103557000001,5.876712489,5.657304546000001,5.6501581739999995,4.941547642
Ga0242637_111231,8.58649419,8.530489703999999,8.567205129,8.894822348,9.029860964,9.07492689,9.211402813,9.0198466,9.047270369,8.63308294,9.4207169,9.108438822,8.194779172,8.073712267000001,8.356980973999999,7.946196121,7.817804317999999,7.973653685,7.817606351,8.06594115,8.01305661,7.523947969,7.542266537000001,7.217718295,9.010397965,9.217968362,9.131715174,8.62304959,8.573731349,8.728226605,8.425509914,8.409433486000001,8.622462293,8.738576695,8.797816762,8.803649793,7.531068389,7.902750132,8.493813329,7.132506993,8.282823987999999,8.532907026,7.867841542000001,9.226913988,8.873426115,9.055446065,7.572360982999999,7.155377075
Ga0242637_111232,7.358878648999999,7.528652295,7.499015088999999,7.967721501000001,7.99408749,8.019988278,7.384124419,7.504903509,7.322039585,6.607872536,6.34516328,6.42876132,8.360113211,7.966522305,7.99586604,7.857415906,8.376942023,8.292384695,8.02253529,7.247838725,7.4355951739999995,7.621924089,7.726885338,7.419691114,8.165761254,8.378328544,8.216382466,7.769460847,7.3902768739999996,7.684294208,7.603216876,7.582485425,7.637950588,7.805206566,7.49271519,7.683979568,9.070962694,9.288732504,9.344446838,9.124702314,8.749130111,8.582281358,8.464407465,8.155787039,8.399564521,8.284424824,8.787914568,9.084762009
Ga0242637_111233,8.781783242000001,8.948045197,8.925720128,9.258884525,9.177071597000001,9.369265613,9.07388327,9.1082304,8.996318575,8.286398846,8.444250928999999,8.549372314,9.062301751,9.011845178,8.865814164,9.055696878,9.448593508,9.334173707,10.11268822,10.55790628,10.40142815,11.48016329,11.77311552,11.37686661,9.235440573,9.183294415,9.435142662999999,8.900166914,8.973125335,9.081115144,9.832666257,10.10436922,9.506648143,9.203316706,9.009709134,9.328182436,9.949596222,10.14653916,10.05148831,9.920318865,9.921220391,9.554751925,9.585762147,9.365752534,9.365546372999999,9.305447942999999,9.787361708999999,10.071918
Ga0242637_111234,8.904017725,8.836998293999999,8.819987951,8.819696112,8.753418956,8.679379525,8.623025842,8.566671556000001,8.591915253,8.802032196,8.607939732,8.622075031,8.44818843,8.557096085,8.517508816,8.560796068,8.734710524,8.924160895,8.888693132,9.260162511,9.286330385,8.59024325,8.773636449,8.693478613,8.703646978,9.000399317000001,8.579508491,8.672022668,8.507293746,8.582604734,8.502205258,8.48879463,8.42002928,8.112927015,8.013761331,7.879110215,8.731500201,8.451064069,8.72727403,7.5377125110000005,8.522836191,8.562733959,8.567346723,8.622620687000001,8.834166925,8.586680596,7.340513119,7.394938799999999
Ga0242637_111235,10.95185451,10.93578523,10.96627299,10.93126173,11.09466649,11.05784091,11.17279363,11.19515614,11.22644529,10.55271689,11.80600313,11.50733942,10.70677503,10.77185134,10.93296915,10.49644091,10.48754062,10.61116569,11.3221917,11.59685742,11.66355331,11.570549,11.44482766,11.36381244,10.9246147,11.15706193,10.89947761,11.11056268,10.98790445,11.0550306,11.55089648,11.61682207,11.44237136,10.64993893,11.10555197,11.26076077,9.965429155,10.12628037,10.13292824,10.85232796,10.84506485,10.61143761,10.17508376,11.37158768,11.66841261,11.41233599,10.86858271,11.07407977
Ga0242637_111236,6.700032449,6.752799575,6.6269949189999995,6.700191151,6.771185953,6.933274745,6.501155429,6.533969397999999,6.674468052999999,6.356469236000001,5.491639599999999,5.251130599,6.9271545439999995,6.962381567,7.061608635,5.860616327000001,5.446292747,5.544226111,5.8329961379999995,6.272086056,6.295147771,6.574910802000001,6.863014993999999,6.964407874,6.511168131,6.812272595,6.370162855,6.592764596,6.609303126,6.195007635,6.742434605,6.368856881,6.342976361,6.746210316,5.975869282000001,6.721672559,6.71277151,7.303809337000001,5.391594002000001,4.545835038,7.699276052,7.518764527999999,7.171906731,6.538028848,6.594011782000001,6.42856251,4.678308878999999,5.071312206
Ga0242637_111237,12.81831286,12.82213136,12.82992181,12.85436692,12.84118792,12.98006111,13.10538927,13.15249763,13.18777,12.59559643,12.6053931,12.54628588,12.49368119,12.66060201,12.55638301,11.99810014,11.9887058,12.07504855,12.44512816,12.44061432,12.44226984,12.20638953,12.59798293,12.45557465,12.58143736,12.36978305,12.58311787,12.90137797,13.03872457,13.03018854,13.24301378,13.23807577,13.21253047,12.27586762,12.31148119,12.67654138,11.99324722,12.02985414,12.07253583,11.336716599999999,12.31054546,12.4899965,12.69373104,13.22960412,13.33007229,13.12404938,11.54245557,11.25039656
Ga0242637_111238,9.680245699999999,9.778779231,9.792738565,9.508914433,9.532951492,9.495151692,9.672231073999999,9.595138119,9.577503896,8.894127798,8.754932083,9.279064652,9.597157119,9.898142122000001,9.66272966,8.935086204,8.609896126,8.43692881,8.52930949,7.357472189,7.379013552999999,7.067769123,7.196087837,7.248362872,9.319118148,9.241221381,9.537133231,9.794369706,9.936196395,10.0086969,9.646884471,9.661222155,9.74145496,8.924767226,9.21380122,9.499390434,8.31996229,8.558655828,8.452686114,8.300003086,8.23255386,8.657925038,9.298215848,9.905935815,9.823443949,9.990444508,8.496310136,8.14325076
Ga0242637_111239,8.443541143,8.473389451000001,8.185076534,8.157517455,8.300036421,8.212511477,8.600380142999999,8.563895772,8.420846855,7.036880277000001,6.635467096,7.308908906,7.989339299999999,8.462808309,8.585407037000001,6.4284771339999995,6.500095625,6.467076724,5.702296605,4.988943819,5.16019695,5.615986788,6.100925536,5.434983135,8.087997446000001,7.909614462,8.038978534,8.636272503999999,8.656030657999999,8.65062372,8.038996532999999,8.054436062,8.048269402999999,7.046401815,7.221990955,7.753327763,6.097225568,7.081211592000001,6.495792927999999,6.730321245,7.7512182,7.5783984879999995,8.109662395,8.178574252,8.166551345,8.280917879,6.918462087000001,7.266789509
Ga0242637_11124,1.764951351,1.764951351,1.764951351,2.669405787,2.4640428340000002,1.764951351,2.664422505,1.764951351,1.764951351,2.485405011,2.58606159,2.855977779,2.7522056530000003,1.764951351,2.392844266,2.697953195,2.492414675,2.452468344,1.764951351,2.654240015,3.003423942,2.8057856639999996,3.3872535110000004,3.1138557000000002,1.764951351,1.764951351,2.501599896,2.502396276,2.434624694,1.764951351,1.764951351,3.0217587530000003,2.4662029569999997,3.040752658,3.176288832,2.940004623,1.764951351,1.764951351,2.761863632,2.682367728,1.764951351,3.239141445,1.764951351,1.764951351,1.764951351,1.764951351,2.638270533,1.764951351
Ga0242637_111240,8.670316745,8.643512065,8.664832721,8.475433621,8.461964024,8.397958137,8.212859712,8.223956709,8.253010678999999,9.555895465,10.60591819,9.967769489,8.600485331,8.606232022,8.70780143,8.669084695,8.734710524,8.794712576,8.8353228,9.4146491,9.310727653999999,8.843274473,8.70383434,8.636721584,9.047388164,9.293493466000001,8.502347775,8.847134615,8.468342622,8.554472911,8.296625814,8.397731151,8.507041487999999,9.33108172,9.194426619,9.215637416,8.088914303,7.7446304360000005,7.674446551,6.911715274,7.950992961,8.238612342,7.2651612629999995,8.215770706,8.510457671000001,8.437167671000001,7.522846399,7.002785096
Ga0242637_111241,6.571620065,6.836763426,6.174748645,6.227997229,6.228823567999999,6.227533759,6.2651973110000005,6.17443777,6.552647097,5.827360771,5.597064109,5.92163303,5.935707702999999,6.4928765010000005,6.259710054,5.664450563,5.76139589,5.790628498999999,5.632178636,5.76988924,5.695750143,6.629823533,6.6735829429999995,6.512706494,5.989481926,6.015082574,5.971645017999999,7.17650391,6.942582398,6.967469501,5.898480042999999,6.416098498999999,6.342976361,6.152672289,6.015773707999999,6.2539930660000005,6.437684056,7.478426019,5.530609974,6.749524052999999,6.398391844,6.3927792210000005,6.646290509,6.10164103,6.082718732000001,6.086097661,6.739188362,6.885458696000001
Ga0242637_111242,5.6914885889999995,4.875814748,4.737150617,4.422193692,4.946538308,4.4273871830000004,4.502119858,4.430657805,4.679316307,4.7147717380000005,4.739976276,4.5626886739999994,5.040895261,4.862585374,4.457275895,5.224692397,4.636168732,4.291204563,4.895776856,5.048901257,4.790629011,6.038401672000001,6.067026782999999,6.1066750260000005,4.815079697,4.595882851,4.990409729,4.992980103,4.9199410210000005,5.015657664,5.061046701,4.917352993,4.391441637,5.179993123,5.254644798999999,5.180067749,7.179241362999999,7.7446304360000005,4.734680932,5.9879025189999995,5.665297426,6.098503088999999,6.18247369,4.862887133,6.262835217999999,4.567961712,5.451725904,5.131981726
Ga0242637_111243,8.710469485,8.788666383999999,8.740549155,8.551703926,8.660723892,8.576054174,8.519539213,8.451249819,8.333222081,8.229298242999999,8.569799795,8.128566426,9.330473965,9.191968318999999,9.333315881,8.571998155,8.661124975,8.729370742999999,8.903586022,9.146009762,9.140831954,9.622190395,9.661269096,9.600886011,8.48850168,8.504923126,8.428429562,8.52693121,8.626396623,8.507555189,8.445913863,8.440183356,8.42002928,8.202458639,8.244810645,8.233328353,8.49016093,8.601220385,8.585448372,8.885530245,8.723360231000001,8.407020317,8.395392085,8.332127527,8.111316102,8.148628823,8.957720412,8.863459264
Ga0242637_111244,8.846968527000001,8.836998293999999,9.028550802,9.011299467,9.056565982,8.825160955,8.623025842,8.652788655,8.591915253,8.085022902999999,8.681321405,8.708963893,9.317437575,9.102484467,8.921361231,9.166996991,8.898430221,9.016893081000001,9.148297799,9.445311789,9.313748505,9.305883217,9.058136028,9.268711396,7.908615697999999,7.798225198,7.909107805,8.596234475,8.907442842,8.623799771,7.998126772999999,7.891527916,8.28259954,8.644590596,8.923426819,8.335281345,8.780058266000001,8.74482289,8.613707797,9.05702,9.574395507,9.321702681,9.233787157,7.726461193,7.726387292,7.78259891,9.089366672999999,9.162419595
Ga0242637_111245,9.466034123,9.521491393,9.638711101,9.481323434,9.564304932999999,9.479086074,9.725520179,9.664148819,9.9362651,9.840925055,10.82501675,10.37778802,10.22753253,9.967635027,10.25722252,9.545001666000001,9.65220687,9.874740167999999,10.09495677,10.35264952,10.31361859,10.15824327,10.07683102,10.048748300000002,9.77558201,9.345589013,10.16455719,10.82971154,10.84902867,10.59912369,8.897411487000001,9.002965328,8.874847642999999,9.931550442999999,10.12938591,9.436304293,7.317314586,7.759743187000001,7.721382902999999,7.9889727520000005,8.126430816000001,8.760151541,8.758093345,9.636503779,9.691589561,9.27051126,7.969742385,8.14325076
Ga0242637_111246,9.536453552000001,9.576750966,9.539242553,9.26213093,9.23277299,9.23481853,9.543617432000001,9.567690996,9.771800131000001,10.02232537,9.888359596,9.825949896000001,9.540584648,9.838602752,9.674323686000001,10.11702055,10.395062699999999,10.43875579,10.89381937,10.82070903,10.62582833,10.33780837,9.824487103,10.30150684,9.574861342,9.565600773,9.48521742,9.760052346,9.991128529,9.486690281,9.858262557,10.11274378,9.680850324,9.458656919,9.446335577000001,9.412547617000001,9.732379038,9.532546108,9.503922755,10.92056222,9.076737293999999,9.158753343999999,8.930608277000001,9.377288386,9.710295193,9.339558508,10.87253995,11.02245365
Ga0242637_111247,6.584989301,5.8642331620000006,6.337160317,5.089998068,4.946538308,4.8539482210000005,5.438643431,5.349278414,5.43448405,6.8437422660000005,6.876928753,7.141901312999999,5.91601374,5.918886473,5.139346887,6.096716606,5.830404259,6.1036337529999996,8.049570958,8.228640837,8.32596652,8.366288349,8.011040587,8.15294426,5.227274716,5.294670595,5.10991984,5.257689957,5.453188999,5.59087327,6.278926952000001,6.520644754,6.053191622000001,6.882587632000001,6.510290928,6.8687259229999995,6.375740119,6.665550105,5.204594678,5.000863439,5.377048301,5.762726817000001,5.944906754,5.341992759,6.1205945879999994,5.421515594,5.824370985,5.449890901
Ga0242637_111248,5.898883959,5.7336607939999995,5.535401821000001,4.681923201,4.0603926580000005,4.6986458419999995,4.205635493,4.47976412,4.387612859,5.13022099,4.800700892,5.211674346000001,4.92643527,5.4013783470000005,5.21817652,4.281559972,4.281103862,4.459643842,5.11866428,5.697329897,5.104939347,7.0068739110000005,6.71788509,6.380475612000001,4.354923841000001,4.348487282,4.765490421,4.613261821,4.9199410210000005,4.578634773,5.350179206,5.684617141,4.605178942,5.794486489,5.076266476,5.106465173,6.497069943,6.78863294,3.759391237,4.353666799,5.266368163,4.68310128,4.213173858999999,4.613783816000001,5.582626785,4.419220102,4.750068729,4.721248791
Ga0242637_111249,7.763095077000001,7.789521956000001,7.931760625,8.524925113,8.564764697000001,8.627317077999999,9.554129699999999,9.71131705,9.725623844,11.27099775,10.88059674,10.66987297,8.115218209,7.669578047000001,7.798059847999999,9.334213684,9.477460481,9.75771191,10.98328142,11.36648635,11.39566851,10.88192936,10.43431215,10.89723265,8.038324969,7.957927563999999,7.7901818039999995,7.272824524,7.396676545,7.421535476,11.4366065,11.80428407,10.78678186,10.43627913,11.54264588,11.04555138,10.63059,10.74104679,10.62838289,9.098757407,9.457341742999999,9.074996141,9.535866178,9.20303483,9.284647402000001,8.946780631000001,9.191108152,9.20498781
Ga0242637_11125,3.698529345,3.0479219410000002,3.3742476210000003,3.7585457030000002,3.273794517,3.632791763,4.205635493,4.025988985,3.927618893,4.7147717380000005,4.466516375,4.116088736,3.416771273,3.154430736,3.1287230089999998,4.281559972,3.465611188,4.028070049,4.302796251,4.385771447,4.181123441,6.038401672000001,5.996728318,5.8900235279999995,3.425532893,4.045959163,3.607398345,3.917216817,3.977831842,3.73698757,6.52926659,7.343082005,5.028947718,5.235803123,5.757763161000001,5.7448849079999995,4.090071432,3.91283721,4.480248635,4.129906508,4.526930893,5.323171115,4.418181822,3.570185443,3.4799555860000004,3.991945537,3.7713112289999997,4.639364039
Ga0242637_111250,9.390099678,9.373305762000001,9.534692243,10.2344588,10.15734919,10.18318133,11.00382479,11.00719981,11.14223935,12.79548805,12.57469634,12.14313361,9.566002233999999,9.325533437999999,9.55897623,10.26584544,10.51303396,10.72950715,11.91853463,12.26658035,12.25027051,11.67529253,11.14904808,11.68534683,9.76034587,9.959908598,9.418057232,9.038557283,8.9964788,8.869077517000001,12.66074033,13.02848616,12.00015083,11.75942957,12.63721506,12.18798294,11.63741584,11.23973255,11.32792339,10.02636221,11.03719395,10.67084204,11.29049041,10.30755439,10.34820431,10.25277151,10.16992616,10.09662103
Ga0242637_111251,8.14758711,8.383263281,8.430183222,9.366867462,9.372172088,9.229590127,10.77076398,10.68837283,10.7447481,11.43327751,12.13465916,11.71094838,7.814767265,7.747837295,8.179582102000001,8.895507989,9.115992127,9.298575985,9.911897662000001,10.79171651,10.60007827,11.30693196,11.62193294,11.3149104,8.332397549,8.626741714,8.397767975,8.090926712,7.741468267,8.160899867000001,10.95970387,11.08114199,10.47439912,11.55164281,12.49247306,11.82332836,10.64376945,11.22619881,10.69602038,11.35874559,9.829990557,9.33904146,10.55190601,8.952880826,8.839841221,8.742681767,11.2256859,11.43084453
Ga0242637_111252,4.585211685,4.600275824,4.503928157,4.966678205,5.256720726,4.993760535,6.606046514,6.715202637000001,6.6215940479999995,8.089613717999999,7.692944852,7.825663512999999,3.28524747,4.078302471000001,4.457275895,5.532382361,5.531821900000001,5.92787885,7.085444637999999,7.96180169,7.79688886,8.854832137999999,9.070988708,8.391198034,4.0874184730000005,4.401657499,4.497285518,4.613261821,4.350212306,4.789837801,7.747208644,7.885953742000001,7.01730402,8.378741596000001,9.292852208,8.559078204,7.741914006,8.032846436,7.549951694,6.691129736000001,5.322784787,5.796717903999999,6.606086874,5.28672757,5.527144606,5.107153384,7.246015427000001,6.596347517000001
Ga0242637_111253,6.68769462,6.406977727999999,6.15903142,6.661334644,6.53811905,6.423749481000001,7.407510908,7.409146036,7.330295445,9.619173128,8.561185539,8.561098114,5.7918038570000006,5.945774446000001,5.5576329520000005,6.99301164,6.780772057,7.28694767,8.41442252,9.351296427000001,9.220252455,10.90851264,11.23054084,10.59904178,6.15153208,6.142452997,6.731916091,6.223142734,6.506445147000001,6.632456863,9.423338778,9.624880015,8.392164868,10.38595788,11.16260722,10.39007744,8.731500201,9.219382835,8.24755444,8.052148145,7.924092957,7.31179242,8.535626168,6.755914837000001,7.31831415,6.618590199,8.310421271000001,7.931391763
Ga0242637_111254,4.472236948,4.198816504,4.159119162,4.46901742,4.13185483,4.151463913,4.953460831,5.030295955,5.126023564,5.993824463999999,5.296506438,5.969486165,3.53504885,3.594743442,3.547885515,3.547978091,3.891911795,3.379426388,3.991602028,4.643484469,4.066657595,6.733737546,6.481331944,6.927000692000001,2.9697458610000003,3.741635782,4.003383257,3.917216817,4.454607607,3.73698757,5.614698535,5.877376281,5.264318318,6.793119204,7.7084557479999996,6.629125069,5.152609088,6.38244659,4.780426735,5.292467671,5.146328175,5.796717903999999,5.025201303999999,4.567563977,3.9089009,3.991945537,5.270333342,5.449890901
Ga0242637_111255,11.11434019,11.13024812,11.32405559,12.13360702,12.31080461,12.46315204,12.78981188,12.85998117,12.85678025,13.25735117,13.4776221,12.87029348,10.365109,10.11587778,9.975466328,10.60129615,10.53035672,10.40651306,10.64405839,11.04019917,11.00981803,11.1480966,10.77525633,10.7972006,10.52320252,10.50917492,10.59530544,9.462624395,9.819628616000001,9.396469651,12.07462486,12.01999132,12.13339292,12.97995273,13.21025531,12.41684712,12.53868738,12.41934807,12.29944362,11.27434288,10.82703023,10.7806674,10.59870304,10.67309541,11.19529707,10.75296432,11.50470775,11.27807305
Ga0242637_111256,13.75200745,13.69760891,13.80000211,14.8220279,14.92331835,15.11565872,15.56587994,15.65387986,15.56473342,15.72200423,16.47314404,15.73933768,13.07510656,12.75384591,12.57382064,13.34014511,13.26258998,13.17957083,12.90205406,12.62662503,12.672375500000001,12.61977998,12.48368528,12.57969473,12.92191973,12.57306209,12.95819435,12.37776684,12.47231094,12.33777963,14.93628028,15.02891023,14.97740189,15.50694979,15.93006297,15.02363843,15.15241428,15.36325913,15.10861672,14.55308042,13.39917508,13.11038687,13.66837016,13.63963319,13.9471136,13.65733786,14.73583217,14.73383732
Ga0242637_111257,4.585211685,4.310766793,4.021383903,4.101398217,4.82588164,4.211327143,4.090398034,4.742600255,4.679316307,4.614551348,4.739976276,5.289520007,4.92643527,4.078302471000001,4.318467398999999,4.753392565,4.527676153,4.405768825,4.954887797,5.106417025,5.047435514,5.997163747,5.532841605,5.48758844,4.414305016,4.348487282,4.765490421,4.375801711,4.59770328,4.329301877,5.290825408,5.943460536,5.354349848,5.462924877000001,5.38278311,5.48062052,5.845938526,6.697321291000001,4.363716926,4.353666799,4.621105128,6.071026256000001,4.896326773999999,4.936962314,4.489924871,4.744292858000001,4.437674205,4.552351294
Ga0242637_111258,5.260571412,4.684705087,4.503928157,4.831518636,4.495743092,4.816707948,5.2691012960000005,5.213102528,4.7309567139999995,5.299605908,5.377795913,4.7960525910000005,4.7121471669999995,4.712183976,4.661434729,5.93213082,6.304208793,6.848503936,7.606232962999999,8.3632012,8.064184962,9.748379108,10.19699574,9.681659554,5.090900202,5.266836838,5.147612545,5.257689957,5.29670126,5.056780545,5.708156084,5.4617641070000005,5.324968256,5.508829662999999,6.267783408,5.610042742999999,5.751330366,5.414567487999999,5.5826326360000005,7.117810401,5.377048301,4.754924248,4.962237235,5.368840404,5.527144606,5.200017905,7.021924626000001,6.902816122999999
Ga0242637_111259,7.319463545,6.89884384,6.638363267000001,6.601009441,6.781904882999999,6.916006528,7.0544158370000005,7.004612947999999,7.210174541000001,7.433547515,6.776231467000001,6.146374915,6.521737207,6.418165544,6.296254961,8.663859052000001,9.167831992,9.452272417,10.53471241,10.73192273,10.74139005,12.22432065,12.4553746,11.9463683,6.47083431,6.080180081,6.990255798,6.435031687,6.395663035,6.300595808,7.763559863999999,7.739099669,7.441187283,7.358440016,7.690123708,7.492057998,8.164026599,8.374602082000001,8.160832572,9.460698876,6.615950569,7.0838226639999995,7.909692476,7.835641186,7.77459421,7.522367652000001,9.687567479,9.422013022
Ga0242637_11126,3.893771605,3.425456982,3.5957216260000004,4.216990205,4.0603926580000005,4.0230464239999995,4.4102561080000005,4.5271795930000005,4.679316307,4.449171825,5.337731785,4.7960525910000005,4.1479527,3.351026898,3.925317194,3.7318454780000003,3.979426665,3.8739550510000003,4.206860836000001,4.71973642,4.859361138,5.721208933,5.996728318,5.680529589,4.011281094,3.453203863,3.820616643,4.309413512,4.047550568,3.502034565,7.633188597999999,8.127111281,5.842181737000001,6.0008374479999995,6.482121393,6.433987098999999,4.377864054,3.662028972,4.480248635,4.353666799,4.7922398369999994,5.122407431,4.962237235,4.251984307,4.603319646,4.19184173,4.250125233,3.707348591
Ga0242637_111260,8.321207979,8.277152607,8.238290006,9.263751397,9.102142251,9.292786115,10.03508887,10.03767989,9.93761609,10.30684014,10.79410714,10.05742012,9.198553145,8.882547136,8.801712886,10.6310544,10.76868872,10.81890981,10.60473066,10.84704418,10.83687446,11.08325488,10.93960548,10.99529788,9.449198392000001,9.444454805,9.497920938,8.232615032,7.866589133,7.987619696,10.04370665,9.924420777,10.01131211,9.78969973,9.616121449,9.787846567,10.5523787,10.64463513,10.38597974,10.47839161,11.80480702,11.42018696,11.88073841,10.26914913,10.54513016,10.25098041,10.4940135,10.56812449
Ga0242637_111261,8.217848768,8.30032245,8.196645858,9.242542004,9.248300477999999,9.27935475,9.687828938,9.760632537000001,9.75657167,9.3627331,9.693249763999999,9.073389383,9.1552485,8.882547136,8.719040767000001,10.38018054,10.36254842,10.48462026,10.02517641,10.00516133,9.914632595,10.22655797,9.922291358999999,10.09371953,9.213231604,9.017076312999999,9.36753132,8.022072076,7.866589133,7.944908966,9.423338778,9.46586919,9.470466264,9.220563021,9.185731449,9.195263081,10.28013467,10.25980361,10.092225099999999,10.27000913,11.51529455,10.87382561,11.46831767,10.02071677,10.03854957,9.892744028,10.29756188,10.3950951
Ga0242637_111262,8.461752121,8.482099922,8.490954858,8.892729301000001,8.806829706,8.799513841,9.095635556,9.005597962000001,9.009226229,8.840668545,8.521771807999999,8.23975644,8.776837257999999,8.725117297,8.756612452999999,9.516295944,9.721716546,9.728581818,9.598463702,9.546487385,9.575232227999999,9.720222904,9.464269219,9.661886184,8.358390376000001,8.422816467,8.401636508,7.787355036,8.111849288,7.808618463999999,8.999862594,8.926302948,8.941247639,8.687395586000001,8.622052777,8.818950392,9.562346735,9.329809279,9.312238639,9.630701227000001,9.842014182,9.534826512999999,9.725862537000001,9.054922004,9.185634081,9.135291915,9.685319494,9.628972352
Ga0242637_111263,8.84141573,9.085851117999999,8.789754191,9.049378236,8.910503189,9.141396156,9.841629974,9.781091672999999,9.807705666,10.05085145,11.83799919,11.11645134,8.73822716,8.913430263,8.799596921000001,9.02341948,9.500496884,9.471581579,9.324635392000001,9.360101002999999,9.217029112,9.835538303,9.898454861,9.703930732,8.638469868,8.953517848999999,8.783021981000001,8.716277816,8.620942592999999,8.834402053,10.9620667,11.3317866,10.24343874,9.893346717,10.70954015,10.48425139,9.922815629,10.33234186,10.08327137,10.93005177,9.346920452,8.948912199999999,9.282376425,8.873644236,8.593415834,8.871838278,10.7765484,11.04995785
Ga0242637_111264,8.317212741,8.519249052000001,8.321662388,8.467017392,8.55543242,8.537080496,9.234462526,9.234035573,9.139384564,9.472244341,10.93328052,10.34764129,8.406582849,8.578665491,8.592757718,8.745279292000001,8.70755393,8.586125628,7.87918812,7.209359308,7.283592983999999,7.608328575,7.726885338,7.765167817999999,8.247515971,8.285011772999999,8.668890181,8.236961739,8.187597075,8.673692348,10.00068192,10.15390253,9.398765613,9.326310046,10.09845018,9.820519192999999,9.361607701,10.03297684,9.599649328,10.46249432,9.12477363,9.032997162000001,9.009699224,8.64733405,8.503324219,8.486718417999999,10.26330895,10.66659598
Ga0242637_111265,10.52033379,10.64139249,10.57611626,10.70246814,10.83220517,10.79719791,11.38307927,11.4399663,11.40210695,11.27402561,13.0925016,12.65627601,10.90465942,10.913521000000001,10.73682949,10.94071809,10.77160519,10.37096481,8.751371797000001,7.272932517,7.446649796,9.210149729,8.314668023,8.313657582000001,10.57874092,10.40294592,10.63692076,10.61025059,10.46971761,10.68839119,11.87937734,11.82772864,11.48997435,11.50806376,12.3673371,12.04952912,11.65379415,12.05991928,11.69048903,12.49399957,11.37917613,11.35846954,11.4926126,11.21095198,11.19861291,11.17793919,12.35318916,12.72953492
Ga0242637_111266,8.264241764,8.345574583,8.157714981,8.31587397,8.322217188,8.391729705,9.134682343,9.037961881000001,9.091637298,8.673393925,10.57416273,10.241129800000001,8.441336973,8.572228467,8.570592336,8.005242568,7.6504019979999995,7.599435756,5.595786167000001,4.926323084,4.718346846,6.574910802000001,5.674972682000001,6.072762742999999,8.391135878,8.375097707,8.783021981000001,8.632978122,8.321400957,8.746992115,9.475543538,9.510014844,9.146978313,9.329492915,9.638596532000001,9.583542348,9.031395521,9.706376859,9.024860875,10.02439472,8.61541443,8.522826065,8.702041994,8.668951581,8.606789929,8.625909362,9.632624755,10.18610621
Ga0242637_111267,5.764010054,5.713996002000001,5.60685945,5.475407059,5.990495546,5.445701935,5.902481809,5.713942175,5.608316198,5.849257156,7.316553644,7.172814876,5.53163335,5.683419541,5.692064792999999,5.16625283,5.784770168,5.544226111,5.520095341,5.2661502030000005,5.538577275,5.56032048,4.840645444,5.768038651,5.694185286000001,5.838106441,5.5071582370000005,5.621034657,6.000507725,5.6184418439999995,6.248217188,6.604580627000001,6.189243906000001,6.677859278,6.855823267999999,6.539493293,6.497069943,6.846441292000001,5.420503095,6.30625242,5.146328175,5.579486505,5.401527766,5.741238147000001,6.082718732000001,5.915170772000001,5.88852457,6.31426495
Ga0242637_111268,3.981339932,3.0479219410000002,3.49008882,3.16318366,3.629237593,3.5378787089999997,3.277942678,3.723610747,3.2040458910000003,3.450563658,3.914464957,4.5626886739999994,3.416771273,3.43792384,3.357279135,3.063272146,3.6967962130000003,3.2503850360000004,3.991602028,3.00415308,3.469757717,3.500516376,3.6101325589999997,3.8026455180000003,3.652503691,3.9026848060000003,3.607398345,3.196494403,3.214162602,3.625076574,3.6315993030000002,4.3849201980000005,3.634407682,4.450525224,3.463431424,4.175373085,3.7220789030000003,5.25189535,3.85194072,3.860946852,3.5755614760000003,3.621276007,3.6742944960000004,3.917653608,3.4799555860000004,3.080556652,4.250125233,4.359912367
Ga0242637_111269,5.740242287999999,5.165465121,5.237678875,5.2034207839999995,4.598331827,4.993760535,4.8185851060000005,5.323067096,4.920335663,5.450934997999999,5.491639599999999,5.625366709,5.30734308,5.074048457,5.084245838,5.386834068,5.355301328,5.2157469,5.981201552999999,6.028151717999999,6.219701615,6.331543479,5.482136618999999,5.634681831,5.017445148,4.988179731000001,4.990409729,5.033966346000001,5.056986526,5.210266287,5.752690304,6.106106572000001,5.168190876000001,6.167008643,6.3323513060000005,6.287438859,6.6089580539999995,7.38403829,5.100962576000001,6.226187843,5.015163076,5.862371464,5.143286713999999,5.446473152,6.7709286760000005,5.544273273,5.856806806,6.390139383999999
Ga0242637_11127,7.412309581000001,7.284872882999999,7.74475772,7.405814036000001,7.459403752,7.386143996,7.28658883,7.252411378,7.313736165,7.146741823999999,7.828356146,7.290236159,8.395991197,7.591078592000001,8.032368174,7.7331731779999995,7.371503561,7.28694767,7.292070892000001,7.691069027999999,7.847803849,7.047755337000001,7.012735715,7.248362872,7.73806119,7.759097709,7.553333464,7.4480710839999995,7.893984128,7.872687459,7.135024789,7.142576002999999,7.035441787999999,7.556217377,7.581595136000001,7.265027377999999,7.284016434,7.38403829,7.434961753,6.111983072,7.073373025,7.528876392000001,7.171906731,7.989623096,8.101901012,7.83136893,6.409009136,6.206435961
Ga0242637_111270,7.990870311,7.893314121,8.518871543,9.232646881,9.069735364,9.096149115,10.37752045,10.54373521,10.46641231,10.8859307,13.1034812,12.26642369,8.660713549,8.492656625,8.35410011,10.02015956,10.00058028,10.00192077,10.12862075,10.54895009,10.54201405,10.26820848,10.83046658,10.28128382,8.37667402,8.342384957,8.465862115,8.197361577999999,8.044179957999999,8.647297879,12.08712682,12.254579699999999,11.24183808,10.99578247,12.02231967,11.82546045,11.05727665,11.26377789,10.70553332,11.44290812,9.703898554,9.671132936000001,10.01177622,9.441494451,10.00611502,9.542085471,11.477034399999999,11.84274991
Ga0242637_111271,7.768958134,7.567376857,7.6912317660000005,8.598687568999999,8.583250049,8.470674082,10.05927495,10.02461734,9.841296352999999,10.22680121,12.34842078,11.48186441,8.165975329,7.930064956,8.189313156,9.561954867999999,9.473883541000001,9.580823732,9.209503463999999,9.083586059,9.060384547,8.938683366,9.65559206,9.143938182000001,7.8151717220000005,8.082013302,8.176295078999999,7.708157073,7.248870277999999,8.044355092,10.96795691,11.31373924,10.18272775,9.969788777,11.35859159,10.73065758,10.32990719,10.99037456,10.59805891,11.63888425,9.40966496,9.197292545,9.67823854,9.046688903,8.776161467,8.716960404,11.21870805,11.64888067
Ga0242637_111272,7.463830672,7.517394365,7.480200227,8.063880087000001,7.8740882260000005,7.862241965,9.158991065,9.04594067,8.885879218,9.392758464,11.0814402,10.53071301,7.732956367999999,7.3210194070000005,7.449611943,8.599628583,8.682977914,8.963336775,8.869858163,8.723104198,8.567842954,8.562316636,9.032081948,8.636721584,7.595447661000001,7.677505902999999,7.58770586,7.4777655020000005,7.428255544,7.760167301,10.22581308,10.54190599,9.386461229,9.430771981,10.58033108,9.946891264,9.57616176,10.10573305,9.623006597,10.04589093,8.037199892,7.868460415,8.102462698,8.048539803999999,7.963197561,8.019899364,9.930897965,10.06423118
Ga0242637_111273,7.595047447000001,7.399698107000001,7.571911216,7.480208617000001,7.439243757000001,7.198998386,7.248241447000001,7.439759112999999,7.322039585,8.321947575,7.849738147,7.979237392000001,7.475603696,7.252861289,7.301910534,7.359248192000001,7.611854076,7.679133208,7.606232962999999,7.502421046,7.864383717999999,7.552627071,7.790446735,7.754535451000001,7.754935539,8.155415128,7.4299291279999995,7.663638949,7.542317235,7.548230234,8.016434242,8.333662769,7.539750871,8.4681023,8.800667012,8.500972996,8.588867677,9.943180245,7.503708187000001,7.743131486,7.482835688,7.5783984879999995,7.524226103999999,7.05599097,7.543713017999999,7.039983609,7.870322837000001,7.692965646
Ga0242637_111274,4.472236948,4.414199049,4.284017681,4.681923201,4.598331827,4.993760535,4.3619100589999995,4.430657805,3.927618893,4.1921740110000005,4.6764910319999995,4.3575869030000005,5.077074477,4.712183976,4.735373538999999,4.753392565,4.687392958,5.305244467,5.218180433000001,5.454529617,5.4964242720000005,6.94329072,5.844865089,6.1066750260000005,4.414305016,4.918013547,4.765490421,4.613261821,4.807619143999999,4.634514988,5.164115448,4.622854853,4.391441637,4.67152528,4.872076946,5.001963246,5.422921493,5.25189535,5.027402438,5.344228856,5.082266081,5.413829457,5.198829547,4.743881537,4.896774386000001,4.937387107,5.363917751000001,5.496599292999999
Ga0242637_111275,4.786832832,4.414199049,4.601966904,4.271266876,4.783241701000001,5.090210633,4.745949426,4.742600255,4.963942665,4.449171825,3.795137545,4.281776014,5.213194683999999,4.9722799339999995,4.698894265,5.334814583,5.224151297,5.3894393670000005,5.398451337999999,4.79203651,5.361928221,6.298008836,4.919580587,5.380361131,4.899551132,4.6836464069999995,5.031380373999999,4.309413512,4.72740258,4.739959922,5.164115448,5.233337442,4.833019414,5.262906055,5.037725431,5.316718516,5.422921493,4.608026708,5.100962576000001,5.182918672,5.082266081,4.950622766,5.143286713999999,4.936962314,4.896774386000001,5.007762584,5.17014544,5.351613692
Ga0242637_111276,8.707420183,8.679300399,8.745808384,9.337930329,9.201207446,9.367679899,8.870210369,8.870600689,8.905343361,8.174172557,7.677083132999999,7.381271018,9.550168799,9.208664557,9.26134141,9.337499300000001,9.44494418,9.457123991,9.593880106,8.902572429,8.936511491000001,9.797116669,8.996594634,9.060093015,9.330417547,9.183294415,9.357608593,8.5410608,8.387135362,8.507555189,8.872505422,8.700452954,8.834007139,8.709553072,8.310280117000001,8.435473414,9.569270784,9.674841118,9.812361956,9.466507307999999,9.619798943,9.265379951,9.110026707000001,9.420939277999999,9.220849543,9.272278336,9.372513255,9.428015129
Ga0242637_111277,3.698529345,3.3131841189999998,3.692998448,3.497605637,3.629237593,3.4349120319999997,3.388118941,3.437259219,3.2040458910000003,3.316819254,4.023771416000001,4.024865287,3.28524747,2.913262576,3.357279135,3.7318454780000003,3.586637633,3.4955664389999996,3.7340261939999997,4.067851648,3.64741757,4.257192719,4.240772454,3.613718618,2.9697458610000003,2.904468678,3.349279727,3.486982523,2.905376211,3.9350153569999997,3.7303142510000002,3.8303429139999996,2.957319384,4.351143767,4.278211688,3.9028094710000003,4.995296209,6.421034542999999,3.551058527,3.042219942,4.621105128,5.067434938,4.5964761439999995,3.991601604,3.4799555860000004,3.8395838010000003,3.2361992219999998,3.525262858
Ga0242637_111278,4.832996613,4.600275824,4.553815786,5.029684248,5.1934255810000005,4.739118302,5.105703657,5.213102528,4.625687201,4.7147717380000005,4.12472298,4.741270685,5.003764776000001,4.613495265,4.698894265,4.97489283,5.153734003,5.333866685,5.06615415,5.838947521000001,5.870663298999999,6.117484336,6.134042288,5.809865286,4.629103398,4.235484963999999,4.715826794,4.088157498999999,4.807619143999999,4.520405555,4.551085283,4.676454802,4.700824776,5.28950145,4.684234868,5.001963246,5.540984152,6.495236836,4.780426735,4.714516113,5.790192407999999,5.762726817000001,5.736716005,5.138352164,5.737211476000001,5.138789554,4.032303163,4.252491295
Ga0242637_111279,7.131959527999999,7.174510828,6.961567407,7.673080446,7.664339412,7.685096217999999,7.74238814,7.5392339370000006,7.7913641920000005,7.1986833589999994,7.009569179,6.749208058,7.40690909,7.685573384,7.449611943,9.095053807000001,9.290840932,9.490635702999999,10.07042086,10.08345099,10.09927451,10.16289961,10.67078222,10.34644052,7.49857432,7.788542408,7.8871985460000005,7.492386453,7.428255544,7.796657436,8.211790484,8.34589437,8.070417811,7.927895751,7.607875932000001,8.166116566,9.041389521000001,9.403811142,9.237532771,10.16140279,9.223669884,8.9824011,8.829593489,8.507351882,8.193395446,8.437167671000001,9.930897965,10.27036355
Ga0242637_11128,6.73642393,6.568579232,6.943358729,6.921828455,6.971730011,6.99213366,6.5440336839999995,6.783667303,6.8797500970000005,6.730632312000001,6.635467096,6.479144816,6.8042773,6.623290844,6.832256361000001,6.7181940220000005,6.672477757999999,6.625069077999999,6.515804557,5.936668265,6.54216127,5.819219846,5.581806815,6.002435286,6.862352284,6.9833956939999995,6.61670195,6.818556632999999,7.153828832,7.221290778999999,6.248217188,6.618106021,6.596307766,6.563429375,6.833711741,6.697016617,6.661800464,6.302017581,6.038177841,5.44242395,6.141944919,6.6369394470000005,6.626329062999999,6.745769277999999,7.051013781,6.662419676,5.574061733,5.823730594
Ga0242637_111280,5.9618412670000005,6.016325941,6.3089635610000006,6.414924732,5.971856624,6.295958527000001,7.607547632999999,8.14071193,6.977635342,6.917944803999999,6.984000187,7.290236159,6.693208625,6.810113368,6.889130056,8.124174041,8.981389197,9.397799659,10.70377136,11.44858055,11.2636499,12.78859071,12.01953091,12.25807275,6.266030728,6.273416267999999,6.012805475,9.517247107000001,7.553815083,7.452363179,7.057544569,6.984569414,8.907199716000001,7.809772883,8.094960545,8.319230232999999,9.021331800000002,9.554372687,9.704093582,11.09380105,8.528799702999999,6.347729934,6.262320027,6.651090711,6.29629906,7.642033844,10.87451451,11.25462425
Ga0242637_111281,4.638419917,4.310766793,4.553815786,3.9748242310000004,4.384900493,4.211327143,4.629378226,4.702102272,3.927618893,4.561592913,4.858901346000001,4.7960525910000005,4.402065233,4.431583664,4.542587383,5.105299126,5.612513862,5.769901987000001,5.8329961379999995,5.659621767999999,5.7682992539999995,6.602629057000001,6.4553886270000005,6.6338002970000005,5.597273116,5.699778795,5.885600897000001,5.773041302999999,4.99012813,5.173425822,5.164115448,5.044266382,4.790327679,5.6587811420000005,5.870961901,5.981569492999999,6.554101254,6.874497956,5.632826815,7.871284555,5.20761762,5.796717903999999,5.401527766,5.10671788,5.346438148,4.824748111,7.157920715,8.295473179
Ga0242637_111282,10.39327525,10.33900609,10.420392,10.73144921,10.709267500000001,10.61071062,10.56266048,10.64503972,10.79778344,10.2515898,10.06933892,10.09688699,10.63953157,10.47279028,10.33889789,10.72436384,10.86604842,10.96400991,11.15490724,11.49728159,11.5179229,11.05472685,10.92905571,11.12578164,10.16872171,9.949086452000001,10.00843579,10.33010773,10.36269123,10.20468735,10.15735473,10.20627046,10.55670989,9.963656407,9.850094956,10.090130300000002,10.06186028,10.18901595,9.724392756,9.512151583,11.66086694,11.38653481,11.537341699999999,10.83900609,10.71991492,10.94466279,9.538623844,9.610618312
Ga0242637_111283,8.778881171,8.783977752,8.761471992999999,9.017075756,9.067548798999999,9.115174813,9.327785457000001,9.119616113,9.098900916,8.935513073,8.311867604,8.553291515,9.129906539,8.992692003,9.055087215,9.426583772,9.730736515,9.971726367,10.23841772,10.45482113,10.39431141,11.21576178,11.28671055,11.03426945,8.930972169,8.93827574,8.987315145,9.005821212,9.09614662,9.058758861,9.038441191,9.274394056,9.155290577,8.824557808,8.984863258999999,9.007705991,9.287967666,9.558698652999999,9.551768719,10.42867746,9.8937591,9.605783261000001,9.986581678,9.417750786000001,9.411994027,9.301992104,10.30050231,10.6345132
Ga0242637_111284,10.6242258,10.68668064,10.79167218,10.53006384,10.57871303,10.55188216,9.996105814,9.953233236,9.993244697,9.487976927,9.131727096,9.116407636,10.56585379,10.524271,10.45368189,9.347311484,9.230647167,9.060052902,9.166933693999999,9.149399796,9.056782975,10.23763575,9.955014339,9.870709197,10.04501097,9.935991796,10.33201573,9.982129202000001,10.17355358,10.1563754,9.9879841,10.01910948,9.958856244,9.647746447000001,9.556667398,9.430090367,9.786858475,10.09980823,9.843186467,8.818983167,9.896067612000001,9.724883334,9.787758327999999,9.929634219,10.05571691,10.12560872,8.736727551,8.902781775
Ga0242637_111285,7.7921748420000005,7.641838784,7.831426185,7.758334206000001,7.754110171000001,7.871224591,7.865690723999999,7.792652648,7.711463211,8.416330647999999,8.55251953,7.594125525,8.067067552000001,7.973053022,8.067969204,10.48315235,10.85577856,11.23886578,11.61408678,11.36866939,11.2240586,11.51518018,11.77900202,11.64634795,7.749332667999999,7.456833825,8.18530017,7.912204267000001,7.690298052,8.044355092,8.219712317,8.029373742999999,7.92727208,9.198102347999999,8.672716852,9.127754258,10.02707843,10.49240676,9.837872772999999,13.29278094,12.00949924,11.10423108,12.02525656,8.594655485,8.36849434,8.61480958,12.87356088,13.433224300000001
Ga0242637_111286,10.22544364,10.3221271,10.48863881,10.98136323,10.96910336,11.01340594,11.44122172,11.49454981,11.44833267,11.7898314,12.85923385,12.11324856,11.41657716,11.01627906,10.95404912,12.85853091,12.80826876,12.75994515,12.63109684,12.67181959,12.605851,11.67610707,11.71970769,11.89163426,10.78922855,10.62112761,10.96171873,9.995016649,9.889332878,10.16337696,11.93034476,11.98522915,11.67152285,12.17884255,12.38809319,12.48781685,13.03519178,13.39626661,13.06416331,13.38651875,14.68774749,14.30700448,14.51433823,12.09273395,11.96690991,12.14553522,13.48224412,13.47983348
Ga0242637_111287,7.980802004,8.201811132000001,7.954654986,8.11505424,8.142749092999999,8.257735197,8.069985886,8.044422345,8.063040483,8.397941652,8.280722947000001,7.8952585520000005,8.198847447999999,8.295739555,8.146662745,8.425301438,8.451588922000001,8.281483978999999,8.121407385,8.135976053,8.035191072,7.835356363,8.002119537999999,7.8673901420000005,8.471590008,8.754069572,8.476905042,7.739134719,7.829233645,7.644806016,7.922480414,8.245007874,8.030302472999999,8.229973511,7.808152442000001,8.221862061,8.588867677,8.549990094,8.550139892,8.981955531,9.380283768,8.937574212000001,9.18691139,8.495301726000001,8.336740121,8.424509372000001,8.931403957,9.18386071
Ga0242637_111288,9.057981515,8.823353623,9.030706825,9.227673751000001,9.306938773999999,9.386594385,9.310837945,9.244473861,9.151078473,9.537534362999999,9.636980367,8.950987722999999,9.454741357,9.265625046,9.102202477999999,9.395395608,9.400416648,9.164598867999999,8.505100775,8.351474163999999,8.35558524,8.213064435,7.694022133,8.034903358,8.989166441,9.089825092,9.18431052,8.17488242,8.044179957999999,7.987619696,9.027201247,9.065933714,9.347092597,9.655376084,9.415058822,9.712022176,9.569270784,9.902916365,9.374117325,9.492359672000001,10.85459192,10.49895576,10.83094086,9.478689742,9.521963743999999,9.540619972,9.570642883,9.62113491
Ga0242637_111289,6.760183736,6.703946649,6.20567637,6.379433235,6.3776980210000005,6.361273322000001,6.713230224,6.4994757839999995,6.40397205,6.473656714,6.384820797000001,5.767668373999999,6.994272343,7.158572179,7.0965200610000005,6.569465856,6.427877125,6.1996051979999995,4.555764506,5.409719957,5.314116753,5.37897011,5.581806815,5.8900235279999995,7.01030417,6.821804342999999,7.020777669,5.748802145,5.7825859479999995,5.8452143020000005,6.101270058,6.047253402000001,6.156420148,7.129143996,6.7769003539999995,6.705282272000001,7.215019439,7.324289086,7.23108847,6.911715274,7.313481831,6.939624022,7.35274693,6.890922161000001,6.840565294,6.52671136,6.963715988,6.67929411
Ga0242637_11129,8.877132626,8.74831867,8.802428687,9.26213093,9.1338371,9.314348837999999,9.757711084,9.795360696,9.803266042,10.44041085,12.19192628,11.28794558,9.057829411,8.98786371,8.881904205,8.566407986,7.9779174589999995,7.508854818,6.165911317999999,6.43677346,5.996681476,7.271320808,6.318150223,6.745491948,8.801626036,8.987763815,8.942877228,8.629676199,8.453076816,8.336379126,10.99243648,11.44175794,10.45011329,9.891194331,10.43473652,10.51628113,9.156209882,9.532546108,8.895284802,9.370643512000001,9.783364434,9.722683266,9.834128123,8.700782319,8.805455732999999,8.845966595,9.102904895,9.503851733
Ga0242637_111290,6.430615562000001,6.3823350670000005,6.250854297,5.741580793,5.894779528,5.96699286,6.130898437000001,5.98773869,6.238134046,6.160561775,5.630544265,5.433484136000001,7.022106689,6.929161419,7.103401978,5.6217700520000005,6.0773473860000005,5.442924252999999,4.103569772,3.942535777,3.9413868460000003,5.094429967,3.7987871739999997,4.24518793,6.673955573,6.584822459,6.894607038999999,5.450910518,5.638247326,5.773543117999999,5.614698535,5.658588847000001,5.882929632000001,6.677859278,6.482121393,6.18467128,6.900325658,7.969264771000001,6.720557178,6.6508413310000005,6.474626088,6.3927792210000005,6.543593774,6.640175935,6.620656288999999,6.618590199,6.452022828,6.178165077
Ga0242637_111291,6.584989301,6.590251801,6.580601691,5.8144227,5.894779528,6.24148185,6.130898437000001,5.713942175,6.070517943,6.555678718999999,6.197054432000001,5.36332174,7.603890144,7.525937595,7.51299185,6.187109631,6.132970042999999,6.086995849,4.834070366000001,4.47713225,3.8028251330000002,5.0133739969999995,4.470928413999999,4.845648752,6.650078818,7.143949516,7.209236527000001,5.995235512000001,6.066362448,6.300595808,5.918146994,5.899744585,6.070920132,7.2280150679999995,6.961558734,6.64640051,6.437684056,7.422538112000001,6.766073217000001,6.730321245,6.449660959,6.414785426,6.543593774,6.490193576,6.566864648999999,6.453734663,6.63109689,6.936915806
Ga0242637_111292,5.920178385,5.967399061,5.8615688079999995,5.429665733999999,5.770785618,5.689743465,5.41562481,5.60965673,5.200592728999999,6.125146622000001,5.787107708,5.433484136000001,7.0938052439999995,6.664261972,6.889130056,5.93213082,5.76139589,5.442924252999999,4.555764506,4.067851648,2.653701924,4.257192719,3.7987871739999997,3.390490989,6.550401957999999,6.692680542000001,6.432087506,5.843389882,5.324007009,5.56276213,5.290825408,5.122949492,5.411353576000001,6.908379159,6.482121393,5.807821654,6.097225568,6.421034542999999,6.39793398,6.226187843,5.905061516,6.098503088999999,6.0080859779999995,6.069412979,6.228573506,5.782109659,6.295484655,6.390139383999999
Ga0242637_111293,7.463830672,7.5782526279999995,7.240365497000001,7.276885478,7.131072648,7.573940835,7.671723259,7.637577111000001,7.49356723,7.48325073,7.083661257999999,7.02251506,8.106582269,8.381691472,8.295240465,7.120624715,6.995728027999999,6.896956441,5.952760852999999,5.363454685,5.695750143,6.155449891,6.166412467000001,6.265172641,8.153088311,8.147862198,8.432216835,7.61770242,7.434489171,7.40587083,6.663243297999999,6.657935912,7.236958876,8.181472449,7.7145149989999995,7.571013849,7.586740087000001,8.045233187000001,8.095532002999999,8.198946452000001,7.849805467,7.588102011,7.798246267000001,7.6739626329999995,7.301956592000001,7.642033844,7.977113517,8.275637638
Ga0242637_111294,6.502844646000001,6.611602823999999,6.391947107000001,6.187506394,6.275127016,6.386590438,6.456959832999999,6.3133880179999995,6.202539906,6.670560655,6.006675467000001,6.038399332000001,7.327360566,7.346399152999999,7.444202325,6.352437029,6.151042181,5.7275263039999995,5.398451337999999,4.71973642,4.987490939,4.632374016,5.06529812,5.202656485,7.444117518,7.348953677999999,7.269776471,6.722546896,5.9664109860000005,6.334135596,5.816996737,5.710180182,5.9611066070000005,7.4894684410000005,6.981805377000001,6.54871191,8.504682213999999,9.646670272,6.561828564,6.9783253720000005,6.703001936000001,6.324664655,6.965071762000001,6.93622799,7.486967624,7.072819981,7.077872535,6.919966869
Ga0242637_111295,7.12282845,7.031433598,7.247801772000001,7.6972720589999994,7.82832164,7.862241965,7.424805107,7.632286067000001,7.262885316,6.1429633710000004,5.597064109,5.992826981,8.119516866,7.77798923,7.719640401,7.49495429,7.324592891,6.962163197000001,5.66766739,3.942535777,4.475808083,4.105023658,4.109167166000001,4.577747215,8.029106883999999,7.79339193,7.936034441,7.868045031,7.471335272,7.722729738,7.176334751000001,6.931414317000001,7.260276941,7.314121274,6.8990532479999995,6.933467245,8.182208989,7.982207333,8.198639313,9.457785866,8.011874528,7.597740665,7.909692476,7.641520806,7.442892986,7.658346193,9.159065686,9.753692262000001
Ga0242637_111296,5.898883959,5.8642331620000006,5.918747099,6.145840992999999,6.499659658,6.69081805,6.130898437000001,6.0042588189999995,6.00999571,5.05635864,5.25404949,4.7960525910000005,6.907389276,6.255982015,6.589069072000001,6.299413316,6.351839581,6.554298041,5.218180433000001,3.4707135389999997,3.8028251330000002,4.51831327,4.109167166000001,4.577747215,6.8727028279999995,6.850026807000001,6.71956053,6.523203402999999,6.204339683,6.39895528,5.975579241,5.735294446,5.902877171,6.152672289,5.975869282000001,5.792344933,7.215019439,6.902018501000001,7.247219808,7.817750045,6.31788877,6.125463892000001,6.500371027999999,6.2670219220000005,6.1205945879999994,5.8406552970000005,7.418403562000001,7.914387389
Ga0242637_111297,7.934603992,7.953018816,8.084876387000001,8.306470067000001,8.451939977,8.391729705,8.084564646,8.144432952,8.253010678999999,7.273245809,7.071574155,7.120917585,8.863955199,8.458160941000001,8.592757718,8.400380874,8.487511987000001,8.440199804,8.388188391,7.285317455,7.446649796,7.200583786,6.901929214,7.0008682339999995,8.481760786,8.507876158,8.603218595,8.100500133999999,8.088326848,8.432255675,7.951314779,7.805564697,8.105162644,8.134926913,7.978950457000001,8.054193223,9.201479492999999,9.528140882999999,9.225375261,9.73303411,8.604161912999999,8.630021438,8.918361548,8.372215147,8.27105422,8.223615118,9.60909966,9.933213796
Ga0242637_111298,7.614716262000001,7.610396206,7.83636568,8.31587397,8.207736369,8.257735197,8.109728162,8.148144398,8.172671744,7.351806055,7.16554577,6.816033568,8.174263863,7.943429052999999,7.95841598,8.583113917999999,8.95340689,8.981410704,9.678571604,9.536165362,9.349513752,9.509714822000001,9.434742031,9.25369229,7.825858466000001,8.101694655,8.08782004,7.714406071,7.570891734,7.849717639,7.827171406000001,7.81145778,7.857654816,8.005575841,7.513717647000001,7.879110215,9.210365407000001,9.174987521,9.158745929,9.711184362000001,8.847838778,8.707720568,8.872545805,8.132634015,8.014279426,8.356167059,9.611469507999999,9.939529991
Ga0242637_111299,5.920178385,5.7336607939999995,5.652586326000001,6.073594029,6.259857714,5.983700409,5.799848765,5.63113131,5.494812156,5.2342578269999995,5.816465234,6.266065182999999,5.896045455,5.420737316,6.04735343,4.389752078,3.979426665,4.1660756469999995,5.2654368069999995,4.988943819,4.790629011,3.9332210489999997,4.109167166000001,4.845648752,4.857950788999999,5.375044513,5.289095496,5.820322182000001,5.762836374,6.195007635,5.918146994,5.520822417000001,5.518944177000001,5.775870232999999,6.1292320160000004,6.160800168,5.540984152,5.25189535,4.236306217,4.545835038,5.146328175,5.862371464,5.085476312,5.395190985,6.4528445229999996,5.8406552970000005,4.602649512,4.252491295
Ga0242637_1113,1.764951351,1.764951351,2.725182339,1.764951351,1.764951351,2.426167481,1.764951351,2.693612905,1.764951351,2.485405011,2.58606159,2.545388166,2.4697179680000003,2.350359106,2.64618703,2.697953195,1.764951351,1.764951351,1.764951351,1.764951351,1.764951351,3.208116214,1.764951351,1.764951351,2.473778066,1.764951351,2.7960011330000003,3.196494403,2.434624694,1.764951351,1.764951351,1.764951351,2.747370773,1.764951351,2.78199892,1.764951351,3.19781202,3.662028972,2.974604675,3.52051745,2.713663973,1.764951351,1.764951351,1.764951351,1.764951351,2.4396198080000002,3.7713112289999997,2.685057094
Ga0242637_11130,7.1767666839999995,6.966663631,7.284418297,7.474620292000001,7.599211319,7.465409016000001,7.342262256000001,7.130081982,7.11779853,7.32089385,7.24302656,7.407496925,7.43478096,7.356427236,7.28385165,7.058230551,7.401950116,7.272334487,6.307282713999999,6.43677346,6.245292997000001,5.37897011,4.919580587,5.680529589,7.000899692999999,7.225179196,7.164381771,6.852971737000001,6.674005457000001,6.821545624,6.651566065,6.269445075,6.414086646,7.437297012999999,7.683960867000001,7.511028611,8.217900238,7.847237317,7.3920831510000005,7.398762882000001,7.820930477999999,7.811619916000001,8.01314056,7.276305848,6.991043112000001,7.37879419,7.532886292000001,7.600303615
Ga0242637_111300,7.985844944,8.046037116,7.755228547000001,7.513291167999999,7.635099893,7.659397407999999,7.311598419,7.358771302999999,7.508194229,7.046362206,7.059384797000001,7.3545591120000005,7.227312863,7.800196514,7.444202325,6.758010548,6.733643871,6.78812356,6.797026275,6.43677346,6.52137848,5.37897011,5.197383578999999,5.8900235279999995,7.186548735,7.400727739,7.020777669,7.590780566,7.570891734,7.63139925,6.888838698,6.99496906,7.3997942320000005,6.908379159,7.304664604,6.981883888,7.284016434,7.081211592000001,6.145557275,5.292467671,7.089610639,7.288171693,6.965071762000001,7.397842354,7.472425286,7.3589671789999995,5.534437141000001,5.449890901
Ga0242637_111301,12.12132275,12.12806149,12.12157766,11.65422393,11.64093737,11.61561516,11.64642369,11.65963597,11.62558966,11.97829024,12.07766926,12.10692993,12.07056456,12.08439659,12.12212847,11.83913771,11.91741848,11.96070253,11.95652005,11.57496571,11.60187222,11.12799603,10.95817222,11.23782455,11.92954245,11.92351324,11.85520755,12.43634083,12.42869213,12.29086362,11.65277646,11.75889035,11.54121939,11.87720637,11.82996743,11.65797174,11.1934664,11.62000255,11.31028597,10.96842153,11.42705516,11.32912458,11.43360242,11.92994407,11.97466713,11.83057799,11.24107244,11.01748652
Ga0242637_111302,10.64986485,10.71158262,10.63823365,9.918883743,9.886754294,9.856812248999999,9.709151295,9.75212312,9.677920535,9.953485482,10.01518262,10.29595312,10.53802773,10.69986856,10.551854800000001,9.573147323999999,9.584163096000001,9.362032658,8.519674705,7.014808626000001,7.308046836,6.228496762000001,5.719373603999999,6.2038558429999995,10.19368432,10.34798283,10.19496677,10.96881794,11.06322572,10.86196716,9.450518963,9.621530332999999,9.438470928,9.860718796,10.11457371,9.588014564,9.05131476,9.163671882000001,8.97247989,8.961534889,8.504796282000001,8.390482948999999,8.55685052,9.771268396,9.843352715,9.736388045,9.026821419,9.01070607
Ga0242637_111303,9.392000095,9.407237602999999,9.372468024,9.464511937000001,9.461477212,9.296124508,9.64175274,9.748460806,9.716208539,14.63452028,14.956607199999999,12.96674101,8.861391119,8.887740457,8.982330146,8.994571899,9.154487114,9.580823732,10.58638888,11.30093504,11.22806698,15.43226219,15.20944057,13.9367384,11.51781496,10.87148077,11.77061779,11.66309395,10.48930444,11.71351887,11.06951659,11.18066087,10.81722121,14.87733939,13.58890953,15.39218908,10.63719477,10.81884848,10.4750997,11.07871169,18.22623433,17.41565194,18.22170257,9.658281837999999,9.865774174,9.468465555,10.78287009,11.253779699999999
Ga0242637_111304,9.598666347,9.804470619,9.76322065,10.1111665,10.23246331,10.14943421,10.97575352,11.0598622,10.94072793,12.49321767,13.51252712,12.46046069,9.836579954,9.698856907,9.702907539,10.33651341,10.41664935,10.38630715,9.932011375,9.930282383,9.936354728,12.6553246,12.37647036,11.09872218,10.12829243,9.946912246,10.13581693,10.03549948,9.718568757,10.13753675,12.23097998,12.35026444,11.53486266,12.85534893,12.66543746,13.80248051,11.36043411,11.93404212,11.38687315,12.05299266,14.59922485,14.14496544,15.11251986,10.44466942,10.57605468,10.43655617,11.94560087,12.29181802
Ga0242637_111305,10.84977089,10.91610184,10.88757222,10.81394939,10.79700519,10.68644165,10.73367384,10.62187464,10.71196509,10.39292052,10.24767754,10.27711951,10.61918716,10.77138315,10.63252208,10.23446633,10.35867458,10.45824515,10.02006053,10.03479093,10.10800131,9.201123233999999,9.438052832999999,9.603850021,10.2172082,10.1813606,10.46735357,10.67814602,10.52696914,10.52041956,10.40496108,10.2983031,10.4909129,9.90832417,9.396338908999999,9.683050747000001,9.867715242000001,10.04843994,10.159794300000001,9.192858991,10.68072277,10.70356118,10.88333302,10.81072256,10.76086576,10.86434884,9.366913454,9.05404263
Ga0242637_111306,6.760183736,6.579456316,6.887309524,6.774892775,6.3776980210000005,6.322441609,6.212974506,5.884410158,6.184406567999999,6.62063049,6.304380712,6.495554635,6.468742894,6.255982015,6.72027728,5.224692397,5.531821900000001,5.811059266,6.036445229,6.221345911,6.412707192999999,6.117484336,6.198069137999999,5.8900235279999995,7.743707942,7.831611942,6.905553767000001,7.597558303,7.099931949,6.999143899,6.151941432,6.162641865,5.882929632000001,7.288170711,7.255631594,7.341214495,5.845938526,6.172248402999999,5.81764587,5.741003194,5.146328175,5.65562299,4.8271728110000005,5.859178469,5.876712489,5.287173358,5.117265012,5.5856647520000005
Ga0242637_111307,7.456582292999999,7.424018648,7.232890654,6.8545451239999995,6.781904882999999,7.133288811,6.722589788,6.725184894,6.434961866,6.718816836,6.283547148999999,6.749208058,6.427675267000001,6.614954784,6.729207112,6.403574545,5.917530311,6.018445817000001,5.169295709,5.409719957,5.538577275,5.819219846,5.674972682000001,5.809865286,6.913376835,7.203475815,6.548470468,6.38883245,6.842956986,6.476075542,5.837806122000001,6.431507014,6.088432338,6.584922991,6.267783408,6.637788707,5.650022798999999,6.38244659,6.179637096,5.344228856,5.528438668,5.829920795,5.198829547,6.036444639,5.920349227000001,5.878397296,5.6501581739999995,5.7096443489999995
Ga0242637_111308,11.12523425,11.16311628,11.18094615,10.93787416,10.9807694,11.04500081,11.00717605,11.11304511,11.1066505,10.86265385,10.70796453,10.80008467,10.72451883,10.88003793,10.74124584,10.42256468,10.42778501,10.45096746,10.25448007,10.32743178,10.37274807,9.638998775,9.530902861,9.952044183,10.92399327,10.83314782,10.94524938,10.84687411,10.95360529,10.73925908,10.9773315,10.87435455,11.13504627,10.417707199999999,10.31126431,10.65860868,10.32990719,10.10868636,10.31891021,9.28448825,11.39068188,11.19906841,11.44360659,11.27313953,11.33242088,11.21055999,9.67402672,9.391622091
Ga0242637_111309,5.561794167,5.791084149,5.781598573999999,5.452719867000001,5.127172537,5.209362156,5.48359454,5.323067096,5.087212789,4.852780008,5.630544265,4.948618036,6.169799106,5.891484553,5.673617144,5.224692397,5.291238733999999,4.94510423,4.769522941,5.363454685,5.047435514,6.263673055,7.614296792999999,6.1721872939999995,5.054650004,5.209477206,5.35488028,4.90724903,4.8834896080000005,4.520405555,4.870546616,5.084155163999999,4.653823782,5.415492675,4.781305918999999,4.521587941,5.422921493,5.414567487999999,5.027402438,4.353666799,5.082266081,4.88837244,4.896326773999999,5.169295167,5.063055895,5.315075955,5.117265012,4.459495233999999
Ga0242637_11131,10.67661615,10.46444035,10.70387901,10.60994926,10.57794516,10.69405371,9.974745542,10.19574205,10.40327661,10.28499326,10.08894739,10.23260141,10.99573608,11.17938415,10.62656636,10.88342626,10.76722827,10.37267759,9.499010295,8.723104198,8.908809942000001,7.675059347,7.400068956,7.775722363,9.812311466,9.444454805,10.12181555,8.841437148999999,9.107890856000001,9.462294833,9.164853098,8.819256301,9.613068705,10.43332364,10.64201816,10.14199578,11.6748117,11.57373163,10.96027344,10.7701772,10.30506756,10.27404537,10.2761135,9.988843372,10.40862835,10.56103875,10.73259255,10.78121928
Ga0242637_111310,10.14095279,10.09398943,10.0661791,9.664219585,9.628009351000001,9.711865404,9.772416146,9.782286164,9.666559068,11.39901678,10.41834878,10.39208146,9.965133234,9.990343082999999,10.08723612,10.38018054,10.43055555,10.44202236,10.91968941,9.945962247,10.08520088,9.228035025,7.504855366,8.871282886,10.41768172,10.75514908,10.28671826,10.08455602,10.063273800000001,9.902511244,11.50383038,11.89308413,10.86930774,10.18450313,10.7253758,10.44411291,10.81956254,10.32474208,10.87399594,9.548202771,9.068573393,9.237913285,9.180088757,9.948537542,9.9014818,9.82693916,9.700982325,9.454719803
Ga0242637_111311,8.914633018,8.903350352999999,8.83487048,8.813070902,8.809449029,8.815887404,11.53408883,12.30471523,10.00101939,9.739426385,9.825010669,9.67045883,10.47065345,9.324257188999999,10.5264922,11.37010117,11.67884391,11.74028421,12.26152134,12.65403063,12.435005499999999,13.94077331,13.08559918,13.66761597,10.82295202,10.60811554,10.02608393,13.68697169,11.53057242,11.83139936,10.97849906,11.03845034,13.18450462,10.65692361,11.13520863,11.59382209,12.46635069,13.59835979,13.62353769,15.27073293,14.09834189,9.050645571,10.20731728,10.44701722,10.44072019,12.01864468,14.97511296,15.55622027
Ga0242637_111312,9.271234312,9.440389641,9.251975209,9.461690874,9.446410853,9.586597716,9.767907456,9.831582099,9.711477742000001,9.272757123,10.5073541,10.02955855,9.488365205,9.604232108,9.599675637,9.353816058,9.482809317000001,9.595566243,8.873644882,8.309662011,8.343810636,7.858509295,7.800773156,7.944251647000001,9.241438692000001,9.293493466000001,9.431363349,9.000718298999999,9.271724248,9.281043149,10.56118636,10.72628712,10.05860772,9.376411993,10.07274341,10.15260176,9.583019977000001,9.868482836,9.793271573,10.22274599,9.974622845,9.584133345,9.974803348,9.955150603,9.539503814,9.707945479,10.08550281,10.30011973
Ga0242637_111313,9.194910614,9.314374698,9.150544426,9.554641034,9.497656951,9.64274518,9.967882227999999,9.914538207,9.857089119,9.67521793,11.10088583,10.25683569,9.101940863,9.212808596,9.223961186,9.118162666,9.309022331,9.404513015,9.185331912,9.30340901,9.337690251,8.837460729,9.209170888,8.96186042,9.219322583,9.234106444,9.143313185,8.835717092000001,8.884866842000001,8.965699098,10.76708527,10.95707423,10.18982576,9.632365042,10.10653447,10.30299007,9.498487753,9.861496397,9.758540317000001,10.04394991,10.18559629,9.946568404,10.24539711,9.617174503,9.404355861,9.332800614,9.882660584,10.20720017
Ga0242637_111314,9.991040191,10.0863935,9.801603701,9.778581633,9.667524989,9.70811105,9.510264006,9.453862002000001,9.394820214,9.349397904,9.010413687,9.045836622000001,9.526087967,9.914348141,9.913224403,8.956613776000001,9.018692684,9.091595947,8.803914831,8.73217609,8.79668149,10.639552900000002,9.738487473,10.00008189,9.825681116,9.872115564,9.802956301,9.664873802999999,9.646587846000001,9.760441985,9.071644923,9.152036235,9.121750222000001,8.986560307000001,8.806350672,8.691745115,8.861289857000001,9.152266782,8.84319564,9.572643799,9.0228269,9.015130167,9.152470903,9.360780218,8.873426115,8.946780631000001,9.274227816,9.581296011000001
Ga0242637_111315,8.619312583,8.694370557000001,8.540217037,8.157517455,8.117603549,8.094748526,7.714536363,7.811500272000001,7.867069386,7.882986327999999,7.4154841760000005,7.696926675,8.174263863,8.46512639,8.494146772,7.293070644,7.401950116,7.490035118,6.990927757000001,7.309772572000001,7.1945814,9.145745019,8.071988999,8.342338723,8.178323812,8.078044596,8.37433633,7.745251183,8.165287503,7.928560598,7.535000335,7.897080627,7.533385517,7.500810089,7.280356599,7.136521457000001,6.900325658,7.032246855,7.3022987420000005,7.481435096,6.785088255,6.81287756,6.626329062999999,7.585774307,7.701665685,7.5862866570000005,6.993114274,7.53504589
Ga0242637_111316,7.809345316,7.99825492,7.908496937000001,7.128177693,6.771185953,6.880836341,6.713230224,6.48779165,6.845585441,6.988511357999999,6.197054432000001,7.044970404,7.349494605,7.595318441,7.6271936160000005,6.096716606,5.87462932,6.230221713,6.609726987999999,7.029610664,7.071413057000001,10.04172966,9.254944186,9.509009801,7.336111008,6.991862832000001,6.937903474,6.722546896,7.658700969,7.365947900000001,7.330662785,7.675897658999999,7.062227366,7.17942728,7.0214645120000005,7.061276253,6.761999476000001,6.172248402999999,6.0194734620000006,6.500226678,5.7081519489999994,6.043013147000001,6.1548405939999995,6.815331317,6.92846714,6.662419676,6.387010023999999,6.3400039260000005
Ga0242637_111318,12.39516656,12.71583684,12.46071308,13.8287435,14.10300255,13.99385242,14.3016062,14.32509358,14.38619011,12.00131075,14.80543065,14.17265088,10.88522848,11.03940682,11.02050648,10.63773289,10.94503129,10.95489198,12.16787054,12.56545048,12.47333268,13.57905893,13.36580301,13.09983624,11.36549657,11.59771856,13.05500788,12.8697166,11.75035996,12.20299013,14.42180894,14.61729827,14.08697141,12.80378894,12.51434005,12.90485693,10.38980119,10.60962174,10.28612094,13.39263286,9.882160800000001,9.996592789,10.07933325,10.364967199999999,10.38553765,10.30722076,13.37614163,13.72820515
Ga0242637_111319,12.12532652,12.04060541,12.08806791,12.62018265,12.76800684,12.67990254,12.78716868,12.81575199,12.84440945,12.52194454,13.11216825,12.56508852,12.13805445,12.02867953,12.002595699999999,12.24157229,12.51018381,12.54835418,12.64140578,12.8254101,12.79930052,12.6647939,12.59576128,12.72425475,12.27869599,12.30781015,12.58418196,12.01336705,11.65918712,11.7019448,12.8934774,13.04248703,12.69321795,12.20442182,12.02323504,12.01382619,12.3097935,11.67881314,11.72003298,12.387051,12.90950721,12.45265172,12.91016885,12.0942326,12.35251756,12.03096098,12.32747256,12.55644569
Ga0242637_11132,11.42300748,11.22539177,11.60292005,11.60904622,11.54085917,11.64045074,11.39810957,11.58048323,11.71022953,11.34389045,11.47791058,11.3801852,11.383899699999999,11.39804271,11.28267932,11.81812394,11.74599882,11.63896186,11.56282442,11.39603908,11.46795388,9.96914782,9.92465349,10.47664664,11.0409468,10.90210376,11.256338000000001,11.09867135,11.16744185,11.12543982,10.98083133,10.90015611,11.33121404,11.19345384,11.24756852,11.1391841,11.51006695,11.25314052,11.05833968,10.37255625,12.1315852,12.05774633,12.06560852,11.66203228,12.03031365,11.85672324,10.3721304,10.41487416
Ga0242637_111320,13.065161,12.91122029,13.19169385,12.76808697,12.73807486,12.87668751,12.74793021,12.84448319,13.06920744,12.890123800000001,12.90929943,13.14188716,13.39129149,13.31615757,13.11646761,13.31744654,13.24708847,13.21006771,13.65514841,14.01176847,13.95334759,15.79606814,15.60840133,15.28170261,13.38827566,13.01597329,13.23190034,13.15610341,13.76616888,13.72647658,13.33327911,13.36518447,12.99707672,13.47676075,13.89248831,13.7182289,13.17565488,13.01576037,13.00197762,12.75681002,12.17927862,12.39302869,12.92733044,13.31080315,13.74405252,13.41684412,13.16247089,12.86980394
Ga0242637_111321,8.88254988,8.870555786,8.869010663,8.218956402,8.277509222,8.476571466000001,8.717245723,8.751235246,8.612362893,8.744978044,8.799559265,9.228492082,9.204634755,8.956903415,9.084931289,8.926384409,8.973811331,9.038634396,9.788960399,10.21221469,10.16263655,12.55306245,12.38507252,12.10278668,9.092330732999999,8.994095399999999,8.806555136,9.358768174,9.965538453999999,9.771176177000001,9.781408131000001,9.998598102999999,9.132315595,9.487438594,10.056142800000002,9.761363015,8.980359801,8.909686844,9.003661664,8.730028434,7.7914654720000005,7.778104527000001,8.807628012999999,8.972571474,9.131144625,8.975266503,9.295017765,8.902781775
Ga0242637_111322,8.80764245,8.74831867,8.973575592000001,8.69552127,8.885895537,8.854894768,8.30599961,8.420891231,8.28732911,8.10783223,7.965256182999999,8.002359753,9.822148757,9.471025956,9.372277268,9.055696878,9.085845694,8.715939542000001,7.442471472,5.936668265,6.295147771,6.228496762000001,6.134042288,6.139804722,8.746455385,8.525468505,8.534413971000001,8.381388979,8.598917886,8.45526112,8.056795623,7.972653892,8.392164868,8.924767226,8.628483958,8.679223816,9.636742672999999,9.57159926,9.285163434,9.419371544,9.027046139,9.011530058,9.240361065,9.140581463,9.181171083999999,9.169829519,9.510964443999999,9.457656703
Ga0242637_111323,7.8206797560000005,7.957190326,7.922500134,7.847500226,7.998685849,7.91965314,7.469933642999999,7.339417472999999,7.456336983,7.155529801,7.119325861,7.078010547000001,8.399530396,8.039897211,8.146662745,8.061966307999999,8.126581377,8.013727828,7.411537556,6.564324514,6.839382229,6.192437593999999,5.532841605,6.072762742999999,7.620217802999999,7.342349185,7.673418308,7.363109378,7.695497566,7.308130413,7.083836954,7.179511439,7.164651779,7.932090184,7.506750769,7.4582466279999995,8.547389017999999,8.272946405,8.317950693,8.588047213,8.011874528,7.717510206,7.893097561,7.772129252,7.750692193,7.910670655,8.665524071,8.508732019
Ga0242637_111324,9.15069613,9.037428434,9.365652063999999,9.519804756000001,9.439663852,9.39128451,8.891092373,8.934314828,9.027105087999999,8.691625734,9.210957721,8.899578795,9.350724636,9.146476568999999,9.223961186,9.542156661,9.484587864,9.414524833,9.376262789,9.394791591,9.446283378,8.802077452999999,8.577422286000001,8.758764615,9.078994365,9.210737522,8.932219258,8.700627807,8.817324624,8.783806287,8.502205258,8.436375281,8.532791736,9.206782503,9.077083774,8.843472848,9.431670561,9.389311342000001,9.300697146000001,8.961534889,9.363698557000001,9.165248468,9.047675873,8.684954747,8.758295036,8.64785593,9.295017765,9.15520115
Ga0242637_111325,12.3235412,12.360150099999998,12.48253435,12.09157077,12.10393939,12.05652634,12.07810121,12.08129448,12.174854400000001,11.75196554,12.40366785,11.64453702,11.85454982,11.96438866,11.96674405,12.05059323,12.24678688,12.33739745,12.70680871,13.08707086,12.9770141,13.06688008,13.19702579,12.97118264,12.67655121,12.84335799,12.5137767,12.22479265,12.29874038,12.276674400000001,12.77063544,12.83164411,12.56787025,11.63696816,11.5134102,11.87707877,11.59563766,11.700508099999999,11.62605789,12.201431199999998,12.27728259,12.23491268,12.65427703,12.44194311,12.75550083,12.30939609,12.42298344,12.28563371
Ga0242637_111326,11.12580535,11.16807251,11.09701846,11.00432308,10.97494817,11.06861706,10.98111952,10.96994435,11.1066505,11.08295278,11.22808717,10.25803679,10.44690759,10.92451153,10.73128998,11.10972931,11.535217999999999,11.80704205,12.62773752,13.01038246,12.96481537,13.61772973,13.91428952,13.57945863,11.57316069,11.59320756,11.39619438,10.70113483,11.04450626,11.12782805,12.1836769,12.36461117,11.75865985,10.75309524,10.57368158,10.94149094,11.17088382,11.23162755,11.44438278,11.62791204,11.406961099999998,10.94820969,11.50358404,11.41180651,11.16849232,11.14214992,11.75886642,11.71234753
Ga0242637_111327,8.951183204,9.047243876,9.035009227,8.754340864,8.848178629,9.011352656,8.600380142999999,8.765801819,8.735539033,9.112840744,9.342447122000001,8.417980808,8.735429344,8.81145467,8.805935528,10.12844631,10.28608615,10.47109331,11.439877599999999,11.41658263,11.36031364,11.60859249,11.54725306,11.51553128,9.78245469,9.918345289,9.770417745,8.774245914,8.875736576,9.058758861,10.0559254,10.23614549,9.724796557000001,8.974411633999999,8.964673776,9.301199079,10.18417064,10.28873727,10.43782837,10.22274599,9.602939666000001,9.256282379,9.753700124,9.751142389,9.471685727,9.595288206000001,10.28870444,10.27536573
Ga0242637_111328,10.27777158,10.29272415,10.43755565,10.45332604,10.54374789,10.63134148,10.37233206,10.47964667,10.43423304,10.19200613,10.92993901,9.824329155,10.52755409,10.36954541,10.29826352,11.16347906,11.05564684,10.95888816,10.69095223,9.681399049,9.884474339,11.17023544,10.71239065,10.48631571,11.18691296,11.27874285,11.10501686,9.887160016000001,9.987954484,9.784860952,11.40569335,11.37420085,11.04509542,10.6461148,10.36038364,10.82508122,11.31584454,11.57586737,11.34065921,11.39954424,11.6581493,11.43705869,11.76582823,11.44429055,11.5225766,11.23975272,11.62570103,11.49514548
Ga0242637_111329,10.35286815,10.41602201,10.53873252,10.05331579,10.03846912,10.049128900000001,9.538332432,9.47026013,9.653464018,9.834102667,9.671404933,9.756260539,10.35694122,10.48369179,10.26337684,10.103575099999999,9.960246362000001,9.740569854,9.874592964,9.809059343,9.999625056000001,10.37239383,10.29336698,10.02462029,10.2631356,10.34220414,10.29610007,10.10253053,10.23464012,10.18303212,10.08548531,10.07283104,10.0340273,10.06356369,9.880047368,9.930256802,10.01191133,10.09087512,10.05034015,9.850962401,9.515554856,9.740190579,9.436315368999999,10.04778199,10.24079431,10.16323496,9.67402672,9.641940872000001
Ga0242637_11133,5.043482011,4.725074123,4.936924235,4.7587211819999995,4.946538308,4.739118302,4.887640704,4.271795039,4.321039304,5.913007532000001,5.562780417000001,6.146374915,4.92643527,3.917412155,4.735373538999999,5.041600655,5.079632359,4.82853269,5.480689365,5.540133262,5.695750143,5.37897011,4.572983816,4.845648752,5.646550329,6.61803693,5.644737465,6.357187197999999,6.755985848,6.632456863,5.540362097,5.684617141,4.953816253,6.584922991,6.7769003539999995,6.968215809,6.018255341000001,4.608026708,4.535009727,5.12479833,4.425862026,6.071026256000001,4.896326773999999,4.567563977,5.280719161,4.567961712,4.94560721,5.071312206
Ga0242637_111330,10.66566092,10.81860996,10.65230413,10.36851571,10.35585132,10.44089745,10.27242173,10.24768748,10.29992133,10.21844278,10.00251329,9.958933456,10.62977192,10.81246785,10.75986595,10.00163957,9.965350203,9.970595827999999,9.554320103,8.953882137,9.071135622,9.66220628,9.780824793999999,9.460780031,10.98663364,10.89422667,11.05308741,10.75743173,10.98366139,10.92237115,10.31076907,10.37589675,10.22480126,10.18010214,9.862423473,9.907178502999999,10.12431127,10.41339929,10.26152665,10.37100874,10.03871072,9.972723398,10.00792866,10.58842791,10.40862835,10.47312226,10.21113619,10.24508914
Ga0242637_111331,10.36356084,10.32050923,10.39551278,10.11655701,10.01823346,10.15587964,9.857631319,9.891477332000001,9.986733627000001,9.669097172,9.559089854,9.766424651,10.35785103,10.19131795,10.1240577,9.37315564,9.313031712,8.994819077999999,8.377559666,7.727823514,7.75304185,8.110726757,7.21165498,7.278369412000001,10.52729969,10.37814862,10.32592192,10.22573061,10.49974207,10.26993251,10.23951301,10.160841900000001,10.21985637,9.976910417000001,9.869227397000001,9.845948068,9.774928483,10.34992053,9.336932876,8.944987656,9.140436744,9.438913236,9.152470903,10.34747937,10.7106547,10.39903913,9.026821419,9.050156301
Ga0242637_111332,10.30223042,10.34617992,10.31907464,10.10846368,10.14703186,10.20020893,10.0322719,10.078119099999999,10.03044017,9.474000903,9.530692988,9.674062676,10.43919123,10.41281516,10.51750889,9.533587828,9.44494418,9.148692267000001,8.44018802,7.1698242379999995,7.446649796,7.7512620089999995,6.531855815,6.964407874,10.49753703,10.40927663,10.43374648,10.43313312,10.48630833,10.243747099999998,10.11338917,9.993424365,10.15294389,9.585211672,9.580080442,9.755411169,9.750768392000001,9.66684828,9.641423895,9.389109938999999,9.367030888,9.544823619,9.577997664,10.50600592,10.60299745,10.55379251,9.490510116,9.498157605
Ga0242637_111333,10.51598352,10.39311495,10.40717649,10.441920300000001,10.50549338,10.51080793,10.42911725,10.45588957,10.43901054,9.870566092999999,9.205440459,9.425225981,10.56742776,10.4739417,10.52457191,9.360291435,9.489910388,9.363756107999999,8.755482219,7.824319132,7.905018121,8.194989582,7.386418431,7.8374770279999995,10.56525474,10.46731381,10.59192377,10.50336587,10.52696914,10.20807708,10.30333395,10.28142193,10.412467,10.13351794,10.01746552,10.21465062,9.890008565,9.646670272,9.667119035,9.489509959,10.52834056,10.30819334,10.54661138,10.65154179,10.43323314,10.52961834,9.324207397999999,9.436971725
Ga0242637_111334,8.685892655,8.788666383999999,8.537186952,8.322109349,8.163373927,8.449841266,8.017767429,7.932658673,8.002352308999999,7.909194693,6.957969167999999,7.745703323,8.869069726000001,8.98786371,9.055087215,7.518312138,7.394398552999999,7.521266172000001,6.554112267000001,5.2148792639999995,5.7682992539999995,6.427695064,5.922806584,5.8900235279999995,8.859971856,8.596544538,8.863761281,8.930001654,9.115667563999999,8.737639875,7.960799527000001,7.977903416,8.052726379,7.932090184,8.273819861,8.108129544,7.666413492,7.7446304360000005,7.920557412000001,7.644077117,7.6886592579999995,7.380417295,7.997700507999999,8.650054025,8.467118,8.498844634,7.5428567520000005,7.212159637
Ga0242637_111335,6.840385147999999,6.907498005,7.202597458,6.214626687000001,6.8031063,6.798415299999999,6.226209227999999,6.452158806,6.090137845,6.160561775,5.491639599999999,5.992826981,7.37848768,6.750492763,7.040248395,6.2443583579999995,5.416603517,5.51956703,5.2654368069999995,3.803921163,3.8028251330000002,3.9332210489999997,2.733434557,3.8026455180000003,6.851926815,6.821804342999999,6.8155578420000005,6.783298897000001,7.213053747999999,6.785662479,6.423343485,5.735294446,6.3283223070000005,6.341425564,6.693399491,6.576018612,6.554101254,6.902018501000001,6.0194734620000006,5.661866713999999,6.078158097999999,6.228513816,6.500371027999999,6.844144815,7.031299627999999,7.023280456,5.791183595,5.246040917
Ga0242637_111336,10.61286382,10.74453266,10.65230413,10.08207196,10.13350806,10.19842598,9.910745429,9.899205321,9.921320101000001,9.596776072,9.111220336,9.357361741,10.66695303,10.77044632,10.86781565,8.87304164,8.930101535,8.747966775,7.659859696,6.643480802000001,6.52137848,7.047755337000001,5.996728318,6.8289981410000005,10.76445007,10.53762688,10.70658751,10.91558764,11.12038714,10.73299782,9.917902004,9.827445742,9.933708441,9.742723337000001,9.957433021,9.852468221,9.210365407000001,8.89607571,9.126421466,8.854856554,9.252784118,9.247127069,9.430578085,10.19751903,10.24934657,10.10988386,8.916147585,8.827582707000001
Ga0242637_111337,10.36742952,10.29272415,10.14690743,10.08207196,10.0495897,9.926322713,10.0190528,9.813000769,9.951056864,9.085525064,8.591113023,8.92096951,10.06210417,10.31533437,10.44016309,8.566407986,8.399744493,8.397087127,7.314541569,6.480559145,7.099707992000001,7.145155066,7.047854924,7.392513502000001,10.14864869,10.14198906,10.12415857,10.57033767,10.59112811,10.26234407,9.643944075,9.669355595,9.806229166,9.289193225,9.316941781,9.412547617000001,9.262561267,9.152266782,9.088889525,9.591371281,9.693318531000001,9.370297889,9.613879643999999,9.732015800000001,9.862990474,9.719648932,8.877285452,9.325637862999999
Ga0242637_111338,12.20152901,12.25798912,12.15482097,12.18774424,12.15631778,12.12757928,11.66533473,11.64788894,11.91270178,12.13998064,11.01912271,10.48117458,12.375117300000001,12.55453228,12.35841109,10.51687172,10.42315559,10.2725683,10.62396663,10.46165475,10.57637783,10.38639738,9.919925354,10.26264998,12.17805086,12.14333162,12.36024643,11.38573576,11.69693375,11.20223618,11.96433193,11.89897563,12.04389551,12.32652511,11.73072359,11.98698616,10.88761807,10.066779499999999,10.2555611,9.320211859,12.10289319,11.85020529,12.24138566,12.02990908,11.97724363,11.9745546,9.312602323,9.162419595
Ga0242637_111339,10.11817284,10.19368631,9.824152721,9.731344368,9.655929071000001,9.769442723,9.981576359,9.860144627999999,9.953730057000001,10.32836112,8.991303609,9.04305218,9.815541094,10.01190674,10.11557803,9.059681243,9.29287244,9.437619025,9.273959782,8.849370176,9.045923995,9.355541957,9.177828035,9.152060781,10.373759300000001,10.45053021,10.3471386,9.862056008,10.09705539,9.594228413,10.23658824,10.32840565,10.16534291,10.07877453,9.629007196,9.742430642999999,9.439249366,9.246451745,9.267485714,9.098757407,9.780868182,9.547312109,9.709372372999999,9.867890636,9.514887564,9.635657956000001,8.983565367999999,8.990568867
Ga0242637_11134,5.6914885889999995,5.277334048999999,5.880882811,5.6648314410000005,5.403623422000001,5.648361909,5.527171992,5.497155633999999,5.524045455,5.953985238,5.597064109,6.246796504,5.702577075,5.300425582,5.5576329520000005,5.78534409,5.663882817,5.615746613,6.214597157,6.114150367000001,6.245292997000001,6.574910802000001,5.922806584,6.6103830089999995,5.29084043,5.118838335,5.220116807,5.389372969,5.638247326,5.210266287,6.216836744,5.9648286420000005,5.757034354,6.250145991,6.496275108,6.947467416,6.018255341000001,5.8711413839999995,5.420503095,6.331979231,5.146328175,6.014442298,5.303788803,5.341992759,5.409254872000001,5.496430504,6.09283893,6.1198970479999995
Ga0242637_111340,8.641849126,8.609465718,8.636798186,8.394904177,8.5334194,8.482444836,8.632977598,8.566671556000001,8.595343385,9.029291261000001,7.731852171,7.990844912000001,8.591230214,8.643551704,8.568108358,8.455858621,8.447946916,8.313942047000001,7.769630362999999,7.369154476,7.735122792,8.129881864,7.8413548760000005,7.8673901420000005,9.253360627000001,9.105505096,9.235055564,8.494624307999999,8.568074112,8.27735927,8.716103361,8.937122409,8.723749446,8.61880477,8.253158699,8.382390005,8.108062281,8.422863671,8.198639313,8.005027932,8.480386656,8.143123314,8.226859048,8.742159324,8.488950603,8.664099473,8.232495291000001,8.128581367
Ga0242637_111341,11.21867654,10.97333501,11.21878554,11.76563635,11.73210752,11.75738322,11.41406734,11.40782273,11.6620066,11.61420309,9.758751732,9.168436961,11.38523896,11.19692276,11.27012706,10.65495362,10.34992023,10.08680245,10.96742281,10.73192273,10.91354477,10.24204315,9.036457103,9.923858382,11.73282781,11.89221665,11.30929176,10.52040253,10.26642482,9.917773303999999,11.71363876,11.46109531,11.85301977,11.82995122,11.19003871,11.74138771,11.168606,9.541316406,9.780864426,8.177856802,12.94059208,12.56067425,12.95881266,11.7012422,11.92548576,11.73674829,8.501430719,8.378408155
Ga0242637_111342,10.16671263,10.04780215,10.04286959,10.16418607,10.05069706,10.19574743,10.44261748,10.41950388,10.52600264,10.15525673,9.760633951,9.620904677,9.854740586,10.00395773,9.836871172,10.06247014,10.20642153,10.22784784,10.50938049,10.68714311,10.75145076,10.69525775,10.50389093,10.41216685,10.30573896,10.44129254,10.19608083,9.922667126,9.892731228999999,9.902511244,10.46949505,10.29410129,10.72040897,10.33460999,10.18824783,10.48844373,9.768926286000001,9.492406274,9.558245365,8.944987656,10.78030728,10.71799091,10.55058417,10.54159389,10.49026625,10.56752939,9.096151665,8.795441674
Ga0242637_111343,13.90156987,13.82993707,13.95142287,13.935786499999999,13.94180261,13.98644533,13.90426535,13.90568389,14.05648606,13.76560523,14.71343771,14.44722687,13.64537031,13.82081878,13.51946592,14.45986319,14.36910026,14.42352732,14.87399868,14.932631599999999,14.86078899,14.93536775,14.79628422,14.76968669,13.65329629,13.5405274,13.93873385,13.73548583,13.79316579,14.006590099999999,14.11194504,14.18208776,14.06232141,13.69936352,13.79187713,13.84373635,13.83038571,13.6555189,13.78505283,13.35750831,13.33553902,13.53594226,13.35157238,14.09286276,14.20900363,14.15789853,13.61866878,13.28444508
Ga0242637_111344,9.658306807999999,9.657145937000001,10.04926417,10.05612383,10.02838677,10.10063051,9.438316027,9.550968517000001,9.655107414,10.4985196,10.86143021,10.34425243,10.22653667,10.09057902,9.805583062,9.991247017000001,10.05426014,10.03474518,11.12185833,11.16435281,11.237641900000002,10.64621915,10.15133467,10.37621512,9.606188576000001,9.535531345,9.50513018,9.330575909,9.583498837999999,9.568086021000001,10.27130009,10.34373291,10.02157823,10.49202307,10.731363,10.75522201,10.30937691,9.889241418,9.840532066,8.981955531,10.07787492,9.921849567999999,9.794474535,9.364096999,9.791592846,9.565333224,9.237875659,8.92417316
Ga0242637_111345,9.524375671,9.391912905,9.306378113,8.877992321,8.900710443,8.936314011,8.530228434,8.518741027999999,8.53592727,8.498025323,8.494884675,8.493355141,9.345229857,9.564789283,9.396279426,7.848229712999999,8.144694069,8.155801623,8.445286348,8.709388481,8.521559215,8.734864152,8.452019878,8.710079206,8.953071041,8.896073627,8.907946959,8.844288695,9.133013373999999,8.971029626,8.515137034,8.719379431,8.545496505,8.62917448,8.920809302,8.496221869,8.352438823,7.847237317,7.984482007,7.57045381,7.340866736000001,7.288171693,7.225931514,8.186090682,8.073281251000001,8.294894787999999,7.763538259,7.489839742999999
Ga0242637_111346,9.60359498,9.719857921000001,9.545287392999999,9.030464491,9.023106744,9.049436803999999,8.652677473999999,8.810982205,8.602175305,8.434488154,8.420634585,8.726425229,9.866295702999999,9.973345638,9.933628453999999,7.772554242000001,7.496681842999999,7.490035118,7.452637006000001,7.426186607999999,7.651611618,7.936736853999999,7.919245018,8.095131105,9.33603423,9.265850902,9.321310800000001,9.462624395,9.788345085,9.507015177000001,8.797746575,8.915401724,8.701217137,8.767027856,8.820462614,8.628022575,8.182208989,7.729357615,7.738597484,7.743131486,7.677963712,7.726323999,7.41220212,8.687604765,8.889929823,8.780423792999999,7.67565381,7.905809417
Ga0242637_111347,12.49336439,12.44333971,12.57868363,12.37086628,12.35964991,12.36046205,12.20067072,12.32042309,12.39095694,12.21358218,13.25286779,12.48784956,12.4747247,12.430435099999999,12.34450921,11.12025919,10.8997627,10.66247647,9.962554891,9.047702327,9.174456762,8.888959707,8.664800986,8.821223372999999,12.48635781,12.37484611,12.39364761,12.03286967,12.21230601,11.95153711,13.08762412,13.06099749,12.81887822,12.54796196,12.80095465,13.02516542,11.88503115,11.53583522,11.06744893,11.95413854,12.18872514,12.12634202,12.15007588,12.37303396,12.64519811,12.42371484,11.72807524,12.20360289
Ga0242637_111348,9.299858375,9.423908851,9.218320642,9.219346911,9.207178837,9.240028053,9.306181132,9.394173558,9.288716866,8.750786083,8.929062112,8.780922166,9.258245424,9.303682136,9.393476282,7.4831319,7.712443228,7.385290653999999,5.769137488999999,4.47713225,4.924884106,5.171091359,5.318206933,5.380361131,9.524918476,9.436728171,9.470560801,9.336663662000001,9.399852939,9.230823588,9.430181983999999,9.406772211,9.541944722,9.038053434,9.258021672,9.615656119,8.668409663,8.354836038,8.329356472999999,9.182309192,8.749130111,8.76870771,8.81645438,9.391985927,9.242430508,9.241939652000001,8.829225269,9.36371186
Ga0242637_111349,6.712265437,6.974920926,6.715522807999999,6.460924027000001,6.349131116000001,6.282531727,6.028808547000001,6.231640139,6.323443233,5.638974087999999,6.128586255,6.394164259,6.867025961,7.1354602929999995,7.075674873,4.671023263,4.636168732,4.230088347,2.957841924,3.803921163,3.469757717,4.51831327,4.7570015539999995,4.24518793,6.563245716,6.3676168429999995,6.548470468,6.7349040989999995,6.933804968,6.6189221510000005,6.567059952,6.303352024,6.790438489,6.41530189,6.8667530160000005,6.7297982560000005,6.172077286,6.665550105,5.362085789,5.238749722,5.266368163,5.369221982999999,5.401527766,6.036444639,6.3290014789999995,6.133643244,5.451725904,5.786702919
Ga0242637_11135,5.833033812999999,5.753059007,5.781598573999999,6.058697844,6.405708415,6.11078736,6.1861335760000005,5.971026083,6.090137845,5.479362917,6.056689091,5.767668373999999,5.875795049,6.048552375,5.848192787,7.279462555,7.138209295,7.227584355,6.962743522,7.087343419,6.856069484,7.305428628,7.400068956,7.350761500000001,5.622124117,5.780451694,5.81749875,5.509900869,5.701897872000001,5.797834247999999,5.858317548,5.9648286420000005,6.105733481000001,6.474092676000001,6.394143377000001,6.482905643,7.443309957,7.902750132,7.650392711,7.733526702000001,7.299591767000001,7.239736213,6.849335065,6.281153743,6.29629906,6.133643244,7.340513119,7.853241647000001
Ga0242637_111350,11.00931301,11.10744346,11.14258599,11.02501355,11.16691212,11.03354621,10.52708441,10.61987164,10.60294649,10.37046327,10.78118463,10.49346464,11.37897843,11.09584133,10.90961599,11.01338885,10.81959949,10.69158607,10.14907344,9.804766121,9.834870137000001,9.785085769,10.26008378,9.664727597999999,11.03232374,10.80941012,11.09907371,10.39182732,10.556551400000002,10.78537191,10.2218748,10.21296302,10.28380247,10.95257066,10.60499726,10.57321685,11.55958414,12.01733616,11.49209669,11.062504400000002,10.83547445,10.48214635,10.7387701,10.977540300000001,10.91260381,11.02179125,10.91728475,11.22131497
Ga0242637_111351,4.739094285,5.277334048999999,4.693531291,4.216990205,3.727858533,4.0230464239999995,3.667967475,3.723610747,3.0232919369999998,3.570748818,3.914464957,3.7054419960000002,5.30734308,5.820595878,6.04735343,4.035114441,3.979426665,3.698969074,3.7340261939999997,3.4707135389999997,3.64741757,4.105023658,3.963144162,4.113428357,3.425532893,3.453203863,3.718506891,4.439115107,4.237162325,4.789837801,2.7457562139999996,3.2023231739999996,3.634407682,3.8587559139999996,3.328847895,3.962010465,4.377864054,4.464627463,4.68738559,5.000863439,3.35606442,4.149880037,3.283209092,2.9134069030000003,1.764951351,3.080556652,4.145636678,5.131981726
Ga0242637_111352,3.698529345,4.463125768,4.021383903,3.7585457030000002,4.0603926580000005,3.3221123230000003,3.388118941,3.437259219,2.506512943,2.7737677119999997,3.152346767,2.855977779,4.216089736,5.098384862,4.8724601519999995,4.035114441,4.061476221,3.789455175,3.5826343030000003,3.648450477,3.8028251330000002,2.8057856639999996,3.963144162,3.1138557000000002,2.473778066,1.764951351,2.7960011330000003,3.609195169,3.214162602,3.502034565,2.7457562139999996,3.0217587530000003,3.278155795,3.040752658,3.463431424,3.3863538039999996,4.818200909,4.122987674,4.638428239,4.129906508,2.713663973,2.640110246,1.764951351,2.710597517,2.792585865,1.764951351,4.347120349,4.135802667
Ga0242637_111353,9.301881381,9.354455481,9.231501983,8.936057904,8.873432486,8.98263295,9.079352169,8.949281506,9.101314017,9.206681595,9.232818152,8.968703323,8.950942073,9.211428572,9.124350263,8.694932671,8.539772871,8.60955764,8.839201146,8.392108322999999,8.632179717,8.204055322,8.054836397,8.342338723,8.965203471,8.955682205,9.108235612,8.844288695,8.826830944,8.84023949,9.296136589,9.37529628,9.319620814,9.002601007,9.034134315,9.173109316,8.588867677,8.789680158,8.359338167999999,8.319391719,9.454211845,9.318792515,9.1314049,9.323783281,9.181171083999999,9.2365189,8.571273292,8.315039635
Ga0242637_111354,10.57823092,10.78204671,10.46651215,10.66800621,10.58636931,10.72596422,10.96742115,10.87404751,10.88929299,10.3938487,10.70601231,10.74375367,10.13290862,10.55451782,10.53478405,10.60402695,10.88300404,11.16715246,11.97117348,12.31039379,12.27023431,12.83819465,13.01669041,12.81081094,10.81157427,10.94413047,10.98317432,11.14623745,11.11409265,11.38903824,11.26111237,11.43318579,11.13714604,10.10036291,10.68584135,10.65275031,10.13834706,10.41578587,10.89525471,10.79347002,10.13371929,10.065919099999999,10.24212543,11.39041475,10.99627896,11.27102009,10.86163131,10.67166365
Ga0242637_111355,10.55890697,10.57305754,10.60823125,10.59329147,10.70223796,10.77164534,10.81787079,10.86223504,10.9244674,10.54438162,10.7848886,10.9517861,10.54363604,10.3989398,10.56996781,10.4786955,10.63174603,10.74611963,11.08313719,10.53605831,10.73577031,10.731756599999999,10.56270466,10.58561081,10.91088122,10.82606743,10.92724874,10.94776091,11.15947012,11.06441164,11.05906946,11.11488496,11.00771322,10.191516900000002,10.94221763,10.71131543,10.57663413,10.59915986,10.82044738,10.43461588,9.800718293,9.867125338,9.711739682000001,11.707783599999999,11.77960479,11.50992137,10.62996534,10.40577904
Ga0242637_111356,9.884381417,10.03799082,10.18515461,10.27760473,10.26049027,10.41503019,10.25802614,10.27933428,10.36362293,10.26077681,10.72348799,10.5805282,9.70262066,9.90754673,9.771443769,9.738854482999999,9.569155162000001,9.501635486,9.474284935,8.315709898,8.542313321,8.213064435,7.682899153999999,7.572802832000001,10.14118239,10.23580474,10.32693934,10.23227608,10.46211283,10.54743157,10.48518736,10.51417661,10.51048312,9.748679723,10.44023005,10.34058014,9.610131383999999,9.638519377,9.766952392,9.588710765,9.231003713,9.514622036,9.279187562999999,10.94579497,10.82090911,11.09100551,9.804033846,9.615886194
Ga0242637_111357,10.054807400000001,10.19809837,10.09634086,9.899210073999999,9.993109211,10.13831746,10.46367972,10.43249569,10.39149453,9.97100585,9.947391763999999,10.23626261,9.732391886,9.97741085,10.04051894,9.304301469,9.437617714,9.485895713,9.215483595,7.96180169,8.049760876,7.903728964,7.196087837,7.6436635,10.36187843,10.47864624,10.39352238,10.74069561,10.70697546,10.88473955,10.79981732,10.81620564,10.65816433,9.360941236,10.00639806,10.02977041,9.400950802999999,9.334862603,9.609037664,9.978385669,9.600110531,9.454906449,9.847107421,10.87432522,10.92866705,10.75675596,10.06835375,9.98705678
Ga0242637_111358,10.80340219,10.9042696,10.8181249,10.89773716,10.85456964,10.970695800000001,11.16037664,11.17846861,11.23690804,10.71004277,10.10829291,10.5881886,10.23150911,10.69493956,10.57677921,9.987068942999999,10.01787786,9.968332089,9.413155595,7.849552837999999,8.32596652,7.7757935279999995,6.71788509,7.138128712,10.93760309,11.00704903,10.99666359,11.20565142,11.29320246,11.44133967,11.35220198,11.34657098,11.387863000000001,9.906194031,10.6687835,10.83452176,9.822067701,9.66684828,9.96273552,10.36635624,9.82029898,9.67796228,10.26648406,11.73813703,11.71082996,11.58221781,10.52953459,10.49138532
Ga0242637_111359,9.339789116,9.575394964,9.360518877,9.450351134,9.278862881,9.574276447999999,9.656462721,9.588325139,9.660026401,8.985628945,8.747358123,9.216185099999999,8.965341303999999,9.331897803,9.355090869,8.642765087999999,8.429597655,8.400449624,7.642204809,5.76988924,6.245292997000001,6.078487558,5.318206933,5.724953022999999,9.621600727999999,9.849015304,9.865911183,9.909113768,9.970907281,10.14463011,9.790743434,9.749798222999999,9.728979226,8.397062118,9.21380122,9.261154319,8.693977946,8.962882346,8.769751949,9.068523211,8.070289771,8.298931105,8.829593489,10.38795936,9.722632213999999,10.19059074,9.187935743999999,9.006701054
Ga0242637_11136,4.140753994,4.139153812,4.452168233,4.271266876,4.384900493,4.739118302,4.7827385,4.820237303,4.321039304,4.261120417,4.388768833,3.9268758439999996,5.146769223,4.221805808,4.412551724,6.065275132999999,5.638429098,5.615746613,5.355480453999999,4.385771447,4.475808083,5.094429967,5.482136618999999,5.323559412,4.227785699,4.112162506000001,4.08603391,4.005455174,4.176888662,4.1851910939999994,4.328871157,4.096620832,4.066401976,4.67152528,4.633041184,4.946659565,6.437684056,6.929023064,6.548861672,6.170220277,6.078158097999999,5.499061404,5.085476312,5.28672757,5.211812222,4.900834924,6.514223714,6.08985168
Ga0242637_111360,9.32990957,9.394990896,9.374166994,9.080973207000001,9.038817679,9.113283495,9.09383534,9.079366653,9.049771324,8.601289332,8.481250802,8.830208361,9.359836345,9.406157461,9.45257523,9.129579743999999,9.158949137,9.298575985,9.855572527,10.349705499999999,10.2753929,10.90434771,11.13992841,10.81776959,9.31722628,9.455203037,9.1820632,9.475555927,9.740109846000001,9.666646567999999,9.404350843,9.448959962,9.222098447,8.764678242,8.964673776,9.2343022,9.090346615,8.889221678,8.923151856,9.182309192,9.064474051,8.910767124,9.113611813,9.564807165,9.750010715,9.51845694,9.286144448,9.125960658
Ga0242637_111361,10.97168636,10.92677485,11.07054329,12.50467704,12.52593791,12.51170057,12.36678165,12.37567522,12.32228508,11.86705715,12.29844274,11.27613787,12.52439449,11.87024077,11.75513017,14.29241651,14.35434278,14.42806448,13.79873239,13.39563083,13.47567708,11.54580652,11.53648244,12.03632716,12.19128046,11.79131075,12.55234783,11.04205148,10.75132865,11.17478089,12.00242359,11.68980419,12.13733199,12.984376600000001,12.32540184,12.50166053,14.05479053,14.00430692,13.93060459,13.89488749,15.55418956,14.86125535,15.69213599,13.20542395,13.25959198,13.17417355,13.8810332,13.9950158
Ga0242637_111362,8.156559294,8.267107591,8.133841856,8.409618129,8.445218367999999,8.470674082,9.516996666,9.318797153,9.212637987999999,12.24195109,10.72734289,10.2556336,8.669534749,8.582940937,8.504576643,11.33847453,11.60636931,12.084746699999998,13.63200165,13.63841929,13.70924594,13.36035178,12.6949196,13.57832891,9.687523827,10.25614207,9.34561052,8.011961757,7.9297195920000005,8.008509901,12.89749505,13.47400803,11.94398594,9.823954655,10.86807134,10.59059292,12.027587599999999,11.93570612,12.59252405,9.339330925,10.18181688,9.675689422,10.46055124,9.860864231,9.478976475,8.996802228,9.026821419,9.208479106
Ga0242637_111363,11.71101983,11.68150327,12.10018022,11.65484154,11.76250026,11.82596435,12.01576962,12.18946867,12.383293400000001,13.07681891,13.16854617,13.22131291,12.59013399,12.34507411,12.14480758,13.24515934,13.03196165,12.98684955,13.61485416,14.39330071,14.30913294,14.66037199,14.92374682,14.58103353,13.04847317,12.76761943,13.02585685,13.21993134,13.27450995,13.49932166,13.070753999999999,13.03306318,12.90180089,13.57061801,13.70441273,13.47622265,12.81403532,12.61065385,12.54297544,12.43782517,11.86732166,12.28721101,12.07207192,13.14633274,13.95791572,13.27852138,12.81436164,12.69790538
Ga0242637_111364,11.19872995,10.99682338,11.28575594,11.11304297,10.89335515,11.07737443,11.28787891,11.5351481,11.62223299,11.67655164,11.67041239,12.16314596,10.98163913,11.07777901,10.914023599999998,11.6232608,11.66597026,11.55395721,12.20027039,13.14042897,12.95952117,14.86656655,15.04811932,14.37634964,12.02100405,11.72687913,11.64285874,12.36937832,12.30979865,12.55521432,12.05677229,12.13016445,11.88804148,12.06792736,12.30271208,12.01569472,11.0865281,10.89095385,10.84912169,11.08438871,9.750571314,10.35012848,9.814437567,11.64883518,12.21629239,11.84934367,11.32432992,11.1368055
Ga0242637_111365,11.58710305,11.51041445,11.43890075,11.40648013,11.350764199999999,11.32910001,11.87900163,11.90005307,11.90960727,11.71716346,11.88965452,12.25774385,11.10868405,11.45920356,11.35434168,11.68453195,12.02031457,12.13858834,12.73830111,13.67327769,13.50603631,15.78902593,16.04790688,15.26781241,12.31066311,12.19095792,12.05354919,12.89537602,12.90095406,12.88720636,12.27820414,12.54340206,12.03266016,11.9266453,12.20498323,11.89501081,11.06219326,10.89779935,11.15069789,11.6076865,10.12980131,10.26500265,10.34939963,11.84851788,12.15445974,11.73129867,11.85500279,11.549149900000002
Ga0242637_111366,9.447878749,9.379534847999999,9.560289598999999,9.12443173,9.203200658,9.174423785,9.790311308,9.766680107,9.800298684,9.42035077,9.808729042000001,10.38440259,9.275681871,9.392826249,9.291768338999999,9.758597435,9.641086784,9.773356571,10.72802746,11.71652605,11.55732559,13.75029756,14.05879582,13.25518798,10.09223944,9.712337892,9.996975475,10.55301272,10.83908143,10.86912222,10.65982243,10.95174918,10.11615924,10.12438438,10.34777262,10.05986362,9.05131476,8.929865731,8.851129935,9.23770373,7.600787457999999,8.194836226,7.909692476,10.04261643,10.27679638,9.972079056,9.533634147,9.057918518
Ga0242637_111367,9.653561894,9.579459153,9.669477334,9.67034148,9.591951983,9.821338712000001,9.67945105,9.679616243,9.708315237,9.899610362999999,9.180348277,9.216185099999999,9.62916141,9.60212741,9.519668353,9.751225454,9.805211228,9.678223549,9.882131474,10.496677,10.43926346,13.25471617,13.46671028,12.57894181,9.653440028,9.798060624,9.759908745,9.520816125,9.745131933,9.582087559,10.25308407,10.48036705,10.03740394,9.771092328,9.845961927000001,9.936407625,9.662871962,9.854475959,9.527218993,9.569948488,10.47220052,10.176146000000001,10.68797547,9.89565896,9.980659533999999,9.951272434,9.568204953,9.636767445
Ga0242637_111368,11.05620587,10.99276582,11.03822527,10.76215426,10.76632736,10.75960444,10.72206695,10.711756699999999,10.80075594,11.24911012,11.17473778,11.06041494,10.59392574,10.65590426,10.61277417,10.81082165,10.68066405,10.75468311,11.0508926,11.6612011,11.64867759,12.77344687,13.02386901,12.45680466,10.90962621,10.83550025,10.96694946,11.03645234,11.207562800000002,11.15968819,10.78787942,10.922104800000001,10.82375432,10.84325461,10.83994652,10.70721014,10.47706519,10.39416316,10.26647916,9.737844994,10.49370041,10.61381386,10.60381023,10.76503583,10.99373626,10.77556611,9.832754354,9.782086392
Ga0242637_111369,12.11097602,12.10710007,12.13266045,11.92312316,11.91894539,11.93731964,12.00790484,12.10368349,12.05486893,11.85934997,11.86580781,11.84726876,11.830172300000001,11.92177896,11.86746739,11.68065654,11.67417586,11.70332991,11.26207133,11.05744356,11.08600096,12.02327228,12.13877408,11.68884046,12.248240199999998,12.06154124,12.14638005,12.43397672,12.60529722,12.52427586,11.85923609,11.81385443,11.99726388,11.62827153,11.58706948,11.55151461,11.50646411,11.56515694,11.48786224,11.04222896,11.56256498,11.40791597,11.86912049,12.21578496,12.12106488,12.1217205,11.20621905,11.02937901
Ga0242637_11137,3.00145839,2.686586935,3.245552862,3.16318366,4.441439466,3.196938321,4.149254746,3.437259219,3.618475267,3.780802703,3.516347495,4.116088736,4.280950425,3.666205171,3.925317194,5.105299126,4.875340189,4.701380336000001,4.476506155,3.942535777,4.066657595,4.632374016,3.6101325589999997,4.475591067,3.425532893,3.976273982,3.607398345,3.917216817,3.82616232,4.578634773,4.063137997,3.616358705,3.634407682,4.789010363,4.524616065,4.40180063,5.650022798999999,5.335555734,5.9421174489999995,5.778988445,4.3167515430000005,4.351588736,4.677691172,4.251984307,4.896774386000001,4.419220102,5.270333342,5.748692192
Ga0242637_111370,13.47670753,13.31785357,13.14257535,13.21597037,12.69180184,13.21170175,13.29965338,12.95757973,13.08560031,8.965791032,8.526204672,11.45540802,12.83863561,12.84187341,12.78305674,13.58129124,13.27021428,13.03563968,11.11547655,9.047702327,9.390149168999999,10.27252361,9.588648048,9.579965654,11.04723778,10.90266477,11.20081139,12.23894622,12.75205877,12.72058905,13.15087016,13.50558207,12.36289432,8.771715634,11.91396491,11.91026949,14.73260782,14.62722114,15.33787726,11.65359742,9.245560459,9.139090644,9.992434977,14.37642834,14.27252754,14.02796185,11.90028622,11.32947955
Ga0242637_111371,12.82342682,12.6503735,12.66466464,12.60604056,12.16119623,12.60499672,12.42825241,12.15461168,12.29434879,8.182791782999999,8.078254131,10.98987619,12.83863561,12.45498664,12.46421717,12.97254246,12.41872789,12.08892039,10.24135148,8.638782711000001,8.864174802,9.56704848,8.497161332000001,8.816120534,10.5572624,10.34303109,10.5978365,11.72396481,12.27723326,12.24787031,12.57669778,12.873959,11.74082017,8.009550627000001,11.46482577,11.44460823,14.06829421,13.91349525,14.49456156,10.39861304,8.61541443,8.552860019,9.389765226,13.70198499,13.88243638,13.44521948,11.00100823,10.14661423
Ga0242637_111372,13.27304665,13.15639847,13.08318162,12.87346363,12.29290103,12.79468722,12.33016956,12.1908186,12.30955893,8.229298242999999,7.700810755,10.63885894,12.92833748,12.74111071,12.75971054,12.58865458,12.33913146,12.00830544,9.941062084,8.309662011,8.684463267,9.297437991,8.080489402000001,8.687902355,11.00965956,10.96737742,10.72985114,12.18878908,12.53599589,12.40282527,12.45887891,12.70760184,11.7342464,8.188501829,11.21268481,11.42067621,14.1409674,13.90905521,14.43372765,10.13793702,8.474219156,8.103084281000001,9.176665303,13.751263199999999,13.75760475,13.40148598,10.867591699999998,10.0545647
Ga0242637_111373,12.86711834,12.69881364,12.68260004,12.19922152,11.73141712,12.27485847,11.62943772,11.47510725,11.46996835,7.248817774,6.996841408,10.25923688,12.46124189,12.19500942,12.36397035,11.99550267,11.79376254,11.40499667,9.305139177000001,7.285317455,7.831031137999999,8.291710092,7.21165498,7.689040317999999,10.57320305,10.54698753,10.3340413,11.65905107,12.01203519,11.98056657,11.43277838,11.57673772,10.86551332,7.841338532999999,10.80559851,10.94846388,13.55975692,13.37465398,13.91775551,9.503702562,7.709815247000001,7.288171693,8.412957971,13.1513805,13.2086992,12.7744898,10.107496099999999,9.315960255
Ga0242637_111374,11.43319449,11.14037085,11.48326175,10.69287743,10.26240324,10.51654335,9.836256508,9.854477183,9.741180742000001,5.913007532000001,5.787107708,8.794230675,11.01316574,10.67455274,10.71510404,10.72310835,10.13913689,9.582304781,7.642204809,6.1952876660000005,6.270436562,6.80702934,5.674972682000001,5.965935097999999,8.623236989,8.754069572,8.777078211000001,9.954684926,10.29067102,10.21595561,9.621697974,9.500928572000001,9.034320272999999,6.5194543220000005,9.31494961,9.487470817,12.21584789,11.89437518,12.22787044,7.780923367000001,6.34522705,5.796717903999999,6.832015077,11.62276564,11.54445891,11.34634637,8.670078754,7.8621370939999995
Ga0242637_111375,12.97406181,12.85015543,12.91422519,12.37836487,11.86425672,12.35547061,11.63625612,11.56078067,11.6476325,8.266264284,8.166094549,10.20297247,12.33779165,12.29350934,12.15456694,11.84492096,11.55354932,11.06915376,9.38954736,8.643598814,8.716774283,9.145745019,8.752516378,8.742718027999999,10.54841939,10.6170312,10.44128267,11.45732499,11.68587634,11.66501136,11.31663794,11.22547887,10.98457673,8.58724072,10.59107158,11.03084403,13.511594400000002,13.03761975,13.59044724,9.693958332000001,8.621007942,8.379351753,9.02119756,13.15748628,13.24923629,13.02259014,10.36933253,9.567768089
Ga0242637_111376,10.24660312,10.07684201,10.09736976,9.13863176,8.766958183,9.222589315,8.672111933,8.521604992,8.485089174,7.137899926,6.262407139,7.689821912,9.439351117000001,9.469872191,9.26134141,9.207065133,9.097515149,8.768929919,7.777738027000001,7.643767938,7.735122792,8.120336111,7.554524265,7.655142282999999,7.857451576,8.025432279,7.919938865,8.454129437999999,8.845657682999999,8.77163899,8.816149702,8.719379431,8.297698122,7.314121274,8.253158699,8.691745115,10.95789324,10.53034505,10.92500156,8.112671933,7.023532482,6.845625117999999,7.13001608,10.19751903,10.26840578,9.986144211000001,8.40635817,8.164978834
Ga0242637_111377,10.8791983,10.8328662,10.9852952,10.28320799,10.27002986,10.38869064,10.11713759,10.15851032,10.23327651,10.37986298,10.5028632,10.42667355,10.1922618,10.39651302,10.15003234,9.922900852,9.81089297,9.705662305,9.36015812,9.662542454,9.641650038,9.145745019,9.185727821,9.011812706,10.48157786,10.44822633,10.49023961,10.33112445,10.42269238,10.43331616,10.30798539,10.24705519,10.36219008,10.08913972,10.194762599999999,10.31315526,10.67940417,10.60544609,10.72796806,8.400521888,9.319662874,9.499280785,9.009699224,10.79974201,10.99627896,10.80638142,8.501430719,8.255525506
Ga0242637_11138,9.207914958,9.060874253,9.193516809,8.705095072999999,8.586308041,8.687029324,8.785753426,8.892890399,8.929988878,8.401638255,8.221816814,8.268650221,8.779555978,8.681924535,8.938770785,8.32954252,8.494590477000001,8.313942047000001,8.553118606,8.518091916,8.602841957999999,8.922298515,9.010004888,8.938570136000001,9.047388164,8.953517848999999,8.997575146,9.272482678,9.406207933,9.255059854,8.546968174,8.53225746,8.846894441,8.325532938,8.310280117000001,8.073460731,8.200165012000001,8.29385879,8.219222591,8.246988537,8.247096423,8.412490905,8.447460723999999,8.423988971,8.496155315,8.319033138,8.083385014,8.33434421
Ga0242637_111382,6.884285762,6.983131162,6.819036941,6.3057086579999995,6.499659658,6.348445606,5.799848765,5.9541164339999995,6.480229479,5.933642772000001,5.901091802000001,7.033786479,6.771846947999999,6.614954784,6.389395849,6.2721494589999995,6.555368662,6.304025082999999,6.089640734,6.5019621260000005,6.52137848,7.2884756070000005,7.301683833999999,6.927000692000001,6.537442523999999,6.584822459,7.164381771,7.298013806,7.776236762999999,7.562429187999999,6.352947775,6.181002964,6.172925789,5.968442865,6.251177785,5.8681085479999995,6.311006991,7.032246855,6.196378494,5.778988445,6.011404338999999,6.301223246,6.18247369,6.238334407999999,6.9704850060000005,6.102121777000001,5.612616484,6.288056674
Ga0242637_111383,4.638419917,4.310766793,4.398382944,3.9748242310000004,3.727858533,4.088802371,3.9642345660000005,4.025988985,3.927618893,4.261120417,4.12472298,4.8995810760000005,4.402065233,4.543578041,4.77092408,3.063272146,3.891911795,4.098857669,4.476506155,4.385771447,5.104939347,7.580746799999999,7.769569364,7.105019867999999,4.629103398,4.6836464069999995,5.031380373999999,4.992980103,5.377094447999999,5.444430189,4.551085283,4.960939729,3.733234295,4.401735515,4.684234868,4.270522828,4.377864054,3.662028972,4.4232196539999995,4.002277801,3.923781767,4.823235936000001,4.097700825,3.917653608,2.792585865,3.917989517,3.442297762,3.707348591
Ga0242637_111384,4.412075361,4.414199049,4.092030704,3.9066627169999997,3.9047313960000003,3.632791763,3.581642131,3.8060999410000003,3.495777414,3.570748818,4.023771416000001,4.2014779110000005,4.280950425,4.3921291710000006,4.163871943999999,3.063272146,3.586637633,3.9532778719999997,3.7340261939999997,5.2148792639999995,4.924884106,8.051685991,8.202326265,7.307763969,4.011281094,3.652763928,4.08603391,4.992980103,4.955471727,4.92963042,4.387889002,4.960939729,3.278155795,4.127524908,4.406945965,4.521587941,3.19781202,5.0681414689999995,3.551058527,4.129906508,4.068024151,5.067434938,3.9712646019999998,3.570185443,3.190463246,2.9136076980000003,2.9824992530000003,3.045854701
Ga0242637_111385,8.976734878,9.209886311,9.045709426,9.013227467,9.138010951,9.122715386,9.000833949,8.917017726000001,8.993723127,8.988089612000001,8.669347444,8.456160257,9.037530501,9.069348995,9.1494899,8.32954252,8.310305826,8.2257093,7.825449431,7.700345853,7.975393761,7.580746799999999,7.504855366,7.336571028,9.508431912999999,9.444454805,9.477907723,9.225138022000001,9.362758267,9.392502432999999,8.262521334,8.405543247999999,8.529597983,8.465211106,8.210926696,8.021497416,8.029896101,8.117399427999999,8.139392551,7.644077117,9.602939666000001,9.165248468,9.517039544,8.919453768,8.646183934,8.719553277000001,7.746384663,7.600303615
Ga0242637_111386,9.141688259,9.151023158,9.150544426,8.761240718,8.672282092,8.866169617,8.448058991,8.489784223,8.481388389,8.829734777,8.143188552,8.409357477,9.082257452999999,8.992692003,9.046190744,7.857415906,7.9779174589999995,7.796098907,7.234312005,7.754787341,7.7882254710000005,7.621924089,7.938077523,7.446365815,9.186536076,9.002494515,9.19772141,8.684806144,9.037994631,8.795871814,8.235426635,8.23188605,8.480823183,8.581912236,8.198012139,8.120532585,7.813657267999999,7.729357615,7.969979668,6.6508413310000005,8.062088204,8.194836226,7.917918867000001,8.489238686,8.665484706,8.427684376,6.871740189,6.832094877
Ga0242637_111387,10.25498077,10.25086633,10.23835882,10.10575578,10.08785025,10.00390991,9.873457129,9.84078378,9.825328787,9.939568638999999,9.673404552000001,9.688388699999999,10.18612785,10.25967422,10.19580066,9.827982517,9.779362786,9.777241371,9.291050208,9.321553583,9.181088687,8.715976365,9.149833056,8.966473691000001,10.16030393,10.07089178,10.24103216,10.06513312,10.23731576,10.088109,9.495255278,9.437576021,9.648830052000001,9.981975865,9.596574419,9.527602003,9.192538505,9.541316406,9.211060778,9.098757407,10.73460247,10.45324574,10.79231764,9.833608116,9.949507938,9.863737112,9.200583732,9.239526279
Ga0242637_111388,10.76065084,10.88633729,10.72733051,10.56859418,10.57255862,10.63859176,10.51838717,10.47004248,10.44851833,10.22888327,10.69915862,10.41702807,10.67646518,10.86256088,10.74069454,9.955341634,10.10832299,10.14107186,9.614392564,9.456302226,9.595232342000001,9.068436896,9.431423613,9.199858758,10.53708567,10.51872139,10.70188943,10.50426757,10.65589197,10.54921451,10.55180452,10.69794264,10.34230647,10.23544552,10.18824783,10.36293384,9.774928483,9.985567536,10.06746737,10.52644955,10.59237696,10.45722099,10.61902421,10.46489123,10.46662304,10.40951417,10.4025541,10.72382643
Ga0242637_111389,10.49137657,10.43334102,10.39132421,10.28878956,10.14495951,10.16595035,10.16164091,10.13439216,10.18517789,10.34477383,10.15483587,10.18034447,10.07985804,10.325575599999999,10.20061939,9.980779056,10.23311555,10.17189313,9.974946066000001,10.04938061,9.997747987,9.403548042,9.390995542,9.464046000000002,10.27780126,10.31633088,10.1849013,10.38008587,10.48105013,10.40897579,10.1418061,10.07650544,10.2809565,10.11242364,9.944605525,9.895499416,9.960170794,9.718027273999999,9.875960843,9.916080415,9.877495246,10.01828096,9.803381115,10.10935632,10.28305746,10.17839191,9.911796119,9.964521819
Ga0242637_11139,8.432503164,8.073196055,8.403808816,8.919704855,8.855801316,8.910407914,8.805686977,8.770624838,8.73864263,8.81317715,8.773694809,8.651623347000001,7.877030314,7.785429722000001,7.8107249439999995,8.455858621,8.342047832,7.9416963439999995,8.201934847,8.266601503,8.313946608,7.253959365,7.115625144,7.485474644,8.079092407000001,8.32574609,7.957219522999999,7.97079644,7.7313784629999995,7.684294208,8.919465108999999,8.598502473,8.943649157000001,8.994602952000001,9.009709134,9.262553837,8.706594123,8.163579152,8.017764217,8.036611838999999,9.27778582,9.187753837999999,8.966736735,8.234015282,8.452377154,8.653290794,7.969742385,8.045118957
Ga0242637_111390,10.22437748,10.22688435,10.02675803,9.907526447999999,9.889232465,9.972956801,10.11003041,10.01651967,10.08875727,9.583819886,9.137533024,9.394972304,9.891647122,10.10848291,10.20302273,9.297569232999999,9.328958724,9.298575985,8.272477315,7.437327184,7.367425752999999,7.067769123,6.802598221,6.888596116,10.13797068,9.960986361,10.16455719,10.60016456,10.65589197,10.639016499999999,9.643944075,9.591027963,9.699442634,9.240990076000001,9.396338908999999,9.202572706,9.109473525,9.241078444,9.314153276,9.449011378,9.159779472,9.213051557,9.253419685,10.05498286,9.879612666,9.769294627999999,9.40839154,9.344800465
Ga0242637_111391,10.03670045,10.19809837,10.03214857,9.684928897999999,9.83241727,9.82481001,9.767907456,9.759419974,9.800298684,9.268714894,8.898614941,9.388405996,9.819509322,10.10477121,10.05034015,8.803463697,8.725715012,8.710531847999999,7.512169382000001,6.1952876660000005,6.54216127,6.263673055,6.556467632,6.352505232,10.22429217,10.07786324,10.0753492,10.66772057,10.73690534,10.67212,9.414738867999999,9.47332125,9.625087921,9.051608568999999,9.053380999,9.050463438,8.588867677,8.592807361,8.747252816,8.850420866,8.436649891,8.532907026,8.572566321,9.63375826,9.753020944,9.66420174,8.787914568,8.982434612999999
Ga0242637_111392,9.970838642999999,9.976652065,9.938800544,9.783108405,9.822078304,9.82249674,9.792532676,9.585590912999999,9.658388602,8.187082156,8.270190135,9.121695829,9.648623573,9.833229369,9.880566202999999,8.491692741,8.193362078,7.950899502,6.115517037,4.5628060999999995,5.538577275,5.721208933,5.532841605,5.48758844,9.672803625,9.574078165,9.765923259,10.25602523,10.35860102,10.22602233,9.24465961,9.233287817,9.295381285,8.530285062,8.792099312000001,8.638840406,8.217900238,8.117399427999999,8.325564559,8.609206083,8.254313086,8.466085066,8.395392085,9.534217084,9.486230563,9.446722302000001,8.585809518,8.607243716000001
Ga0242637_111393,8.770139764,8.918403025,8.842254559,8.69552127,8.622507036,8.709738285,8.628010302,8.498532464,8.525183217,6.730632312000001,7.009569179,7.967535689,8.527963695,8.903209175,8.865814164,7.089765333,6.815132769,6.60186329,5.06615415,3.803921163,4.718346846,4.737776482,4.7570015539999995,4.7619335519999995,8.567026951,8.472034395,8.77110985,9.160256353,9.255977335,9.360365708,7.902932149,7.781748544,8.228473967000001,7.437297012999999,7.513717647000001,7.548236997,7.026523678999999,6.758834553,7.10397949,7.410867456,7.1527909229999995,7.239736213,7.725121082,8.136518756000001,8.024282216,8.462155807,7.396575276,7.589630387000001
Ga0242637_111394,12.00600493,11.9130288,12.06037165,11.63650988,11.64644126,11.61528112,11.26925786,11.40278351,11.49770982,12.12887406,11.84111564,11.90246023,11.786916900000001,11.87591383,11.69008616,12.16180563,12.18195014,12.20546646,12.57435141,12.40737584,12.42700713,12.50482052,12.54791534,12.42489774,12.08271796,11.90375236,12.19260241,12.19606203,12.45785364,12.15227649,12.16841102,12.11714156,12.06169205,12.57234731,12.32515444,12.48676946,12.35356525,12.03917186,11.98089692,12.10883773,11.17189427,11.32767773,10.96795576,11.85295105,11.96626159,11.93522198,12.13293636,12.17399905
Ga0242637_111395,8.964015614,9.170912277000001,8.900004705,8.44433104,8.325881046000001,8.522902125,8.27137492,8.213367317000001,8.116513432,7.517732323,7.154129029,7.907559107999999,8.881777269,9.129040382000001,9.223961186,8.725351007999999,8.764296768,8.951924484,8.69256111,7.890651932000001,8.214001377999999,7.7512620089999995,7.800773156,7.8673901420000005,9.399995681,9.117154256000001,9.288261057,9.638833385,10.0048026,9.810361057,8.735570901,8.762598794,8.723749446,8.44187053,8.158559792,8.805571267000001,8.916633635,9.105722724,9.267485714,9.329803065,6.843720942000001,7.0700351679999995,6.500371027999999,8.912674391,9.176694237000001,8.883446475,9.231726899,9.315960255
Ga0242637_111396,8.625787604,8.825636717,8.249441881000001,8.164474683,7.9802037839999995,8.230073422,8.277732457,8.14071193,8.03806335,7.008054222999999,6.533343557999999,7.345544,8.24679219,8.629153002999999,8.803825752,7.752998145,7.834639664,8.111349962,7.269244337999999,6.43677346,6.343331071000001,7.182343406,7.400068956,6.869002875,9.05421946,8.891558622,8.700637797,9.388375036000001,9.496830999,9.246293705,8.258681686000001,8.313043401,8.297698122,7.671099900000001,7.296607400000001,8.057422403,8.252729566000001,7.902750132,8.388709329,9.153793285,7.354366525,7.176809015,7.32826078,8.622620687000001,8.384113088,8.504869727,8.80458108,9.01070607
Ga0242637_111397,9.351555949,9.501639378,9.270338413,9.281457421,9.321692118,9.358128838999999,9.31856605,9.256557164,9.214868283,8.528774302999999,8.881417976,8.849460807,8.891863315,9.219688985,9.233397437999999,7.791848667999999,7.883997615,7.856113086000001,7.492597141,7.414959266,7.500686035,6.733737546,6.289057454,6.265172641,8.921040722999999,9.037655042999999,8.788941358999999,8.725586966,8.953732685,8.725075148,8.877521154,8.731860517000001,9.050008062,8.470987711,8.184980897,8.619309515,7.412828432,7.617663192,8.008333129,7.5042103529999995,9.152073475,9.04713312,9.009699224,9.422530885,9.464357944,9.410274111,7.282181959,7.419256131
Ga0242637_111398,11.19383609,11.29418571,11.25565777,10.63458077,10.66005163,10.63990609,10.58717979,10.56748604,10.61228222,10.82323426,10.92826535,11.16592016,10.65959307,10.9983866,10.83461795,10.61083143,10.68608427,10.7755484,10.68342146,10.47522565,10.56881185,9.985011427,9.664099258,9.911949807000001,11.14593213,11.12568865,11.14537059,11.36503734,11.66018447,11.37954954,10.47281291,10.54101977,10.502361099999998,10.54295358,10.62040383,10.45026674,9.949596222,9.896095094,10.159794300000001,9.564542711,9.805638437,9.740190579,9.626481381,10.72432154,10.7122022,10.6507125,9.882660584,9.59202775
Ga0242637_111399,7.389652676,7.626203202999999,7.441817425,7.163347551,6.844595077999999,7.056582064,7.248241447000001,7.107373715,7.079123673,7.036880277000001,6.68393407,7.056068182000001,7.640251165,7.569690285,7.7241107410000005,6.889289082,7.242847414,7.219989022999999,6.476448887999999,5.581083416,5.6193236120000005,5.094429967,4.360694114,4.577747215,7.7881031489999994,7.8596265270000005,7.574055077000001,7.432991311,7.428255544,7.617866652999999,7.057544569,6.931414317000001,7.079811716,6.84746438,6.8667530160000005,6.705282272000001,6.809599865,6.846441292000001,6.924988761,6.60939271,6.971905777000001,7.056114464,7.115777473,7.652416054,7.301956592000001,7.391862294,6.612265337999999,6.4385855670000005
Ga0242637_1114,2.7843994210000003,2.422088851,2.725182339,2.8641280410000003,2.744398912,1.764951351,2.4060372180000003,2.4271808669999997,2.802740674,1.764951351,2.911501305,3.275040208,1.764951351,2.7656934210000004,2.392844266,3.547978091,2.783394397,2.452468344,2.620112537,3.00415308,1.764951351,2.8057856639999996,3.7987871739999997,3.8026455180000003,2.473778066,2.4340741830000003,2.7960011330000003,1.764951351,2.434624694,3.209420395,3.406639872,2.80145218,2.4662029569999997,2.681282262,3.328847895,2.606994275,1.764951351,3.347410348,2.476742168,1.764951351,1.764951351,3.239141445,3.022421094,3.0803301339999996,3.190463246,2.7107655210000003,2.638270533,2.685057094
Ga0242637_11140,8.297068849,8.263743646,8.366738111,8.122218831,8.034954245,8.128852678,7.919541092,8.148144398,8.012646013,8.423621102,7.958711207,7.990844912000001,8.106582269,8.06150742,8.092377152000001,7.92013118,7.883997615,8.16769075,8.249344399,8.3573496,8.473741001,8.213064435,8.589383154,8.269537313999999,8.056586243,8.162928711000001,8.097392949,7.5283029720000005,8.202280687,7.664685287999999,7.898003397,8.253689901,8.052726379,8.280190497000001,8.244810645,8.366857447000001,7.613790029,7.600976356,7.709791271,7.633786882999999,7.924092957,8.005096383,7.7157140779999995,7.821230900000001,7.866427077999999,7.807190088,7.6846872479999995,7.922914638
Ga0242637_111400,9.157415313,9.202877993,9.295660424,9.234300789,9.16075373,9.143250997,9.111737191,9.121505026,9.057248279,9.320400516,9.114167781,8.997754269,9.226717176000001,9.354579801,9.185586554,9.035608294,9.003886843,9.267611561,8.771807772,8.228640837,8.547455523,6.899287208,6.134042288,7.154402167000001,9.305822674,9.149658349,9.410398268,8.803844795,9.098110644,9.058758861,8.86494897,9.005537549,8.781274791,8.709553072,8.56619813,8.269976502,8.8836828,8.496873095,8.99890812,8.332174178999999,9.128705381,9.050645571,9.099217621000001,9.261118315,9.010550745,9.192403602999999,8.262967081000001,8.221369232
Ga0242637_111401,9.651976782,9.703813225,9.663932056,9.45744891,9.410631761,9.346905422999999,9.303068218,9.356175682,9.445082063,9.97349148,9.56125125,9.500227229,9.449629498,9.571259127000001,9.46997596,9.799675033,9.966623347,10.07843058,10.14751041,10.26785745,10.15254881,9.748379108,9.719566894,9.897528535,9.794743602999999,10.03552001,9.656868388,9.517247107000001,9.548017794,9.501500361,9.31104283,9.397009554,9.42650197,9.423343366000001,9.249702574,8.982449206,9.09994177,8.868461993,9.213114421,9.281196352,9.425732931,9.271413282000001,9.389765226,9.450883567,9.325663895,9.241939652000001,9.391943136,9.312719905
Ga0242637_111402,8.391292168,8.348753195,8.278765434,7.3821289310000004,7.698661706,7.517838389,6.922604195,6.867165116000001,6.737941312,6.542329006,6.730822255,6.574908386000001,7.72168897,7.689544647000001,7.422358543,6.403574545,6.1865182,5.909058272,5.702296605,5.315634683,5.4081854620000005,5.56032048,5.804244499,5.768038651,7.118615257,6.940297022999999,7.286616586,7.221085508,7.338030185,6.935082977,6.627923496,6.1252000639999995,6.189243906000001,7.534309317999999,6.961558734,6.136525576,7.586740087000001,7.303809337000001,7.1215892389999995,6.60939271,6.078158097999999,6.893391251000001,6.068599891,7.151273087000001,7.571269564,7.391862294,6.222800831,6.596347517000001
Ga0242637_111403,9.691091289,9.584860323,9.852461775,8.835037623,9.029860964,8.96596127,8.025343966,8.21690576,8.208931476,7.812528055,8.108132662000001,8.426552892,9.511444133,9.455954558,9.120964966,7.672008443999999,7.073466851,6.838614712999999,5.11866428,4.71973642,5.16019695,5.615986788,5.1328806060000005,5.680529589,9.239442089,8.795743228,9.047808304,9.010906137000001,9.222158425,9.122421098,6.928073273,6.721963732000001,7.328049635,8.790315878,8.462025191,7.413576067,8.352438823,8.84030935,8.452686114,7.602468065,7.354366525,7.752446676,7.185603978,8.769932812,9.121859537999999,8.928967107,7.763538259,7.751589199
Ga0242637_111404,7.202997149,7.145547293,7.049310683,5.866721347,6.148172079,6.170346437,5.7456356379999995,5.587854455,5.608316198,5.2342578269999995,5.165124858,6.015794089,6.468742894,6.623290844,6.559326391,4.97489283,4.281103862,4.405768825,3.8692144980000003,3.803921163,4.181123441,4.393970655,3.963144162,3.613718618,6.575975848,6.59597934,6.534427166,6.722546896,6.725787601,6.821545624,4.444466537,5.197488063,4.790327679,6.250145991,5.7811300789999995,4.829070251,4.995296209,5.628299527999999,6.277278557000001,4.791768251000001,4.526930893,4.88837244,4.510207018,6.322734152000001,6.262835217999999,6.224257606,5.117265012,5.131981726
Ga0242637_111405,6.430615562000001,6.643046963,6.568765872999999,5.429665733999999,5.6110890179999995,5.421298715,5.162288317,5.1842268439999994,5.200592728999999,4.808272022,5.25404949,5.500353304,6.341844922999999,5.820595878,6.117148726,4.281559972,4.061476221,3.9532778719999997,4.302796251,3.942535777,4.066657595,5.094429967,3.7987871739999997,4.845648752,6.415233951,6.172605152999999,6.548470468,6.771351833,6.6311953379999995,6.73638347,5.061046701,4.872372338,4.653823782,5.575031186,5.254644798999999,5.131426844,4.818200909,5.162995195,5.47661902,4.934560538,3.923781767,4.442236701000001,4.510207018,5.859178469,6.043816337000001,5.395642471,4.750068729,5.190157933
Ga0242637_111406,6.998537739,7.152842934,7.014851951,5.429665733999999,5.894779528,5.915669562000001,5.610527957,5.792220714,5.834881296,5.200420057,4.968531455,5.595124285,6.385400403999999,6.606570158999999,6.665502854,4.281559972,4.409928452,4.028070049,3.8692144980000003,3.261710257,3.2608517239999997,4.393970655,3.6101325589999997,4.113428357,6.8308467,6.61803693,6.71956053,6.993275294,7.205782377,6.913080226,4.786479382,5.084155163999999,4.790327679,5.596433381000001,5.4427701079999995,4.700706096,7.215019439,8.432325196,5.420503095,5.292467671,4.7092957680000005,5.067434938,4.319533971,6.01967202,7.031299627999999,6.164487599,5.493680967,4.798593744
Ga0242637_111407,12.57864293,12.60773143,12.46550232,12.24321243,12.20014014,12.31078489,12.516566300000001,12.4557138,12.54070473,12.94260383,12.49835718,12.43891053,12.28160658,12.384028500000001,12.36736708,13.14112797,13.22823754,13.42206206,13.52471589,13.45847213,13.44104366,12.66109592,12.4352213,12.87754243,12.94400234,12.89882207,12.82932428,12.73082151,12.96571332,12.75865018,12.97923413,13.20977569,12.77150871,12.33684205,12.24555262,12.2963125,12.6773235,12.59019725,12.82731323,13.19995458,12.41081766,12.26205648,12.45320956,12.75229037,12.71285024,12.55399167,13.26819811,13.26361986
Ga0242637_111408,8.664038981000001,9.066676647000001,8.878618413,8.639203614,8.498134135,8.838960449,8.635454846,8.704112718,8.732428744,9.274773997999999,8.347372946,8.666173584,8.534416687,9.005489,8.816438368,8.982029842000001,9.253775921,9.33241453,9.36015812,8.448240572000001,8.516323693,7.027459622,6.580665552999999,7.278369412000001,9.288546443,9.421149633999999,9.398833036000001,8.967101975,9.159587896,9.185686577,9.166903023,9.068396166,9.027544355,8.616200653,8.612351921,8.601723899,8.49016093,8.304202369,8.738724339,9.545461363,7.859303392999999,8.123242734,8.266049365,8.989851448,8.721884289,9.051335369,9.563316699,9.454719803
Ga0242637_111409,11.13264096,11.11072342,11.3134692,10.89564844,10.83670588,11.00067399,10.78812282,10.95413275,11.08791311,11.11651403,10.58906897,10.97388372,11.08030085,11.17124424,10.92861913,11.3211532,11.07525391,10.83515074,10.49838629,9.662542454,9.815819838,8.562316636,7.372637404,8.490635481,11.32229067,11.20924183,11.2250266,10.96554798,11.27768995,11.19599033,11.25823113,11.27108579,11.23303006,10.71344456,10.75726874,10.88309581,11.05727665,10.77676333,10.74580986,11.52312716,10.34448088,10.35439783,10.39282909,11.22241849,11.44466105,11.37705227,11.46725465,11.57033374
Ga0242637_11141,8.981791347,8.377049823,8.7718207,9.630704807999999,9.515412156,9.408352345,8.506065322000001,8.610372668,8.754061235,8.329729708,6.365128764,6.266065182999999,9.104111422,9.00389557,8.995330431000001,7.692686315,7.292448879,6.636533155,7.085444637999999,6.584525481,6.435108205,5.997163747,5.960243686,5.680529589,8.518451835,8.680076695,8.465862115,7.663638949,7.3313641579999995,6.956754693,8.661898953,8.481421777000001,8.912113182999999,9.018465301,8.440256382000001,9.235727999,8.182208989,6.72840642,6.743495051,5.578091949,10.48145402,9.795665098999999,10.168205,8.903585376,8.845493285,8.841212391000001,5.317895342,5.823730594
Ga0242637_111410,8.919911515,8.968851357,8.807467467999999,8.086034571,8.235272733,8.250869329,8.522218953,8.436150394,8.385641298,8.397941652,7.471739365,8.387570867,8.76865022,8.80048203,8.948352736,8.234040967,8.042135662,8.044144527,7.452637006000001,6.344987747,6.478889971,6.298008836,5.719373603999999,6.234841304,9.109922911,9.177742586,9.131715174,9.023540581,9.262997192,9.176487193,8.924320462999999,8.84820559,8.686953594,8.184991421,8.403228651000001,8.253177603,7.8595768679999995,7.969264771000001,7.925576555,8.675904458,6.86274643,7.176809015,7.212613994,8.52227438,8.391859495,8.471415871,8.609715701,8.601943819
Ga0242637_111411,7.751296958999999,7.641838784,7.395706361,6.709743585,6.962339012,7.1407395970000005,7.0544158370000005,7.181716403999999,6.810590578999999,6.48765592,6.324916617,6.635383967,7.420912385,7.637044999,7.6176143860000005,6.500697955,6.351839581,6.414753826,5.169295709,4.47713225,4.475808083,4.393970655,4.572983816,4.577747215,7.793557665,7.957927563999999,7.445007645,7.745251183,7.942895347,7.735317233,7.315952687999999,7.206604747999999,6.893491971,6.508247295,6.75353299,6.808628485,6.172077286,6.38244659,6.612558363,7.203822392999999,5.528438668,5.618061775,5.809527223,7.2692437110000006,7.199709733,7.048263126,7.007591466,6.867889537999999
Ga0242637_111412,11.30340711,11.55821832,11.38851661,11.39247627,11.40372374,11.4998692,11.81378946,11.77092441,11.72046872,11.15260628,11.88275786,11.77233679,10.9751317,11.34018443,11.2947478,10.90794332,10.94825708,11.19597675,11.77710913,12.03832896,11.97727687,11.60431955,11.65574028,11.64202904,11.36595419,11.41671304,11.52457014,11.93327784,12.04778543,12.2156755,12.01840512,12.09376261,11.93677138,10.80317828,11.26624638,11.40143115,10.44354419,10.18622274,10.82381103,10.53476664,11.10362083,11.10929239,11.06835359,12.24013203,11.9610645,12.07490454,10.71175958,10.47698334
Ga0242637_111413,9.661461436,9.805627608,9.77869663,9.900252246,9.883029037,9.899138653,10.2515817,10.15759011,10.13070313,9.6016048,10.29390083,10.17017252,9.176031955,9.579840697,9.425388199,9.246050392999999,9.305001776000001,9.562931521,9.874592964,9.914430224,10.01083647,9.326782485,9.181783336,9.376631116,9.590609992000001,9.66153329,9.843335081000001,10.07366283,10.30434521,10.39615462,10.50881447,10.47295152,10.30450311,9.141277248,9.708554087000001,9.781027006,9.118942713,8.89607571,9.257570341000001,8.99004353,9.19395595,9.304152969,9.424817893,10.65696046,10.72452284,10.63569113,9.31841653,8.898465167000001
Ga0242637_111414,11.01610603,11.18417488,10.99028879,11.02787715,11.00382222,11.04995285,11.42735109,11.4182329,11.32729222,10.46975777,11.00886561,11.15112752,10.44605225,10.80745288,10.85615591,10.33815451,10.3577045,10.48144884,10.24281612,9.559286916,9.739247382,9.267484178,9.228419902999999,9.543380896,11.00496616,11.11459324,11.12854763,11.47858579,11.61323439,11.64597564,11.41045927,11.53105142,11.33579215,9.958526111,10.74326338,10.72508516,9.682162968,9.737237961,10.26152665,10.11223189,10.22469364,10.17131423,10.22896402,11.68110576,11.63942529,11.5177632,10.21581632,10.08716986
Ga0242637_111415,8.827439497,8.983239151,8.756269665,8.735778254,8.747967482,8.787703597,9.025597015,8.910477465,8.943501052,8.86229056,8.929062112,9.040262352000001,8.17012555,8.561435846,8.638461852,8.674291477,8.922248656,9.346428249,9.110287841,9.149399796,9.109884594,8.69683798,8.618858484,8.571596049,8.885732119,9.130627106,8.710027412,9.16938093,9.314584754,9.117622515,9.309187951,9.570328762,9.255343827,8.621404195,8.697396852,8.824646534,8.815433355,8.208326037,8.5727087,8.442387985,9.281322381,8.929965741,9.127863796,9.117183657,8.862317804,8.897254121,8.741063197999999,8.372195124
Ga0242637_111416,7.463830672,7.722480354,7.5237255979999995,7.024874407,7.062419296,6.7209691639999996,7.112505014,6.876150738,7.192166986,9.67521793,8.561185539,8.118019935,7.111185965,7.356427236,7.528410831,7.608133735,7.592186625,7.9042849120000005,8.968764374,8.865950068,8.904808792,7.726305915,7.065098646,8.086679602,8.165761254,8.77872904,7.84235543,7.37104345,7.434489171,7.382049995,8.960223873,9.418400855,8.293938268,7.7009056,8.691266325,7.988043142,7.317314586,7.196803992,7.549951694,5.9215911729999995,6.936430594,6.954710971,7.042394207,6.927280109,7.108587705,6.80609677,5.824370985,5.85982513
Ga0242637_111417,11.21277523,11.03234279,11.25519687,10.92308152,10.83542139,10.87124741,10.63252472,10.71738781,10.76695692,11.31282017,11.51071333,11.58356893,10.72240106,10.76903994,10.45838371,10.58341881,10.39411679,10.18169664,9.994205399,10.44381955,10.50681173,9.527877565,9.55244725,9.62442931,11.3075963,11.29165058,11.04445401,11.5166194,11.60358908,11.41811155,10.84916028,10.74256782,10.90732833,11.34189007,11.28366727,11.31099562,10.26741852,9.966158802,9.711376119,9.413369794,10.35458796,10.61973743,10.26164512,10.49167287,11.16849232,10.85906739,9.692052969,9.600024486
Ga0242637_111418,8.77597325,8.804957614,8.590777852,8.056418981,8.092011806,8.240508855,8.080933749,8.191952398,8.135476871,8.216762652,8.357358844,8.584267572,8.157638887000001,8.376774803,8.374146362000001,7.518312138,7.565538942000001,7.515073851,7.072315947000001,7.832779523999999,7.7882254710000005,8.071636004,8.225505546,8.078178282,8.878052227000001,8.736553642999999,8.719356302000001,8.908365047,9.347979287000001,9.007801782,8.078739961,8.178171358,8.220573229,8.253625837000001,8.145165492,8.129765367000001,7.531068389,7.441409181,7.536889921,7.189838854,6.954277387,7.300030443,6.849335065,8.378789421,8.073281251000001,8.263254097,7.258172054,6.48545294
Ga0242637_111419,7.975741369,7.914922082,8.121755455,7.955739452,7.726652447,7.769197158,7.502876494,7.825476069,7.61340788,8.019168194,7.443886158,8.310933777,7.716022082,7.875334587,8.067969204,7.575102911,7.585570735,7.611094382999999,7.347604102999999,7.824319132,7.79688886,8.213064435,8.794451757000001,8.184968804,7.809798504,8.174126201,7.729907288,8.188411913,8.553833183,8.348718051,8.134280101,7.834792192,7.93694863,8.044839177,8.008839498,8.160121301,7.317314586,7.403416726000001,7.347889896,7.117810401,7.896681636,7.828089955,7.789305858,7.378284637999999,7.750692193,7.711425200000001,7.246015427000001,7.407148741
Ga0242637_11142,5.6914885889999995,5.500861604,5.583435282000001,5.2829045180000005,5.375431402,5.469694346,4.953460831,4.781957151,5.126023564,4.561592913,4.858901346000001,4.848771504,5.30734308,5.566816086,5.2435085610000005,4.281559972,5.224151297,5.0177777,4.769522941,5.106417025,4.924884106,5.721208933,5.674972682000001,5.48758844,4.93995569,4.7662066030000005,5.35488028,5.325055145,5.638247326,4.92963042,4.786479382,4.728067906000001,4.991882299999999,5.28950145,5.254644798999999,5.40102619,4.377864054,3.91283721,4.4232196539999995,4.632733889,4.068024151,5.010237392,3.8313353180000003,4.4188348369999995,4.603319646,4.520141599,4.678308878999999,4.871888998999999
Ga0242637_111420,10.24765299,10.21125415,10.25689463,9.837438455,9.783965906,9.767038872,9.568460121000001,9.543943199,9.656748941,9.979686883,9.940766206000001,10.13006454,9.675144946,9.6830131,9.784340862,9.475123457,9.526628149,9.644592955,9.822650892,10.19918926,10.15254881,9.145745019,9.641300957,9.521603333,10.34247713,10.3749177,10.21378983,10.77023251,10.90226434,10.69806654,9.789413512000001,9.79510344,9.870745609,10.3782944,10.47007614,10.41734815,9.756846453,9.646670272,9.869465263,9.332986015,9.190198302999999,9.34477505,8.648675172,9.934104395,9.759022623,9.77304369,9.472371542000001,9.289831342000001
Ga0242637_111421,9.565371328,9.52711358,9.752810321,9.168350565,9.106408681,9.098063016000001,8.399330626,8.329055862999999,8.481388389,8.237595183,8.327191322000001,8.44776284,9.264081021,9.194764479,9.022799831,9.420399847,9.517970213,9.573395592999999,9.798951301,9.769952492,9.734746595,7.903728964,8.681659063,8.715570552,8.720923085,8.214455562000001,8.826836352,9.350769303,10.01627259,9.337848969,8.100355403,8.127111281,8.271170968,8.621404195,8.162997058,8.486672407,9.630135727999999,9.919829755,10.25157032,9.153793285,8.598502565,8.567645699,7.32826078,9.553230155,9.710295193,9.480744701,9.625607419,9.351131849
Ga0242637_111422,9.438714655,9.531315888,9.611601787,9.064332692,9.154586627,9.139538928,8.64777767,8.433111448,8.44004047,7.999786717,8.561185539,8.369901499,9.540584648,9.488222602999999,9.362276767,9.606212927,9.422852204,9.429413475,9.054666076,7.832779523999999,8.085554161000001,6.574910802000001,7.301683833999999,7.307763969,9.120810065,8.983527266,9.306944612999999,9.803189408,10.14628937,10.0583699,8.502205258,8.317190923,8.649194514,8.764678242,8.569544254,8.748782323,9.906505352,10.10277368,10.48448155,9.708736058,8.498732491,8.903015559,7.587486987999999,9.962827722,9.716476891000001,9.729972888999999,9.992197594,9.722287903
Ga0242637_111423,10.06913108,9.990962169,10.45371429,9.819922015,9.797222157,9.848877996,8.948003299,9.263416738,9.303462762999999,9.174635084,9.216453963,9.359601479,10.05314462,10.05023605,9.777906728,10.26584544,10.09906511,9.912908583,9.16074844,7.736867595,8.141037568,6.682717975,6.4553886270000005,6.67952201,9.948093337000001,9.698188607999999,9.932931201,10.37417911,10.81241458,10.59135718,9.448835123,9.10723426,9.679410172,9.829585559,9.612881948,9.907178502999999,10.89590365,10.80616943,10.95782616,10.24488229,9.108938582999999,9.574405876,8.272478793,10.82883977,11.36426592,10.96883678,10.48757738,10.33087712
Ga0242637_111424,11.33190028,11.42076503,11.3609364,10.84404845,10.93951876,11.03803928,10.59801547,10.60442225,10.597828699999999,10.53683848,10.49497034,10.44260742,11.02122807,11.22830594,11.16557201,11.12121265,11.13535829,10.99714285,9.641296551,8.163064737000001,8.38460797,7.881296366,7.466447467999999,8.10353337,11.70271166,11.43544392,11.66877007,12.001282199999999,12.28285603,12.07950003,10.60946434,10.44763889,10.80538653,11.00924207,10.90297084,10.99719384,11.82555158,11.87282282,12.11516332,11.93279403,10.12390431,10.40741031,9.611346034,12.02441705,12.24169568,11.94937304,12.03878981,12.0275283
Ga0242637_111425,7.815023672000001,8.030284963,7.8559561879999995,7.534931842000001,7.748660294,7.759553762,7.657164996000001,7.41532088,7.692378356,6.228875327999999,6.384820797000001,6.707571502,7.468879679,8.167802116,8.088915491,7.165708966,7.2001676020000005,7.425466942999999,6.5728903370000005,4.860785042,5.4529875489999995,5.0133739969999995,4.840645444,4.7619335519999995,8.601637042,8.554320527,8.636428082,8.797973406,9.013228777,9.033505309,7.315952687999999,6.931414317000001,7.213257329,7.401436691000001,6.961558734,7.520421121,8.029896101,7.861317143,8.517273592999999,8.940821019,7.056950334,6.81287756,7.027258151,8.658183311,8.092424055,8.586680596,8.857454597,8.823034744
Ga0242637_111426,7.614716262000001,7.615684483,7.5659753510000005,7.270448719,7.172377202000001,7.191843541,7.069159153999999,7.092033588,7.088890139,5.97404317,6.423413864,6.8546892779999995,7.420912385,7.728667064,7.697078416,6.815744047000001,6.769133834,6.492541322,4.701851585,4.067851648,4.924884106,4.257192719,3.7987871739999997,3.967222743,7.903580203,7.75413127,7.76637347,8.487345661,8.562394601,8.26439172,6.827907062,6.67097133,6.980328724,6.9420648289999995,6.693399491,7.377849294,7.741914006,7.982207333,7.755608973999999,8.424593957999999,6.523292994,6.745059889,6.543593774,8.193568142,8.559427824,8.291413237999999,8.250855507999999,8.474340772
Ga0242637_111427,8.402648805,8.496501496,8.076551379,8.136442116,8.057167397,8.055884487,8.025343966,7.694532098,7.933590367000001,6.88661062,6.931459089,6.988161845,7.994029372000001,8.331753913,8.264884705,6.9592605270000005,7.173939535,7.041884187999999,5.981201552999999,5.497973493,5.73248443,5.094429967,4.994320674,5.380361131,8.82044784,8.571358734,8.835441766,9.240371439,9.168961394,8.986904036,7.216493466,7.343082005,7.607975449,7.539817622,7.143299377000001,7.548236997,7.766227193,8.1521721,8.243540947,8.219732166,6.638211925,6.9990463389999995,6.8144842489999995,8.713840583,8.752290044,8.639665047000001,8.395397101,8.33434421
Ga0242637_111428,9.155179061,9.049198975,8.911750392,8.621617704,8.77502114,8.820531632,8.605443333,8.57220715,8.642500943,9.002766115,8.539422108,8.564985627,8.58502698,8.903209175,8.771803144,8.394082873,8.626101442000001,8.55930147,8.195897561,8.533742172,8.401745373999999,7.387325894,7.386418431,7.689040317999999,9.161447738,9.276279033,8.924173785,8.894675494,8.9964788,8.902938987999999,8.318922216,8.145888395,8.381575354,8.652237309,8.349739076,8.359027989,8.33629196,8.007749132,7.905394316000001,7.271774542999999,8.282823987999999,8.339701844,8.401271182,8.519302205,8.721884289,8.642400512,7.418403562000001,6.659001264
Ga0242637_111429,9.970838642999999,10.06819127,10.1208341,9.667895839,9.454800471,9.64274518,9.075708541000001,9.285487733,9.30555707,9.730636796,9.157671709,9.588807427,9.8573164,10.06940639,9.764951726,9.411073971,9.332913153,9.254665772000001,9.188375598,9.491453676,9.412865627999999,8.657782187,8.438858518,8.540992748999999,9.993817066,9.814848915,9.84617649,9.656786551,9.853739711000001,9.631733500000001,9.333117316000001,9.204472065,9.540358929,9.530945431000001,9.294875108,9.416324778,9.12835015,8.882334924,8.668618106,8.120061897000001,8.411048832,8.662523607999999,8.412957971,9.617174503,9.80905329,9.889293836,7.939875227000001,7.489839742999999
Ga0242637_11143,6.041703224,5.694057138,6.143140283999999,6.187506394,6.259857714,6.00021559,6.2651973110000005,6.203323652000001,5.989240719,6.968699735,7.059384797000001,6.802914262000001,5.7254107229999995,5.4013783470000005,5.728261317,6.403574545,6.320261717999999,6.27495696,7.8640374589999995,8.594698514,8.526775804,9.7011421,9.618136578,9.450937524,5.828255202,5.819144914,5.61826134,5.112534724,5.350798311,5.444430189,7.702676617000001,8.287904653,7.342687072,7.472286896,7.677771572,7.788734392,6.497069943,6.029579036,5.981316873,6.357253717000001,5.976825521,6.253161323,6.543593774,6.402452117999999,6.392255812,6.363634277,6.773487642999999,6.5530097970000005
Ga0242637_111430,9.992293444,9.893128554,10.07247141,9.925041151,9.761146904,9.840899865,9.645444321,9.880365037,9.862789348,10.33417519,10.08444596,10.31915456,10.04412908,9.974159597,9.785410434,10.13034184,10.37506703,10.15805533,10.2132369,10.45619044,10.50681173,10.56059162,10.64092541,10.25889416,10.69257098,10.62860762,10.40127108,10.38694666,10.476527800000001,10.46293882,9.786749985,9.34920655,9.961228567000001,10.32347903,10.23640629,10.20885486,10.03710197,9.861496397,9.65205973,9.586045333,9.298876296,9.452253196000001,9.062590952,9.91500974,10.27888643,10.242892800000002,9.795721862,9.517989496
Ga0242637_111431,10.01836336,10.13966154,10.15779815,9.517089872,9.513807046,9.667444638,9.378944255,9.485007479,9.484437392,9.784005287000001,9.497217361,9.967769489,10.228527699999999,10.27164163,10.18287149,9.794902642,9.718697314,9.579341161,9.499010295,9.653020917000001,9.67492153,10.85772186,11.45793371,10.48148927,10.54841939,10.606739,10.45623797,10.27411276,10.54435911,10.47986401,9.911803349,9.79510344,9.669288652,9.933643497,10.13729916,10.21826119,9.57616176,9.30427368,9.503922755,10.24825793,8.126430816000001,8.417940824,7.926098597999999,10.19565864,10.20387076,10.150801600000001,10.07007786,9.881663307
Ga0242637_111432,12.18216618,12.22421016,12.24090675,11.99341676,11.9818315,11.93464469,11.84943368,11.92676375,11.92773569,11.73302006,12.14694363,12.10292491,11.78387375,11.90266725,11.86595152,10.97170797,10.99142647,11.02409316,10.77737213,10.88719052,10.90955693,10.11083409,10.30791657,10.22271752,11.85162788,11.94136988,11.84245749,12.36888335,12.3697587,12.36764096,11.76697832,11.86573974,11.88116746,11.538638,11.70242874,11.67882372,11.05973705,10.91814309,11.0065921,9.730622638,11.08956968,11.2069595,11.00317058,12.00409884,12.12397439,11.97780698,10.04224177,9.760843358999999
Ga0242637_111433,9.650389926,10.00109746,9.625933327,9.635719358,9.610093316,9.704346901000001,10.22797628,10.211789,10.18858615,10.14647204,11.62979907,11.02980193,9.454741357,9.740594547,9.685825278,9.369950327,9.56411762,9.562931521,9.373591132,9.409003363,9.468139424,9.007609488,9.464269219,9.376631116,9.396416144,9.379840105,9.533612194,9.957321276,10.03074009,10.18761821,11.21033753,11.37370319,10.61210786,10.19413829,10.92534161,10.93184779,10.11960216,10.39899629,10.46651748,11.0324729,9.641975807,9.350485942999999,9.728202962000001,9.788651237,9.404355861,9.598108887,10.7648862,11.12761484
Ga0242637_111434,9.370956536,9.536899991,9.424227388,9.330217827,9.348954438,9.381888962,9.456642207,9.341664421,9.288716866,9.481005839,9.788576456,9.643139146000001,9.358018602000001,9.667999818,9.565217097,8.85939194,9.074081072,9.110195934,8.524500142,8.480900461000001,8.670391018,7.594603642,7.4793641289999995,7.806930249,9.200971946000001,9.166574414,9.20438039,9.352773182,9.445304688,9.323334959,9.448835123,9.654682225,9.173819884,9.177054372,9.340635691000001,9.254136288,8.990712412,9.063727167,9.158745929,8.907047448,9.376981945,9.032997162000001,9.362905227,9.275280995,9.060004465,9.063632482000001,9.012546367999999,9.006701054
Ga0242637_111435,8.810487288,8.788666383999999,8.944138462,8.683463964,8.514279971,8.653583169,8.574794124,8.621094165,8.481388389,8.306256204,8.68924918,8.636924847000001,8.666600339,8.595691762000001,8.730193209,8.183809212,8.210660134,8.14782074,7.61531041,7.718722349,7.707819635,7.305428628,6.9209990370000005,6.7668268760000005,8.895908786,8.977149022999999,8.655992872999999,8.844288695,9.029786498,8.702820037999999,8.502205258,8.51791487,8.345704728,8.280190497000001,8.206634679,8.120532585,7.790137228,7.5840941310000005,7.82709094,7.9397060989999995,7.7914654720000005,7.752446676,7.8763094570000005,8.332127527,8.422435685,8.308737555,7.797245161,8.052909213
Ga0242637_111436,9.166325815,9.160097674,9.238980453,8.888534076000001,8.853264892999999,8.775795861,8.758739503,8.859325333,8.668771719,8.93040438,8.80321662,8.800839168,9.110603572,9.179318093,9.06569106,8.336128072000001,8.051766425,8.19505675,7.347604102999999,7.129173886,7.168106025,6.733737546,6.4553886270000005,6.6103830089999995,8.918547141,8.893817891,9.093962224,8.883629539,9.176416585,8.89735032,8.340879196,8.678053557,8.349332201000001,8.353946543,8.497592015,8.213202122,8.12695937,8.129083718,7.8951962810000005,7.964549794,7.771482248,8.169211526,7.833463707000001,8.811830521000001,8.53164877,8.617592542999999,7.878218619,8.113761236
Ga0242637_111437,9.989785848,10.14698281,10.05880321,9.610470466,9.565854859,9.621612532,9.451028137,9.38319385,9.520946138,9.328190322000001,9.349967982,9.635765667000001,10.0293576,10.03315282,10.22998438,8.904397466,8.940505981,8.919481232,7.728393821,6.523051353,6.888874919,6.5466481420000004,6.032308005,6.67952201,10.02660451,10.06087375,9.964655146,10.16316339,10.17075692,10.06959403,9.183198395,9.179631715,9.218136374,9.002601007,9.109626687,8.985842436,8.602433012999999,8.283440498,8.635310871,8.863687222000001,8.423906159,8.61111458,8.910138917000001,9.624107583999999,9.392822246,9.561002711,8.927604964,8.818472396
Ga0242637_111438,7.955319356,8.018356904,7.81149725,7.860412037000001,7.998685849,7.773994779,7.822854266,7.714697626,7.883989504,8.610901209,7.958711207,8.013783384,7.820059771,7.840042365,7.692523344,8.005242568,8.277849527,8.430364484,8.450366718,8.538921416,8.730403337,7.936736853999999,7.900163323999999,8.276985052,8.365731669,8.465973215,8.443519353,8.061819152,7.795734456,7.866979213,7.730669881,7.751414317999999,7.8163106120000005,8.033172003999999,7.665312706,7.520421121,7.790137228,7.460036408,7.940530014,7.3865558039999994,8.00333294,8.096301694,8.159078377,7.932672032,7.251739681,7.716627197999999,7.638943245,7.489839742999999
Ga0242637_111439,9.254619036,9.211633083999999,9.414353317,9.164885845,9.067548798999999,9.065176241,8.868105447000001,8.921361484,9.032172896,9.468724788,9.567716076,9.208750197,8.765910848999999,9.010258757,8.885898829,8.509281406,8.8930834,8.649669487,8.993336937999999,9.132369393,9.286330385,8.67744226,8.285555351000001,8.583657855,9.403566357999999,9.491457778,8.97957197,9.109012674,9.148258705,8.954978584,9.323960627,9.293464035,9.21615125,9.234213145,8.672716852,9.064973679,8.588867677,8.549990094,8.585448372,7.694454717999999,8.903976472,9.00067551,8.464407465,8.749787097999999,8.709540235,8.737574054,7.909376407999999,7.964810581
Ga0242637_11144,4.349151887,4.2559482730000004,3.5957216260000004,4.101398217,3.8193379060000003,4.376496604,4.4102561080000005,4.271795039,4.780754992,4.7147717380000005,4.858901346000001,3.9268758439999996,4.280950425,4.221805808,3.547885515,4.281559972,4.582983929,5.152783744,6.089640734,6.221345911,6.245292997000001,7.7757935279999995,7.466447467999999,7.485474644,3.930480587,3.741635782,3.915202194,4.005455174,3.977831842,4.106914192,5.858317548,5.808096677999999,5.492797981,4.711795822,4.957334987,5.106465173,4.090071432,4.608026708,4.363716926,4.791768251000001,3.084464068,4.823235936000001,4.319533971,4.1281220880000005,4.3663536910000005,4.520141599,3.617730023,4.721248791
Ga0242637_111441,11.09522119,10.97949938,11.21310132,11.01494597,11.05438246,11.23003984,11.58367364,11.65475299,11.7387956,11.70898289,12.06553935,11.74175445,11.12587708,11.16591075,11.02368235,11.60905769,11.60432594,11.83712779,12.37740075,12.66621011,12.63028797,12.86129745,12.88066068,12.76156135,11.54877954,11.44741297,11.77173905,11.46475564,11.61323439,11.67525247,12.08550226,12.01361676,12.09502036,12.11133527,12.15518979,12.28568348,11.2419378,10.84564838,10.85044161,11.70915791,12.19951272,11.95934058,12.67989341,12.08747638,12.40513068,12.10768609,11.87437285,11.75892429
Ga0242637_111442,9.036273251,9.251235934,9.089803197,9.038059772,8.893322008,9.069084412999999,9.525034602,9.505403731,9.589585791000001,9.159432879,8.693196789,8.787591769,8.621852436000001,9.214187302000001,8.934920112,9.294191297000001,9.446769997999999,9.669889114,10.02176784,9.890320524,9.980743555,10.99722476,11.16511983,10.66438272,10.09665779,10.15805482,10.06441028,9.384462386000001,9.517524165,9.77879485,9.879667949,9.925779377000001,9.828490002999999,9.493126659,9.603119568,9.890077012999999,8.519058766,8.514796974,8.885016356,9.339330925,9.148204985,8.926146403999999,10.17851088,10.08945616,9.700972693999999,9.982910556,9.541112236,9.01070607
Ga0242637_111443,8.885250897999999,9.062810979,8.909408893,9.018996057,8.830234135,9.071034536,9.104603087000001,9.239264158,9.354929366,9.219303491,8.681321405,8.719466038,8.729817381,8.793120292000001,8.716799895,9.210653105,9.274485047999999,9.417846724,9.21846439,9.135791596,9.109884594,10.14418338,10.10834309,9.914339399,9.930875621,10.0044954,9.782335033999999,9.082691658,9.16709156,9.00520606,9.453880761,9.424180214,9.312205783,9.308677621000001,9.334748597,9.359910051,9.011197379,8.46956262,8.712832133,9.171681673,8.77945832,8.591956612,9.606265424,9.501459034,9.928360117,9.627397772,9.432717766,9.002684889
Ga0242637_111444,9.453349392,9.543849861,9.673622349,9.614286086,9.680459946000001,9.633537714,9.831943277999999,9.798906009,9.783868209,9.633389766,9.530692988,9.600217589,9.624632607999999,9.593677781,9.481900836,10.16958322,9.924004776,10.06366186,10.05549648,9.616744768,9.67492153,10.50666435,10.5897485,10.25889416,10.68525545,10.72501486,10.61875773,9.651912349,9.751385057,9.628363953,10.030258,10.08989876,9.796962154,9.947174827000001,10.12370689,10.03551208,9.719987936,9.451117542999999,9.727269461,10.15242261,9.50953661,9.197292545,10.56505818,10.40657544,10.21918919,10.32350362,10.38742245,10.00121608
Ga0242637_111445,6.724395355,7.19585775,6.915606733,7.099410399,6.864899694,7.0877564689999994,7.336181452999999,7.13757257,7.136753537000001,6.682777196,6.460998303999999,6.574908386000001,6.936936395,6.922424455,7.08265683,6.815744047000001,7.092263417000001,7.378484378,6.780970931000001,6.1952876660000005,5.996681476,6.830653764,6.695904429,6.964407874,8.365731669,8.435279286,8.220768613999999,7.203418015,7.027534971000001,7.099961851000001,7.200564012999999,6.9529122910000005,7.079811716,7.449054922,7.375221716,7.142618071,6.554101254,6.029579036,6.587416987999999,7.548709099,7.089610639,6.071026256000001,7.7157140779999995,7.657832958999999,7.145730761,7.492349531,7.305798444,7.126124115
Ga0242637_111446,8.914633018,8.719142811000001,9.166319251000001,9.152693374,9.201207446,9.137679305,9.226269164,9.341664421,9.234787278999999,8.86229056,9.940766206000001,9.76811173,9.326761287,8.842098084,9.303761666,9.047694982000001,9.088187149,9.001476817999999,9.047979072999999,9.146009762,9.229879496,8.526630441,7.993142961,8.111886969,9.800171921,9.68781035,9.57187886,9.676120329,9.520456249,9.630049711,9.314745447,9.257228709,9.372269357,9.45428971,9.665425199,9.659872168,8.969932356000001,8.916444551,9.075406318999999,8.614447659,8.833456235,9.250185299,9.359889676,9.804607029,10.4992576,10.18497333,9.001746608,8.542322357
Ga0242637_111447,9.57209209,9.583511925,9.552807997,9.488270812,9.487879392,9.554898382000001,9.76903595,9.726289507,9.599861772999999,9.005197747,9.599612661,9.766424651,9.441069274,9.445427505,9.704039197,9.152146349,9.226401807,9.46356748,9.596173724,9.336501656,9.446283378,9.351468398,9.564615396,9.407493195,9.972338994,9.931600364,10.02232032,10.18244546,10.29067102,10.3681466,9.583841409,9.947344752000001,9.506648143,9.346874266,9.640188575,9.482675257,8.430568203,8.789680158,8.933153327000001,8.949142293,8.247096423,8.532907026,8.371633101,10.05703366,9.597593589,9.900762531,8.904598477,8.795441674
Ga0242637_111448,8.679682459,8.943847711,8.439950605,8.447186424,8.390287193999999,8.584270417,8.765540559,8.726625903,8.747913556,7.7442849570000005,8.322101482999999,8.342984852,8.110906703,8.418041809,8.563127534,7.608133735,7.817804317999999,8.16769075,7.728393821,7.481048008999999,7.661133102000001,7.4946867720000006,7.453414029,7.8966953570000005,8.74926461,8.669566294,8.589717723,9.45144721,9.354566421,9.143819358,8.644349782,8.923585355,8.729327956,7.772830947999999,8.206634679,8.129765367000001,7.412828432,7.174415403999999,7.656443894,7.835816606,6.900059642,7.424416872999999,7.315859932,9.097391347,8.613430763,8.802603934,7.481972697000001,7.897180117
Ga0242637_111449,8.904017725,9.053101243,8.856910283,8.631693033,8.634374275,8.801864331,8.889017723,8.796866997,8.927271187999999,7.975187743999999,8.154687023,8.948013856000001,8.707148618,8.935330598,8.967327787,7.8296798889999994,7.637666857,7.6735843379999995,7.685943205,6.890575875,7.085629977000001,7.914815751,7.759016224,7.8966953570000005,8.96761776,9.079937831,9.032921167000001,9.411630675,9.647929166,9.689461209,8.875015467999999,9.197739732999999,8.884879627,7.973376909,8.236413992000001,8.356408697,7.502405071,7.441409181,7.247219808,7.826811618,6.936430594,7.137690077,7.446732691,9.193744252,9.246708228,9.133348697999999,7.8138076839999995,7.722575325
Ga0242637_11145,6.32298345,6.000201688,6.294655017999999,5.8320685789999995,6.319985057999999,6.125910317000001,6.144907657,6.084121432000001,6.147438318,5.993824463999999,6.262407139,6.125419706000001,6.749813689,5.959031692000001,6.247318942000001,7.074084212000001,6.500095625,6.777809355,7.728393821,8.189654013,8.484505106,9.635652729,9.58566577,9.427707115,6.027107316,5.998336052000001,6.338170869,6.015672426,5.701897872000001,6.061131447999999,7.668351166,7.977903416,6.942379346,6.820548133,6.877600445,7.298173299999999,7.249930782000001,7.081211592000001,6.649465658,7.398762882000001,6.372055156,6.673889269,6.626329062999999,6.834604227000001,6.672509707000001,6.453734663,6.806988873,6.986597971
Ga0242637_111450,7.4924651529999995,8.006329367000001,7.702097092000001,7.725776225,7.87908489,7.884594483,7.865690723999999,7.694532098,7.711463211,7.155529801,6.996841408,7.318155342000001,7.887151058,8.067622754,7.981002511,7.397543791,7.424370313,7.336957699,6.904664781,7.044262172000001,7.271208693999999,6.733737546,6.760864569,6.982753397000001,7.777131827000001,7.807843404,8.029008565,7.769460847,7.7313784629999995,7.790639511,7.584930152999999,7.467747577999999,7.552397882999999,7.370856203,7.204871515,7.477664401,7.412828432,7.174415403999999,7.332852503,7.623422682,7.354366525,7.4671131729999995,7.458061492000001,8.081156474,7.809720408,7.821745987000001,7.582063063,7.394938799999999
Ga0242637_111451,7.614716262000001,7.717570252000001,7.7394936560000005,7.753727832,7.704303491,7.862241965,7.571770718,7.5278810510000005,7.933590367000001,7.172946595,7.24302656,7.162583862000001,7.640251165,7.909783696,7.780998141,7.820314722000001,7.84020805,7.749390145,8.089197314,8.409178544,8.32596652,8.091313816,7.440261681,8.017223141,7.457925781,7.6076351760000005,7.796072971,7.611018937000001,7.587768491,7.820481096,7.679884015,7.375273631000001,7.673117078,7.383166356,7.011651608999999,7.487276082,7.284016434,7.032246855,7.569325119,8.005027932,7.677963712,7.975831932999999,7.743752959,7.873379129,7.412743016,7.990139891,7.772039137,7.8709780060000005
Ga0242637_111452,9.996046685,10.25001666,9.817924376,10.07008263,9.782633557,10.06682697,10.12949152,10.10223212,10.16455752,9.590312524,9.919020554,9.735714926,9.334177112,9.99756684,9.992238155,9.125784082000001,9.602296598999999,9.950093149,9.941062084,9.693060474,9.595232342000001,9.423088488,9.302945936,9.249912954,9.993817066,10.00971273,9.918154595,10.63598442,10.53278912,10.59222219,10.55728468,10.738708099999998,10.37559166,9.415876301,9.480507797000001,9.791729034,9.109473525,8.99516017,9.522258513999999,9.674016234,9.619798943,9.425448768999999,9.439175477000001,10.38877377,10.08228808,10.28113084,9.755572438,9.466431699
Ga0242637_111453,9.526107286,9.687588077000001,9.430772754,9.571748713,9.482965649,9.571524038,9.732478957,9.614045052,9.567066836,9.570746286,9.537295898,9.467373753,9.180152955,9.646715229,9.728713684,9.763491242999999,9.863781931,10.08366869,10.24865988,10.22672908,10.28773566,9.391695454,9.373810305,9.880519467000001,9.620066901,9.771277846,9.792682512,10.07609066,9.892731228999999,9.989127055,9.309187951,9.330863995,9.472130732,8.990587234,8.839990237,8.984146819,8.927452084,9.026731547,9.46825747,8.544774964,9.687999279,9.693772803,10.04595014,9.994204748,9.185634081,9.700090096,8.600200719,7.905809417
Ga0242637_111454,8.174337937,8.253604479,7.9905463889999995,7.885893931,7.8740882260000005,7.884594483,8.199527527,8.016267845,8.15883583,10.1005913,8.697133624,8.625801841,8.349173452999999,8.410844658,8.289220208,8.913232498,9.198498192,9.621728958,10.83482928,10.32743178,10.49621429,9.570557291,8.452019878,9.53408788,9.058755751,9.834975491,8.706904327,8.006879893999999,8.259564408,8.113478632,11.42423492,11.85365626,10.29700992,8.296548341,9.294875108,8.878579761000001,9.353608667,9.075851164,9.789147702000001,7.80863117,6.824440749,6.81287756,7.14411537,7.985321207,7.888499769,7.742359356000001,7.492300275,7.817100771000001
Ga0242637_111455,9.444220094,9.574037686,9.53165071,9.093784412,9.246368657,9.101883217000001,9.327785457000001,9.127156969,9.340702825,10.88196696,9.548234031,9.532349152,9.699752998,9.832331856,9.792875312,9.959612474,9.850050679,10.09201031,10.56547174,9.636205497999999,9.832765817,9.048444726,7.705059965,8.876194602,10.17813338,10.56411076,9.814608878,8.883629539,9.205857947,8.949588302,12.30567448,12.88970829,11.40800237,8.928970142,10.3261765,9.609070287,10.25028741,9.729584357,10.53378689,8.744443757,7.589417159,7.508581239,7.850755065,9.212265958,9.069694973999999,8.843591452,8.642532403999999,8.623027564
Ga0242637_111456,8.976734878,8.899020581,9.060557606,8.554354666,8.706411196,8.485372577,8.410945104,8.486856312,8.595343385,10.60895393,9.270294482999999,9.366299906,9.701187541,9.314006342999999,9.325983896,9.4079519,9.379539634,9.184238602,9.748290166,8.1222385,8.413058227999999,7.047755337000001,5.674972682000001,7.105019867999999,9.62771978,9.916124221,9.290348997999999,8.254218744,8.539450254,8.404943863,11.22566016,11.5040205,10.39326894,8.888539226,9.893459202999999,9.066576955,9.569270784,8.94976624,9.488745471,8.052148145,7.089610639,7.150848067999999,7.41220212,8.53704408,8.646183934,8.352830476,7.846372742000001,8.121190337
Ga0242637_111457,7.653266805,7.494611288,7.428792649,7.550951808,7.348471206,7.3480363429999995,7.342262256000001,7.326369027999999,7.271486023,7.8400362889999995,7.716414992000001,7.703996602,7.235260287999999,7.400709795,7.548716262,6.613550644,7.005677887999999,6.953026725,6.889771672,7.209359308,7.320119922000001,6.228496762000001,6.4553886270000005,6.512706494,7.680343046,7.807843404,7.459930078999999,7.745251183,7.852693976,7.58346882,7.801006752,8.019225582999999,7.494591674,7.593773247000001,7.548055815,7.708838007000001,6.761999476000001,5.489425957000001,6.440691297000001,6.081954045,7.023532482,7.150848067999999,6.883362422,7.247847273,7.529734682000001,7.352297105,6.17221836,5.995746939
Ga0242637_111458,10.190929400000002,10.15608245,10.14192979,10.14585004,10.14703186,10.16777386,10.37084623,10.43553565,10.33212369,10.13096895,10.22195055,10.24719078,9.977025066,9.979844491,9.998708235,10.34796205,10.15150441,10.25503185,10.27323512,10.09052231,10.17763713,9.419201516000001,9.428097544,9.644719159,9.987882938,9.940369901,10.18040511,9.913193162,10.1434393,9.996986879,10.32000941,10.18713783,10.35228253,9.717434436,9.617738476,9.956434797,9.762899013,9.864993846,9.86816263,9.567248132000001,10.23567242,10.28303175,10.28090423,10.63516259,10.69977543,10.57327444,9.886579487,9.672597785
Ga0242637_111459,8.719578905,8.643512065,8.645265903,8.590962467999999,8.485086067000001,8.47951114,8.527563545,8.547127953,8.510732181,8.266264284,8.003914283,8.541501822999999,8.451601992999999,8.645596979,8.440835266,8.610534246,8.422192089,8.469309675,7.9597857670000005,7.142851812000001,7.0130996,6.117484336,6.374626861,6.67952201,8.798917046,8.610348942,8.849671017,8.818419557999999,8.812547868,8.919576248,8.348124536,8.122378555,8.500531452999999,8.017467485,8.113419726,8.283827655,7.968359313,7.600976356,8.113236602,8.47156542,8.134275503,8.471336566,8.395392085,8.919453768,8.834166925,8.94234783,8.470430952000001,8.076030641000001
Ga0242637_11146,5.6914885889999995,5.694057138,5.696895785,6.330705967,6.097513609,5.689743465,5.88587872,5.811139377000001,5.834881296,5.78253743,5.454693014,5.289520007,5.7478857020000005,5.835056992,5.616801532,5.78534409,5.979566758,6.1036337529999996,5.801422745,5.76988924,6.343331071000001,6.155449891,6.032308005,5.323559412,6.063771249,5.546626726,6.072413452,5.5940514310000005,5.350798311,5.210266287,5.99422335,5.943460536,5.734932025,6.41530189,6.054598248,6.160800168,6.497069943,5.69298164,5.773630285,5.9879025189999995,6.703001936000001,6.301223246,6.313187963,6.053023475,6.043816337000001,6.295634727,5.979672646,5.929396152000001
Ga0242637_111460,11.05919879,10.90264857,11.20214358,11.09358553,11.07084963,11.03953387,10.88498635,11.03301885,11.09398406,11.15096021,11.51852073,11.36354277,10.80943997,10.89515858,10.75113348,10.65231762,10.63974909,10.54206795,10.85986135,11.34816471,11.33674809,11.00502542,10.87022415,10.74311372,11.23128967,11.09361793,11.02264174,11.239076800000001,11.24880975,11.23084605,10.61847975,10.57864431,10.89373122,10.86480368,10.78990687,10.80505269,10.34612362,10.07887761,9.963955534,9.957914781,11.04968981,11.15732419,11.25522155,10.98993805,11.33844562,11.37582006,10.14396833,10.02120557
Ga0242637_111461,10.63549899,10.75834159,10.78912739,10.61820658,10.55939267,10.546285800000001,10.60435159,10.5730181,10.58839866,10.19839525,10.64414443,10.68602616,10.22753253,10.38247921,10.2847125,10.02424303,10.01295682,10.14107186,10.48111591,10.9526845,10.89752687,10.93325285,11.23625725,11.00542013,10.68525545,10.57541437,10.79011367,10.59847667,10.77054339,10.80714226,10.39362736,10.395641,10.45601293,10.28383012,10.25937794,10.199386800000001,9.520089691,9.469614129,9.776704883999999,9.38604857,9.745459395,9.900597646,10.11196132,10.73908585,10.17946541,10.57112273,9.599581146,9.103634647
Ga0242637_111462,11.11318865,11.17525132,11.23196225,10.76215426,10.87346706,10.90498211,11.00094606,11.01229891,10.95280418,10.28499326,10.84378233,11.01921541,11.15443363,11.04018435,11.07488063,10.36898573,10.2118,10.24851694,9.891499551,9.68840721,9.739247382,10.06679151,10.21640633,10.10003107,11.32181899,11.10194698,11.34086076,11.39305667,11.55758588,11.53383878,10.749410899999999,10.79777461,10.73226422,10.56134455,10.78703542,10.54704106,9.732379038,9.98877709,10.06064086,9.569948488,10.04079871,10.30819334,10.24539711,11.31229865,11.28849126,11.13827946,9.764118303,9.600024486
Ga0242637_111463,10.49314819,10.61193474,10.54779336,10.407884800000001,10.19589562,10.32393231,10.34156241,10.46410027,10.37862107,9.45633829,9.559089854,9.909343525,10.27550627,10.65843846,10.58294361,9.4079519,9.34666891,9.341189044,8.1403937,7.260440233,7.379013552999999,7.580746799999999,7.566678656000001,7.433090161,10.77137578,10.67005737,10.75878991,11.02707189,11.05364337,11.12364604,9.991458241,10.06545403,10.06964368,9.79200887,9.866509677,9.707918851,8.938190002999999,8.84030935,9.179900068,9.091258056000001,9.24193502,9.422740729,9.73752688,10.6850793,10.33621126,10.41512323,9.159065686,9.136995415
Ga0242637_111464,11.20252484,11.23615832,11.27032926,11.08490375,11.10908908,11.10523637,11.26206226,11.25875386,11.26408444,9.812051653,10.26369292,10.71255262,11.01720254,11.15518424,11.0647853,10.17877116,10.00058028,9.795233387,8.771807772,7.142851812000001,7.542502545,7.594603642,7.047854924,6.907926396000001,11.31140275,11.22233426,11.34035703,11.38475683,11.42734714,11.47032916,10.81427519,10.63538036,11.03104922,10.3306445,10.49931728,10.48664851,9.713752245,9.650728515,9.708467515,9.617710019,10.46755141,10.63736359,10.97092338,11.46606178,11.4585575,11.48117974,9.753428038,9.675123362
Ga0242637_111465,12.43188381,12.61054759,12.51099657,12.69415283,12.84821041,13.0365381,13.04994873,13.11826249,12.98432697,12.47600972,13.06439568,13.16335967,12.45040682,12.53976329,12.5200595,11.64662626,11.69121869,11.87054392,11.60728033,11.26466499,11.40206912,10.29178351,9.775600079,10.41723045,13.03716809,12.91058423,13.48995845,13.07011434,12.94062261,13.23777004,12.45992421,12.4428454,12.72165664,12.25635063,13.10033522,13.12682664,11.33425261,11.30941571,11.57866281,11.49782566,11.53023362,11.61662297,11.78675001,14.10406388,14.31286438,14.09495428,11.912349800000001,11.59721601
Ga0242637_111466,10.89402522,11.19525227,11.10266564,11.18962932,11.30230935,11.53913985,11.62881626,11.71416418,11.66364027,11.13716942,11.08520015,11.60354944,10.97631706,11.21700396,11.103463699999999,10.49054999,10.395062699999999,10.32127549,9.818727897999999,8.518091916,8.9167791,7.253959365,6.580665552999999,7.307763969,11.71318011,11.72846221,12.12781864,11.69779706,11.51191003,11.97361275,11.13118383,10.95041484,11.44999284,10.80660841,11.83240665,11.95726264,9.991437252,9.826047500000001,10.26251851,10.50120665,10.53279813,10.38949282,11.27856355,12.91546734,13.11119378,12.93341194,11.00371703,10.66023624
Ga0242637_111467,11.36081223,11.336424300000001,11.32361604,11.06645374,11.05438246,11.192017800000002,11.19058948,11.26389363,11.25706768,11.42467477,11.26568393,11.5821311,10.57057055,10.77465726,10.67238177,10.27272685,10.46519613,10.49251844,10.62284217,10.78845886,10.76475681,9.574057589,9.394408159,9.805262841000001,11.73389185,11.61459592,11.72503721,11.60038479,11.54648158,11.5768633,11.44084807,11.37071357,11.529677099999999,11.35288036,11.32285542,11.56405391,9.476557424,9.737237961,9.673099015,9.196358515,10.02611888,10.52064586,10.51035521,12.08194782,12.40560899,12.12685685,9.630289434,9.176749021000001
Ga0242637_111469,11.29378295,11.25660755,11.41062129,11.01638851,10.98309133,10.92829702,10.90154576,10.91164703,10.931942900000001,11.08926946,11.78488793,11.62325701,10.85397112,10.97255113,10.89532139,10.70414371,10.78537848,10.8561167,11.00588485,11.17103934,11.22486117,10.34602104,10.0874117,10.326841900000002,11.45166355,11.39574454,11.26060397,11.24664015,11.3182705,11.19542119,11.36877036,11.45968913,11.19422806,11.10149613,11.01642113,11.10604733,10.39370708,10.36481934,10.13184312,10.26001085,10.72164544,10.75613773,10.82876145,11.02964093,11.281211599999999,11.13342675,10.29461544,10.46681573
Ga0242637_11147,9.283571378,9.302949601,9.416003695,10.54279953,10.58331167,10.56785182,10.41188173,10.44838452,10.57196381,9.593547917999999,10.30297039,9.076115935,10.06098726,9.443077691000001,9.575146666,9.834973442999999,9.406058332999999,9.027804697,7.472755524,6.922652875,6.952325925,7.027459622,6.289057454,7.233122031000001,10.39991541,10.26664013,10.81860337,9.455182569,8.958064748,9.366446129,9.773358079,9.402875072,10.23660028,10.9385692,9.71158594,9.680958925,10.44354419,9.953073048,10.18302953,6.730321245,12.31443418,12.13091177,12.56282695,10.77690496,10.79046747,10.79659195,6.409009136,6.48545294
Ga0242637_111470,12.62805525,12.71599068,12.83363105,12.50227679,12.70258562,12.65979744,11.74003282,11.849381,11.87229921,11.7753028,11.85879592,11.77317712,12.45019356,12.25585002,11.97051065,11.46026918,11.23697968,11.12407819,10.96209763,10.87904595,10.93430194,10.16985607,9.948064486,10.27013242,12.514699499999999,12.2698289,12.45030115,11.860501,12.11333865,11.92672012,11.73969456,11.86255101,11.79335795,12.51164444,11.78318146,11.80543728,12.55708971,12.73053099,12.38207964,11.67945876,12.08529887,11.84161409,11.45141863,12.09772341,11.91342849,12.36882344,11.51676842,11.83712262
Ga0242637_111471,9.636029124,9.756216954,9.779978833,9.333307778,9.502520991,9.613607292000001,8.7723097,8.686356269,8.86046168,8.607704361,8.3771256,8.553291515,9.522846604,9.420561464,9.250538536,8.108871842000001,7.889378987000001,7.775526012,7.856402018,7.76366439,7.5730877439999995,7.64873647,6.760864569,7.3787301020000005,9.827011291,9.468905557000001,9.570161311,9.043528313,9.276935252000001,9.107977195,8.749317172000001,8.819256301,8.854571918,9.457202651000001,8.78348042,8.740770933,8.990712412,9.152266782,9.221299882,7.972736822000001,8.632130314,8.502450287,7.5771343920000005,9.289305985,9.135764854,9.37781379,8.083385014,8.255525506
Ga0242637_111472,10.77819435,10.87811196,10.84655103,10.36776247,10.41638065,10.39181449,9.840556881,9.916715377000001,9.869883107,10.258740300000001,9.997733461000001,9.930590213,10.68373978,10.5680595,10.554994,9.051701478,9.300969985,9.298575985,9.227369998,9.146009762,9.067560825,10.16289961,10.18325124,10.112571899999999,11.03865235,11.04667443,10.99858037,10.45754682,10.56011784,10.35393601,10.28646349,10.48129132,10.25798434,10.93439439,10.27380808,10.26788263,10.21098204,10.14941019,10.12967043,9.826329624,9.805638437,9.735833628,9.291900932999999,10.54012846,10.56581998,10.49371664,9.655772375,9.88603024
Ga0242637_111473,9.355456995,9.443366025,9.401081871,8.819696112,8.837951982,8.946972399,8.14840462,8.289275636000001,8.373712536000001,8.968285741,8.80321662,8.743677723,9.292910082,9.328082554,9.305253845,7.692686315,8.103615872999999,7.875575335,7.856402018,6.604446799999999,7.127457992,6.682717975,6.259363603,6.32397988,10.05185329,9.943644782,9.744761836,9.046007419,9.297593052,8.981631952,8.550112992999999,8.68769592,8.592166973,9.504435946000001,8.703501434,8.72258095,8.969932356000001,8.854454349,8.962748302,8.351137948,8.172871403,7.953487182999999,7.7157140779999995,9.089397757,9.321614327999999,9.097915602999999,8.292808402,8.262260759
Ga0242637_111474,9.712540882999999,9.735726133,9.741008198,9.084645175,9.14424917,9.181661691,8.688904914,8.794500975,8.672022178999999,9.276788058,9.010413687,8.747103598999999,9.61553213,9.730995319,9.792875312,8.375022173,8.349875376,8.214290798,7.848725932000001,7.044262172000001,7.154683676,7.218596184,6.994849777000001,7.053884947999999,10.35820301,10.33557147,10.05461666,9.552546071,9.710888568,9.447074588,8.829152518999999,9.152036235,9.054459129,9.722285671,9.100403381,8.882226008,9.329341951,9.273022078,9.306479435,8.953284997999999,8.317687917,8.339701844,7.917918867000001,9.225091098,9.267908604,9.314051495,8.683657145,9.01070607
Ga0242637_111475,6.18921751,6.265896937000001,5.82214174,6.293045072000001,6.080222297000001,6.447999274,6.69432655,6.937527792999999,6.634995751,7.046362206,6.34516328,6.060653995,6.441495174,6.696219415,6.52895594,7.692686315,8.002956308,8.218107018,8.146667333,7.815808811,7.500686035,7.218596184,7.529903699,7.608668442999999,6.625799302999999,6.940297022999999,6.768359053999999,6.015672426,6.541554465,6.430301337,6.966267461,6.898553529,7.026401446,6.999183306,6.765264074,7.080459127,8.009674187,8.609584626,8.399571132,9.227477985,7.905876757000001,7.5488898110000004,7.696713934,7.317967086,6.863048794,7.18218988,9.012546367999999,9.229251286
Ga0242637_111476,8.863499812,8.671705864,8.66760644,8.705095072999999,8.663622136,8.592440126,8.369878564,8.099134265,8.353609385,8.912380119,9.02301453,8.858991524,9.543786445,9.653845042,9.467312547999999,9.561954867999999,9.594082343,9.594098752999999,9.230326359,9.036760811,8.826599104,8.482607898,8.41888853,8.30639729,8.659529212999999,9.067982966,8.883259256,8.759215563,8.542338336,8.753193426000001,8.215756838999999,8.103290804,8.061599222,9.177054372,9.473380605,9.182011689,10.06676136,10.16934897,9.944310423,10.91632452,9.47597985,9.074996141,9.266361157,8.395095193,8.459766407,8.489759543,10.65430477,10.94190048
Ga0242637_111477,9.399576826,9.472796917,9.530127535,9.692167664,9.683318697999999,9.657096361,9.495340613,9.462829533999999,9.51552838,10.2330384,10.04791974,9.864311268,9.430729502,9.477929233,9.386444500000001,9.376353847,9.266237037,9.435981645,9.354749696,9.626507947999999,9.393008365,8.657782187,8.752516378,8.687902355,9.793383326,9.88352845,9.813157443,9.583593128,9.462177194,9.352218407999999,9.400871478,9.422256332,9.354330904,9.563749502,9.130166011,9.118509586,8.969932356000001,8.642564862,8.984552776000001,8.772849306,9.861045948,9.799845304,9.859970986,9.313526334,9.203349265,9.419871471,8.619168331000001,8.601943819
Ga0242637_111478,11.86330155,11.88210381,11.8579209,11.61191165,11.5297838,11.48531971,11.77527803,11.8101005,11.81978468,12.46368617,14.09539339,13.27909983,11.65212004,11.794386099999999,11.62913724,11.49083727,11.46758668,11.43522532,10.92060481,10.54380719,10.54972149,9.542244894,9.45449382,9.621507324,11.88967964,11.82129225,11.68195093,11.42292839,11.51925742,11.42880422,12.98607099,13.14242528,12.34097254,12.10322251,12.61492111,12.44377515,11.82265712,12.116033,11.71025207,12.27608949,10.96536349,10.96784788,10.60125889,11.241479400000001,11.42686452,11.36343977,12.20688971,12.45758868
Ga0242637_111479,7.79792108,7.803491292,7.480200227,7.5562524820000005,7.754110171000001,7.797746339,7.524427492999999,7.377868717,7.508194229,9.01004875,8.25957984,7.931849872000001,7.468879679,7.673593547,7.558762732000001,6.942083727999999,7.217391492000001,7.050475792,7.004815763,7.129173886,7.141135131,5.771053014,5.719373603999999,6.4348352570000005,7.70370827,7.944910962000001,7.962467522000001,7.298013806,7.44069596,7.265364524,7.528635751,7.775732533999999,7.2212012329999995,7.889586542999999,8.32619347,7.438563733,6.554101254,6.126249389,6.661560741000001,6.170220277,8.575640487000001,8.256974303,8.638756368,7.365097168999999,7.397428217000001,7.311615195,5.856806806,6.149326563
Ga0242637_11148,7.3432417029999995,7.007484803,6.9062359639999995,7.250964144,7.131072648,7.4713295529999995,6.914461800000001,7.188944011,7.394693358,7.223968555,6.91801882,6.495554635,7.085035627000001,6.988416899,6.974199177000001,6.697865064,6.555368662,6.7983644110000006,6.351476382,6.344987747,6.270436562,6.298008836,6.580665552999999,6.512706494,7.464780629,7.322352171,7.45248817,7.247187174,7.060161296,6.913080226,7.143382062000001,6.87622231,7.526991935,7.796030322999999,7.238909425,7.2538071529999995,6.375740119,6.633061821,6.468505938,5.741003194,8.037199892,7.508581239,7.815962494,7.05599097,7.234604227,7.18218988,5.919555579,5.541826584
Ga0242637_111480,8.622553727,8.596153976,8.892911112,8.774942199,8.753418956,8.792439304,8.467654768,8.53300432,8.567687459,8.826988337000001,8.444250928999999,8.347505986,8.763166266,8.633281604,8.592757718,8.316280521,7.952436195,7.9691314779999995,7.817606351,8.051516616,8.005602315,7.464819342999999,7.358723352999999,7.472555892999999,8.7094287,8.695700086,8.700637797,8.844288695,8.713532605,8.746992115,8.415198673999999,8.451547628,8.532791736,8.762324794,8.697396852,8.515133198,7.71718383,7.774699189,7.837780327999999,7.057477574,8.723360231000001,8.839456235,8.753504693,8.619848438,8.613430763,8.557992152,7.183644889,7.065773967
Ga0242637_111481,8.406414567999999,8.290438057000001,8.564231266,8.761240718,8.607534363,8.497024476,7.9675252720000005,8.091444205,7.855677999,8.968285741,8.681321405,8.329335792,9.409824941,9.30497671,9.119269333,8.503442315,8.670531087,8.603735225,9.194443772,8.202767064,8.656180134,8.317000395,7.344673683,8.601563536,9.140202253,9.802877247,9.050274625,9.859239516,9.174556396,9.429757648999999,8.307817097000001,7.869100767000001,7.956109098,9.736742256,10.05733491,9.538040712,9.649866473,9.39416082,9.253585031,9.317000567000001,8.908557474,8.781447551,10.12267539,8.821514439,9.453296005,8.797704403,9.008955424,9.682673673
Ga0242637_111482,9.471436478,9.508760785,9.308156679,9.176976132,9.195211236,9.437365725,8.765540559,8.489784223,8.635857804,9.178949308,8.508390888,7.98505283,10.53078485,10.48197597,10.35411582,8.908821746000001,9.095188797999999,9.239726916,9.173092542000001,8.183052507000001,8.451968772,8.74732,8.364242692000001,8.831375216,9.265184845,10.02628248,9.281979044,9.909113768,9.19305122,9.103130242999999,8.432343351,8.258011395,8.057169624,9.463010947999999,9.929060442,9.068178452,10.20654794,9.829631845,9.989340332000001,9.706283592,8.997248982999999,8.644040708,9.484182453999999,8.754849964,8.990284586,9.00107106,9.306764587,9.848483037000001
Ga0242637_111483,8.200601627000001,8.03423916,7.972712339,7.838827674,7.652714661,7.889023709,6.839031607000001,7.084301845,6.822350273,7.57124289,6.91801882,6.445752672,9.356198565,9.225169765,9.265946563,7.8296798889999994,8.084976486,8.078138663999999,7.234312005,5.804834614,6.245292997000001,5.5023955010000005,5.259079827,5.768038651,7.595447661000001,8.185237426,8.05871406,8.537541357,7.746486816,7.624648828,6.45056443,6.252186814,6.268164852999999,7.676110499999999,8.322231561,7.15473446,8.768071128999999,8.40375237,8.406767158,8.522642102999999,6.765001227999999,6.709914332,7.01196139,7.429860202,7.397428217000001,7.4678767310000005,8.438750299,8.998657511000001
Ga0242637_111484,10.58156535,10.49201158,10.51505851,10.12192744,10.08785025,10.18318133,9.240983875,9.27194559,9.328395977000001,9.314530433,8.586875496000001,8.836654435,11.058081199999998,11.19413087,11.01047942,9.192623336,8.968737213999999,8.761104397,7.606232962999999,6.99985293,7.02790072,7.688042747999999,7.504855366,7.560646587000001,9.749163091,10.11899902,10.02357595,10.68531976,10.29581404,10.15286184,8.425509914,8.507063556,8.666744677999999,10.06069372,10.02723249,8.863901904,10.07164585,10.1436624,9.945546111,10.07469711,8.814053692,8.789878697999999,8.643724295,9.291049561,9.556833186,9.602329596,9.772613843,10.27036355
Ga0242637_111485,9.283571378,9.070531985,9.279433097,8.873753954,8.893322008,9.137679305,8.516854484,8.72414172,8.73864263,8.779480596,8.712774393,8.959872718,9.240595646000001,9.086011868,8.893855044,8.755141136,8.710596699999998,8.553272193,8.424784014,7.914760661,8.020472574,7.799914685,7.466447467999999,7.608668442999999,9.031321534,8.920656674,9.177558031,9.02102253,9.362758267,9.380534897999999,8.449286636,8.678053557,8.786635621,9.247735319,9.190085585,8.660235687,8.547389017999999,8.875415135,8.550139892,9.153793285,8.486527897,8.522826065,8.310464887,8.905863004,9.140370332,9.105865178,8.885142085,9.144305303
Ga0242637_111486,9.885730792,9.619483468,9.973957508,9.561244941,9.466464567000001,9.571524038,9.208078271,9.330276096,9.493651561,9.482751772,9.490428002,9.567651485,9.456441293,9.479076574,9.365141134,9.118162666,9.115992127,9.099892229,9.094149938,9.218810002,9.187690262,9.43468696,9.062432991,9.203771347,9.933347912,9.877833293,9.789733655,10.21254989,10.24973686,10.06835121,9.388627191,9.416469245,9.508271407999999,9.9502795,9.997730957,9.760372745,9.210365407000001,8.97588027,8.872077147999999,9.489509959,8.843060512000001,9.018721313,9.051419125,9.355790705,9.646976121,9.65745665,9.259192249,9.575900055
Ga0242637_111487,10.94927559,10.9336702,11.21262662,11.25910835,11.15717744,11.27387397,10.22139589,10.27509804,10.32697814,10.74392355,10.4721784,9.980922886,11.86450677,11.86388669,11.58988506,10.70922537,10.47953641,10.49015352,10.95853656,9.776544362000001,10.10277156,10.11564573,8.845212696,10.10631511,10.83424074,11.18776745,10.90084478,12.02974186,11.520356300000001,11.74924614,10.22384528,9.985628801,10.0181643,11.54652333,11.89074711,11.44152251,11.9646489,11.64157393,11.69233036,11.24338393,10.46910278,10.13206618,10.70945637,10.03014307,10.58114492,10.35802642,10.73585464,11.56148804
Ga0242637_111488,7.803644511,7.51173226,7.685768245,7.668193034,7.82832164,7.568427817000001,7.535083377,7.463789958,7.544125355,7.641720318,7.490013625,7.711032034,7.814767265,7.632926266,7.553748248,7.682384446,7.730546741,7.662422122000001,7.502416475,7.403643794,7.583140307000001,7.027459622,6.82302007,7.0008682339999995,7.632445102,7.568561275,7.760359455,7.455552226,7.781135957,7.55534719,8.011879116,8.049458319,7.789855299,7.872228009,7.627276862,7.9607094929999995,7.8595768679999995,7.774699189,7.530314389,8.24022258,7.531180417000001,7.663465197000001,7.458061492000001,7.591446955,7.786398269,7.737249529,8.096980804,8.415134612000001
Ga0242637_111489,15.0109685,14.92611041,14.95079321,14.51969303,14.49306641,14.56018517,14.68987065,14.76647036,14.89829851,14.519152900000002,14.61452665,15.066598800000001,14.50970096,14.74227782,14.54383006,14.67048973,14.59355686,14.67786315,15.05908097,15.4789391,15.380372699999999,15.84111398,16.03634902,15.83557649,15.24809061,14.88928654,15.20242299,16.00498397,16.11187071,16.17657445,15.10353091,15.26555415,15.0920103,14.68842049,14.99807948,14.74154908,13.98012229,14.02184209,13.88399564,14.24945523,13.84383956,13.95093003,13.85395313,14.79165851,14.92110636,14.74941781,14.30405026,14.31292681
Ga0242637_11149,9.420209956,9.416354885,9.573659478,9.47713889,9.444727059,9.372431821000001,9.029369269,9.247936572999999,9.322202957,9.364628105,8.97842145,9.196272902,9.365275874,9.344542915,9.129413361000001,8.632101292,8.310305826,8.335181946,8.662231482000001,8.811353644,8.932586547,9.102770055,9.010004888,8.966473691000001,9.49677818,9.223367807,9.630740021,9.160256353,9.429792901,9.421994,9.615707283999999,9.577261548,9.597902483,9.554258458,9.665425199,9.748436171,9.09994177,8.882334924,8.874674291,8.120061897000001,8.324560707,8.680772676,8.377609637,9.23961013,9.607606254,9.427820785,8.048824016000001,7.981234003
Ga0242637_111490,8.641849126,8.701847004,8.59369754,7.5295520510000005,7.817950977000001,7.8801516110000005,7.792093167999999,7.6792206929999995,7.736522999999999,8.935513073,8.724394672999999,9.21865491,7.43478096,7.807523587,8.208580489,6.2721494589999995,6.684920655,6.906454373,7.966894292999999,8.878261116000001,8.900796515,10.13473342,10.43265343,9.961318391,9.840246022999999,9.907205596,9.150227496,10.97858362,11.01310407,10.96038665,9.428474223,9.428020297,8.872328708,9.468795952,9.802545932000001,9.406230289,5.422921493,5.92592229,5.607950139,5.778988445,6.4242548479999995,7.251998535,7.566706922000001,7.317967086,7.2854112639999995,6.8728940110000005,6.065372936,5.89503271
Ga0242637_111491,8.161024543,8.253604479,8.200481769,8.400807781000001,8.277509222,8.394847282999999,8.543479522,8.414742079,8.557178237999999,8.733291337,8.382025251,8.329335792,8.370970621,8.474361641,8.440835266,8.891042623999999,9.052659907,9.120426566,9.215483595,9.231660566,9.236262015,9.293196766,9.224590593,9.160137902,8.626296461,8.944827802,8.593104806,8.530476604,8.354642595,8.242516643,8.596480604,8.635508736,8.4608419,8.616200653,8.273819861,8.361642533,8.602433012999999,8.314472299,8.766958673,8.522642102999999,9.336759119,9.256282379,9.377889146000001,8.939602806,8.799644278999999,8.586680596,8.417236573,8.497359135
Ga0242637_111492,6.851486391,6.663634462,6.671939309,6.117376961000001,6.148172079,6.41146951,9.198058425,10.0712946,7.685960187999999,6.928239866,6.90445196,7.182973767000001,8.14082004,7.198146964,8.446255962,8.85939194,8.93270969,8.789592779,8.683960378,8.564542309,8.331939121,8.257284752,7.97502043,8.169045414,8.58600805,8.435279286,7.567180911,11.44187733,8.866548154,9.16954895,8.397847759,8.440183356,10.8315552,8.098071742,8.634886594,9.144550473999999,9.424051731,10.78047204,10.9374761,12.52980743,10.96975374,6.845625117999999,7.278004095,7.371705984,7.2686738,9.561002711,12.23444222,12.83662907
Ga0242637_111493,9.986016262,9.961160639,10.00937169,10.39315447,10.37719425,10.38006502,11.07261673,11.22927747,11.0769206,11.77494661,13.7648641,12.91780397,10.69602304,10.36210227,10.22762558,11.81694749,11.80874729,11.86751027,11.99004672,11.57685522,11.66236888,10.22210294,10.200898800000001,10.53526566,10.03238179,9.909440426,10.03358183,12.39001497,9.908485202,9.945115492000001,12.29587341,12.51570184,11.67730623,11.47754499,12.18930078,11.976151400000001,12.06112955,12.49803872,12.22863196,13.22864857,11.13425549,11.02610007,11.24381638,10.75559599,11.17524034,11.00169448,13.13802231,13.491881099999999
Ga0242637_111494,10.47801956,10.59396698,10.45451749,9.975355858,9.929519395,10.06780386,10.5942004,10.55076143,10.60804619,10.37704949,11.45948807,11.447007000000001,10.56427811,10.32046407,10.78093251,10.06841447,10.27482448,10.56696705,11.19404615,11.52037477,11.46591866,11.21239669,11.33900516,11.53972306,10.91025385,11.08918888,10.84227825,11.766675099999999,11.73750277,11.87256693,11.20635674,11.23263207,11.01343983,10.91068327,11.4702061,11.29945237,10.06186028,10.200135000000001,10.35376575,10.14700754,9.088897167,9.361840349,8.851229507000001,10.95956404,11.306019000000001,10.76932327,10.17474168,10.21242581
Ga0242637_111495,9.172972758,9.425414909,9.000225274,8.952227649,8.956131907,9.047457245,8.754187587,8.569442008,8.735539033,8.178488609,8.148949247000001,8.378763239,8.718527529,9.223801521,9.170928742000001,7.223707786,7.4609794229999995,7.350933274,6.4962612989999995,6.480559145,6.366830345,5.771053014,6.067026782999999,6.139804722,8.867748351,8.933891107,9.179812373999999,8.889163089,9.102030689,9.110394578,8.061211284,8.417182629,8.352950574,8.246907515,7.836209586,7.911592422000001,7.3816884279999995,7.344481926,7.3920831510000005,6.859655011,7.820930477999999,7.899962317000001,7.185603978,8.308218014,8.12067013,8.379309494,6.9337052329999995,6.970226897000001
Ga0242637_111496,7.527476541,7.567376857,7.755228547000001,8.421282168,8.365580938999999,8.394847282999999,8.821002627999999,8.796866997,8.866148852,8.165501512999999,8.591113023,7.8952585520000005,8.501859113,8.179143215,8.099275647999999,10.73312181,11.058634800000002,11.0875214,11.39183789,11.51184039,11.4126741,10.90989829,11.02574398,11.04303135,7.888367354,8.000486818999999,7.930689183999999,7.425391856,7.530726955,7.766313475,9.400871478,9.147385227000001,9.299137056000001,8.849161847000001,8.820462614,9.656682401,11.03494215,11.1233577,10.72004722,12.38436889,11.02247732,10.46118532,10.704710400000002,9.146372095,9.000453254,9.256296189,12.29356205,12.588617900000001
Ga0242637_111497,7.865147105,7.940431396,8.055526163,8.010823127,8.142749092999999,8.187559869,7.8358393379999995,7.8666087,7.748891446,7.28129734,7.603463491,7.586494322,8.553604238,8.393910321,8.292233477,8.684648994,8.411011958,8.504108637,8.260957233,6.99985293,7.343966892999999,5.997163747,5.482136618999999,5.850504926,7.798991627,7.75413127,8.043937792000001,7.425391856,7.685079721,7.65146294,7.621274568,7.533407191,7.800495736,7.691038666,7.702370928,7.780941041,8.602433012999999,8.117399427999999,8.082109452000001,8.436480999,8.632130314,8.587127097,8.638756368,8.362297208,8.496155315,8.376026077999999,8.637889766,8.421165791
Ga0242637_111498,7.270697058,7.4179768720000006,7.409032141,7.80360629,7.7810548079999995,7.7835424,7.550920972999999,7.589243845,7.463860347000001,7.32089385,7.253762881,7.308908906,7.897201269,7.882290557,7.646163238,8.005242568,7.834639664,7.932434077999999,7.703073711,6.824195716,6.920949772,5.615986788,4.7570015539999995,5.323559412,7.491878657000001,7.2952504760000005,7.594483089,7.053692442999999,7.002571027999999,6.844980422000001,7.255563427,7.142576002999999,7.229101591,7.200451515,6.7297801260000005,7.208031797,7.559172932999999,7.324289086,7.35535017,8.286931007,8.371774562,8.061901889,8.278879689,7.726461193,7.571269564,7.6957056470000005,8.316244755,7.897180117
Ga0242637_111499,8.443541143,8.549952502,8.543240771,8.83939111,8.758849906,8.775795861,8.886940085,8.845677533,8.910856645,9.130768016000001,8.704975207,8.43931625,8.845910186000001,8.742420942,8.756612452999999,9.481077673,9.555682427999999,9.678223549,9.618911549,9.609378778,9.644052189,8.657782187,8.583415117000001,8.80070281,8.665490127,8.728981214,8.424632319,8.13351537,8.007026793,7.939480076000001,8.779105632,8.661838322000001,8.723749446,8.610978272,8.17622753,8.617123002000001,9.061172177000001,8.818828337000001,8.877266767,9.789732192,9.765799279,9.693772803,9.769694062000001,8.991996963,9.088882864,8.931205863999999,9.516033031000001,9.68768535
Ga0242637_1115,4.877688899,4.643131277,4.737150617,4.681923201,4.495743092,4.323638534,4.149254746,4.430657805,4.387612859,3.780802703,5.118479175,4.2014779110000005,5.337388894,5.14583677,4.9362872310000006,5.78534409,5.979566758,5.9647947,5.169295709,5.540133262,5.4081854620000005,5.3129993319999995,4.840645444,5.380361131,2.473778066,2.4340741830000003,2.501599896,3.350872453,4.237162325,3.9350153569999997,3.406639872,3.0217587530000003,3.129829243,4.401735515,4.278211688,3.775624263,6.497069943,6.302017581,6.229287113,5.661866713999999,5.20761762,5.275578888,5.536607461,3.0803301339999996,1.764951351,3.080556652,6.17221836,5.89503271
Ga0242637_11150,4.963023044,5.330128456000001,5.009507295,4.998533019,5.0576658430000005,5.396470191000001,4.985251777,5.497155633999999,5.236456361,5.849257156,5.4167632679999995,5.46731071,5.003764776000001,5.420737316,5.292855855,4.671023263,5.224151297,5.276034084,4.701851585,5.409719957,5.314116753,5.615986788,5.37497316,5.434983135,5.321587674,5.266836838,5.696262601,5.325055145,5.701897872000001,5.474946152999999,6.066467498,6.006632882999999,5.712482951,5.968442865,5.995960243,5.96786824,5.152609088,4.122987674,5.170885915,4.791768251000001,3.923781767,4.6073727060000005,4.8271728110000005,5.169295167,5.582626785,5.342441495,4.250125233,4.552351294
Ga0242637_111500,11.03932974,11.09282761,11.08669387,11.19728101,11.24541602,11.22391808,11.57143629,11.64854407,11.55428636,12.02277016,13.42058082,12.97425108,11.28787551,11.17549688,11.08011985,12.11805738,12.08709859,12.13632159,12.03681044,12.07978214,11.97298398,11.20112271,10.8228885,11.26054089,11.36915347,11.28219622,11.27385441,11.05010095,11.22698813,11.1891457,12.51064163,12.69071971,11.95711963,11.88615027,12.71367772,12.31902082,13.36710367,13.17321989,13.17695745,12.84193962,10.75509468,10.76471717,10.60508421,11.39041475,11.53836525,11.342566900000001,12.83453491,12.99990364
Ga0242637_111501,7.506571901,7.374960194,7.718243094,7.5023477860000005,7.68160268,7.643755352,7.714536363,8.008121707,7.646839412,8.610901209,9.492694673999999,9.504281802000001,8.149253979,7.8038647039999995,7.650866903,9.07156873,8.701449067999999,8.550248077000001,8.581180307,8.648398891,8.511069098,7.925817953999999,6.843156365,7.364813634,8.019829502,7.831611942,7.946665883,7.4480710839999995,7.66931045,7.716394543,8.531140406,8.333662769,8.15160993,8.476741273,9.276566071,8.935841808,11.54033314,11.13788639,11.09888586,8.915565259,6.86274643,7.726323999,6.916604397,8.16342285,8.828470221,8.437167671000001,8.877285452,8.786125434
Ga0242637_111502,10.40461527,10.40232147,10.24672942,10.18486008,10.02726214,10.01813052,10.13737784,10.06345543,10.06793495,10.57252721,11.42489226,10.74546743,10.27839225,10.36023547,10.27788896,10.400743199999999,10.47596468,10.57740184,10.22810232,9.984432145,9.988325835,9.47268859,9.401209269,9.63895112,10.45773254,10.47638687,10.21048591,10.05039239,10.15480595,10.02800483,10.65398838,10.74102517,10.45601293,10.4480409,10.43931591,10.55961918,10.67940417,10.71802471,10.63682181,11.3438341,10.00060062,9.838964566,9.879053798,9.826412317,9.879612666,9.847234811,11.10473823,11.49371548
Ga0242637_111503,8.619312583,8.601493422999999,8.737912332,8.984033347999999,8.657819814,8.605954318,8.582517694,8.736520078,8.539490911,8.648720762,9.425470584,8.64796274,8.809128519,8.891192313,8.791101886,8.394082873,8.651657126,8.589075531,8.062901083,7.1698242379999995,7.355744045,6.155449891,6.067026782999999,6.6338002970000005,8.729484163,8.836246687000001,8.777078211000001,8.408616729,8.344750296,8.127869431,8.682106739,8.535820935,8.542330788,8.45650259,8.314274945,8.726643037,8.088914303,8.314472299,8.017764217,9.257940303,8.324560707,8.423370229,8.253103884,8.43664718,8.429979521,8.483670869,9.280198437000001,9.520800499
Ga0242637_111504,8.321207979,8.432030276,8.173413656000001,8.041379966000001,7.989474423,8.140043845,8.22935349,8.173860493,8.053101477,7.919546112999999,8.758704202999999,8.324757252000001,8.44818843,8.610426655,8.640827683,7.848229712999999,8.162582113,8.143813677,7.03219648,6.296799737000001,6.245292997000001,5.615986788,5.318206933,5.9284816639999995,8.595405751,8.666926685,8.734771623,8.292308255,8.290814038999999,8.165557351,8.333597278,8.397731151,8.172237781,8.131283488,8.113419726,8.166116566,7.692022105,7.698317935,7.837780327999999,9.213729918,7.924092957,7.828089955,7.725121082,8.116989565,8.004206773,8.032467811,8.857454597,9.20498781
Ga0242637_111505,10.52120227,10.70042989,10.62616488,10.60164441,10.639591000000001,10.72596422,10.68488269,10.65224401,10.67437383,10.12427342,10.89694718,10.6314636,10.34964193,10.61317301,10.56125199,10.54556565,10.71818479,10.86039565,10.98765582,10.89023291,10.92840173,10.20640107,10.30247766,10.26452423,10.41503068,10.69229221,10.48569135,10.50606928,10.56580587,10.73142825,10.73773639,10.65107177,10.63531988,9.811488755,10.08448512,10.3259292,9.975888725,9.972657436,10.42813713,10.49126944,10.55341995,10.334365199999999,10.54395676,11.00223017,10.72298851,10.84548183,10.56542492,10.29684364
Ga0242637_111506,12.77400531,12.56327756,12.86598839,13.14652681,13.34535547,13.30992319,13.18427345,13.25564428,13.35660017,11.57954302,12.38853245,12.76228537,12.5217584,12.08910054,12.15869992,12.53063118,12.33937718,12.12213677,12.05984364,11.78623246,11.80497459,10.7886009,10.41596049,10.63280784,13.18024914,12.87500609,13.25827255,12.3982847,12.433949900000002,12.64256832,13.02698978,12.96927247,13.15644122,12.06840369,12.2463368,12.56442208,12.62012676,12.68821746,12.43076071,12.14278745,12.214851,12.43260129,12.46307914,13.79438784,13.949903699999998,14.0672959,12.16353947,12.22487524
Ga0242637_111507,12.34822148,12.49355902,12.28221008,12.28769464,12.332136300000002,12.34805144,12.36061904,12.25007817,12.31502675,10.75768886,11.19714902,11.60590974,12.04339441,12.20509827,12.15518764,11.68904014,11.72169908,11.82591903,11.4264065,10.96908341,11.15920189,9.958474337,9.829538037999999,10.36228006,12.42794735,12.13857662,12.69392834,12.17356553,12.33228994,12.38396735,12.07598903,12.17426909,12.18581062,11.29950862,11.30590412,11.6411242,11.60745801,11.97102562,12.12446745,11.72620421,11.12247395,11.20538473,11.22984493,12.85280681,12.50938578,12.77121324,11.60860162,11.62491346
Ga0242637_111508,11.65237474,11.70121951,11.63338657,11.34466237,11.44725958,11.35574002,11.27284225,11.29435355,11.26999516,10.10286356,10.30426139,10.90348191,11.50465099,11.61865909,11.49337169,10.89796392,10.83152737,10.84998181,10.40988959,9.734277933,9.866072056,8.631144869,7.880825756,8.785118519,11.52766523,11.19144531,11.76349613,11.29798176,11.58899911,11.70834197,11.11481828,11.18350316,11.27368174,10.60007574,10.74103952,10.83169608,10.79023043,11.05457413,11.04052513,10.67430783,9.989833338,9.976421416,9.91030805,11.93636415,11.79793871,11.81368996,10.70178534,10.63969463
Ga0242637_111509,10.78616438,10.80189428,10.86237363,10.46816052,10.4670265,10.43182069,10.54102398,10.54443937,10.44186946,10.72855487,11.02539872,10.82704167,10.45117669,10.524271,10.47571464,10.65889861,10.64770799,10.72079246,10.87032248,11.2536825,11.19486473,10.9112826,10.7192102,10.97139939,11.05065769,11.0990128,10.97151084,11.19340379,11.22923001,11.0952484,10.90057157,10.95574481,10.73434625,10.674551699999999,10.62201604,10.78230511,10.38980119,10.31710205,10.33502956,11.1399631,9.896067612000001,9.834896347,9.774231378,10.82041338,10.79339451,10.78549881,11.18091194,11.33906694
Ga0242637_11151,3.00145839,1.764951351,2.4500833419999997,2.409644588,1.764951351,2.426167481,3.017944431,3.0574123839999996,2.506512943,2.7737677119999997,3.516347495,2.545388166,3.136324976,3.2570464360000004,3.2488538360000003,3.3312073310000003,1.764951351,3.789455175,2.957841924,3.261710257,3.003423942,3.208116214,3.3872535110000004,3.967222743,2.9697458610000003,2.4340741830000003,3.19503281,3.196494403,2.434624694,3.0280757019999998,3.275786601,3.2023231739999996,2.957319384,2.8783458439999996,3.463431424,3.3863538039999996,3.7220789030000003,3.347410348,2.761863632,3.042219942,2.713663973,3.9122902089999996,1.764951351,1.764951351,1.764951351,2.7107655210000003,2.9824992530000003,1.764951351
Ga0242637_111510,10.49933181,10.29766644,10.64317394,10.01822626,10.30571569,10.32801503,10.21146868,10.34223915,10.19988919,10.43771311,11.03786942,10.835111999999999,10.29558793,10.27494837,10.17391499,10.69392636,10.37314815,10.34328004,10.81822415,11.09396735,11.03657641,10.69846848,10.55966826,10.61381988,10.55806363,10.42654419,10.64101702,10.61860208,10.70246422,10.74860031,10.77919575,10.78585397,10.71760528,10.44730859,10.47632853,10.58780445,10.28434859,10.46731591,10.12313266,10.83671632,9.666523948,9.923766126,9.948948879,10.66773712,11.12500587,10.88470599,11.00911943,10.92077326
Ga0242637_111511,8.641849126,8.821066911,8.829926677000001,8.303321758,8.424863537,8.494120313,8.165647717,8.402364566000001,8.320849931,7.87768701,7.739509225,8.154600109,8.779555978,8.81145467,8.756612452999999,8.419111545,7.987985225,7.861003328,5.801422745,4.182356513999999,4.642114564,3.735313503,3.6101325589999997,3.967222743,8.815095194,8.887029441000001,8.838298867,8.596234475,8.570905504,8.663850932,8.10891168,7.935362242,8.228473967000001,8.013514489,7.998945152,8.063859153,8.47549197,7.969264771000001,8.480234135,8.219732166,8.037199892,8.123242734,8.598384709,9.00692688,8.990284586,8.876492772,8.117137159,8.275637638
Ga0242637_111512,9.050781662999999,9.149201385,9.259348564,8.944165433,9.020848291,9.076869136000001,8.876506771,8.831899376,8.796376662,8.075797199,8.411078706,8.509583253999999,9.277606308,9.257624241,9.136136634,8.730358949,8.635737958,8.252006097999999,6.797026275,4.71973642,5.4964242720000005,4.737776482,3.6101325589999997,3.967222743,9.462953495,9.427401251000001,9.335535332000001,9.123169714,9.105940111,9.162577177000001,8.702035343,8.525103991,9.058896506,8.546788874,8.447549216,8.603933861,8.861289857000001,8.601220385,8.712832133,8.544774964,8.36512361,8.562733959,8.906009959,9.560476666,9.563707065,9.491403881,8.665524071,8.617785448
Ga0242637_111513,10.35286815,10.33580623,10.39216289,10.04580085,10.05290923,10.08237836,9.890148803999999,9.944723587999999,10.01003722,9.57402581,9.347465383,9.516377592000001,10.32937637,10.27626894,10.16572418,9.690852858,9.607202796000001,9.426118141,7.668606731000001,6.05739422,6.167109247000001,5.171091359,4.7570015539999995,5.48758844,10.71429759,10.68578805,10.61792668,10.26243499,10.32209811,10.378212,9.869634374,9.742107073,10.00097241,9.651566309,9.725150979,9.676766159,9.762899013,9.807990965,9.949246837,9.523340518,9.319662874,9.454906449,9.575400188,10.55906399,10.53991101,10.46850553,9.474976772,9.540325629
Ga0242637_111514,11.09638716,11.22755152,11.16680288,11.00383836,11.04329899,10.97902806,11.08263565,10.94882347,10.91900624,10.75624605,10.49722985,10.51271228,11.02638731,11.11035226,10.91841778,10.81554171,10.77524251,10.74148739,9.634617445,8.149583991,8.511069098,7.387325894,6.604463303999999,6.888596116,11.54918257,11.43970237,11.59551896,11.16232195,11.25190035,11.36291937,11.01764389,11.03530709,11.03780847,10.46983906,10.3671288,10.54013376,10.66977258,10.77861888,10.973054,10.85121843,10.81610024,10.56061021,11.13689721,11.48370274,11.39156512,11.28070865,10.81304038,10.91437428
Ga0242637_111515,11.14170501,11.09140528,11.18869039,11.22166396,11.1265231,11.11802529,11.05653274,11.07261078,11.1404806,10.69581296,10.93744655,10.79347307,10.98163913,11.04909597,10.74619813,11.03884085,10.96746181,10.85121087,10.10626561,8.836808991,9.020263900000002,7.925817953999999,6.604463303999999,7.202148141,11.5066524,11.14573225,11.38695564,10.99085932,11.16322701,11.25617321,11.04743394,10.97948894,11.17442856,10.52848564,10.31724769,10.59781783,10.82246322,10.91308399,10.77251372,10.53061409,11.02564355,10.80686538,11.31015199,11.36415316,11.57454704,11.47735496,10.56664674,10.70911423
Ga0242637_111516,11.29632185,11.26630436,11.57807495,11.47592893,11.48009824,11.46581282,11.52743578,11.51085442,11.56830854,11.2326034,11.42667153,11.22607614,11.3874683,11.31148878,11.25746462,11.21261659,11.0460436,11.01479998,10.49593172,10.14418057,10.24406593,9.04340309,8.255842937,8.795526731,11.77788718,11.44510411,11.76724875,11.26590863,11.43046808,11.46844595,11.37143929,11.390528300000001,11.42915037,10.76313421,10.50282172,10.79976085,10.94464199,11.06677451,11.05490883,10.4653978,11.34325218,11.38444875,11.56247941,11.93078309,11.81963622,11.71319999,10.47461835,10.54759716
Ga0242637_111517,10.84422917,10.71466536,10.9509864,10.57513457,10.68379922,10.69215446,11.03088994,11.15422347,11.12039686,11.34964236,11.76627228,11.51288406,10.76211653,10.69345758,10.69133561,10.93530708,10.93466001,10.89656096,10.67585118,10.70568268,10.68067685,9.632298905,9.173861861,9.653328207000001,11.26259325,11.42727906,11.16256965,11.36850776,11.28417378,11.45186218,11.62732182,11.76535487,11.5224662,11.13644357,11.18622956,11.32914128,10.69847658,10.76557966,10.62684322,10.36480206,10.87580054,10.98263292,10.8664337,11.36125158,11.42780667,11.21286207,10.40392187,10.34363395
Ga0242637_111518,7.434615889,7.411909667000001,7.577822742,7.417512234,7.605255127,7.659397407999999,7.566586481,7.5392339370000006,7.61340788,6.832822792999999,6.68393407,6.776311537000001,7.258842952999999,7.480815442000001,7.075674873,7.359248192000001,7.356035682999999,7.4645538170000005,6.780970931000001,6.7898218539999995,6.5828474329999995,6.985989784,7.272294658,7.170493899999999,6.709044174,7.057866001,7.040772171,6.993275294,6.652759546,7.030136858,6.94729695,6.974094147000001,7.468136756,6.755715147999999,6.363579272000001,6.8464822320000005,7.284016434,7.128566922999999,7.222954584,6.730321245,7.811175552000001,7.79495959,7.6579456420000005,7.796889059,8.18450281,7.906124631,6.686156919,6.795387807999999
Ga0242637_111519,8.698233411,8.716684642,8.711275568,8.854525673,8.880923231,8.782952291,8.903478003,9.057826713999999,8.793394954,8.085022902999999,8.306723306,8.564985627,8.746588194,8.539605285,8.470400113,9.102797964,9.07879844,9.140672707,8.759580961000001,8.594698514,8.725874612,8.413947582999999,8.936998328,8.577639559,8.339871991,8.352276917000001,8.362476202,8.662360162,8.524922465,8.8460534,8.716103361,8.678053557,8.765071722,8.17794487,8.117997841000001,8.372053572999999,8.872529779,8.592807361,8.709926322000001,7.871284555,8.749130111,8.671677001,8.753504693,9.159793857,9.225191641,9.079867251,8.069659839,8.052909213
Ga0242637_11152,5.419130355,5.011930914,5.674912671,5.060162934,5.127172537,5.120951485,5.243142292,5.0938918289999995,5.7134626829999995,6.788297608,6.635467096,6.3765485029999995,5.91601374,5.257948309,5.692064792999999,6.065275132999999,5.999663255,5.442924252999999,5.632178636,6.086052777000001,6.412707192999999,5.954705207000001,5.960243686,6.002435286,5.4933045510000005,6.064180427999999,5.745996002,6.223142734,5.840251091,6.139153197000001,6.248217188,5.921769181,5.800240818,7.13643564,6.877600445,7.086797081,5.422921493,5.92592229,5.064661065,5.815991866,5.015163076,5.618061775,5.620042009,5.421062803,6.003829894,5.258711873999999,6.09283893,5.85982513
Ga0242637_111520,10.16893103,10.23892517,10.21958176,10.50835681,10.50063945,10.41272536,10.61317566,10.560541,10.44282118,9.781170427000001,9.790420187,9.954495062000001,9.987644544,9.931212692999999,10.01703587,10.33487045,10.51303396,10.62056617,10.23841772,10.52043455,10.52647452,10.3501099,10.890908,10.50704567,9.932112296,10.00867077,9.969875304,10.31477032,9.999558667999999,10.44101914,10.13134647,10.12107001,10.08929813,9.585211672,9.428019711000001,9.648141714,10.66007625,10.59495377,10.77251372,9.304083435,10.66321008,10.48733937,10.57289231,10.62136976,10.51530216,10.555970199999999,9.432717766,9.328849358
Ga0242637_111521,6.817922597000001,7.007484803,6.544798116,6.611240867999999,6.738541908999999,6.798415299999999,6.922604195,6.821376329,6.495007557999999,6.8437422660000005,6.283547148999999,6.167028737000001,6.907389276,6.846160434,7.040248395,6.777513377999999,7.217391492000001,7.451642255,8.356064327,9.209096395,8.948222652,10.00330116,10.21447698,9.850886227,7.3058881410000005,7.362072571000001,7.146041514,6.962089227000001,7.076201524,7.050434521000001,7.012628766000001,6.759056697999999,6.62055302,6.508247295,6.467827035,6.721672559,10.19763863,9.843880827000001,10.402271,6.331979231,6.9183599120000006,6.673889269,7.027258151,7.52778539,6.840565294,7.014855696000001,6.721727367000001,6.08985168
Ga0242637_111522,9.065145611,9.261390769,9.142591851,9.003561592,8.972585217,9.009320103,8.931970841,8.936462455,8.796376662,8.894127798,8.494884675,8.82697449,8.911826282,8.904917727,8.843393171,8.571998155,8.799017421,8.74267804,7.988012027999999,8.007356657,7.936720895,7.947573706,7.671689705,7.536022217999999,9.038229155,9.140174111,9.21979951,8.697477327,8.822085615,8.857611392999999,8.425509914,8.503428234,8.545496505,8.260313011000001,8.047751726,8.082998811,9.610131383999999,9.081875165,9.196602833,8.020906344,8.404576934,8.269087016,8.304202938,9.034250473,9.030536131,8.928967107,8.083385014,7.948197971
Ga0242637_111523,10.02694968,10.29189879,9.93765206,10.09578311,9.988493782,9.956172848,10.05558031,10.06247253,10.01644419,9.6016048,9.634929582,9.540269109,9.651594585,10.17795596,10.07066187,9.761046413999999,9.764799863,9.76294567,9.215483595,8.914576148,8.79668149,8.60400639,8.789276021000001,8.619249672,10.31903492,10.38619441,10.37002341,10.26030157,10.21577042,10.62809222,9.642471627,9.86758702,9.849132177000001,9.33108172,9.11421632,9.2343022,9.021331800000002,9.081875165,9.421067092000001,9.47805448,9.014351219,9.34477505,9.275991637,9.934104395,9.098381942,9.682921925,9.456640585,9.425017197
Ga0242637_111524,8.83304625,8.669165442,8.743181166,8.424183499,8.445218367999999,8.505702044,8.141449243,8.079831684,8.126026319,7.616488955,7.636648227,7.653763297999999,8.327041827,8.437060472,8.438117259,7.7331731779999995,7.783532256,7.706561702999999,7.018571166,7.321846273999999,7.61288418,7.479830403999999,7.649005937,7.307763969,8.766006039,8.687909542,8.646243647999999,8.51624244,8.548097209,8.857611392999999,7.5413369470000005,7.793705788,7.882905672000001,7.823385712,7.49975006,7.606724541,7.640341822000001,7.875260827000001,8.041075592,7.298083022999999,7.183371762,7.189616189,7.252202963999999,7.741845144,7.689144099999999,7.981523161,7.35190134,7.394938799999999
Ga0242637_111525,9.001841828,9.041362629,8.819987951,8.516793558,8.517487563,8.528590207999999,8.413834169,8.248367075,8.235540316,7.7325903789999995,7.769737205,8.210271985,8.74936447,8.767054257,8.701015552000001,8.069890601,7.663025641,7.418848173,6.394351991000001,6.4143704,6.366830345,6.682717975,7.330485722000001,6.964407874,8.582861827999999,8.593767733,8.716253371,8.575790855,8.695483956,8.984270402,7.893057742000001,8.122378555,7.678895669,7.758730029,7.44976946,7.443509708,7.925825862999999,8.069692029,8.355624361,7.231388892999999,7.299591767000001,7.0838226639999995,7.278004095,8.085182177,8.237054337,8.105661707000001,7.246015427000001,7.1981723639999995
Ga0242637_111526,9.355456995,9.943400212,9.391047546,9.82870682,9.868031066,9.796802905,10.72031784,10.52744385,10.193118,8.943142349,9.552586168,9.579229532000001,9.743573637,9.130501473999999,10.09243078,11.4782412,11.50443071,11.45879908,11.38919501,11.56864944,11.43781244,12.07421448,12.70216627,12.2117114,10.93390403,10.67203311,11.216817,10.87363741,10.22568532,12.77016211,10.0898135,10.21962469,9.861885141,10.21923588,10.30425218,10.30638643,11.38810815,10.86673553,11.38596323,11.22379887,7.959849271,8.760151541,8.365631698,10.20770853,10.03360685,9.64932069,10.92111081,11.02146159
Ga0242637_111527,12.03760805,12.19955731,12.15852259,12.72829633,12.8161737,12.71352908,13.69889017,13.86193685,13.30414866,10.97545498,12.98410568,12.83672321,11.11569345,10.88480723,10.80644527,14.32516099,14.21586443,14.16038591,13.94097472,13.80445057,13.67515217,13.06065576,13.2768492,13.32532756,12.78626861,12.66339203,13.08838928,12.63094855,11.03479834,14.82486436,12.8461321,12.91232932,12.8296297,12.48084438,12.10390461,12.61952423,14.42027879,13.68648666,13.72101288,13.53451873,11.2977065,11.70675737,11.51243731,12.25829354,12.77191741,12.38830444,13.598651199999999,13.70352148
Ga0242637_111528,11.31497216,11.61838184,11.62056156,12.07804972,12.25016086,12.10420228,12.89834481,12.89753085,12.50173435,10.00905999,11.70454593,11.72968401,10.64550485,10.44370215,10.22052593,13.67728171,13.54876643,13.45971532,13.27812896,12.69607156,12.66204224,11.40550842,11.33811941,11.79444644,12.02071346,11.93808986,12.50840562,12.02000234,10.34129434,14.25334733,12.14987613,12.10009431,11.93767518,11.36417559,11.25797495,11.88800073,13.63469438,13.00787248,13.15429175,13.02034894,10.08800699,10.69685231,10.88333302,11.94663253,12.28601225,11.98886429,13.16247089,13.08806624
Ga0242637_111529,11.37048286,11.56301536,11.66287553,12.15842736,12.13219816,11.93785404,12.60484942,12.7264225,12.34715135,10.11979241,12.06210936,11.96079059,10.48488218,10.26965394,10.01703587,13.58596066,13.42780401,13.24040234,12.86306327,12.290573599999998,12.1473552,10.69364971,10.41428053,11.00542013,11.86334364,11.73130737,12.09355506,11.94793312,10.23909676,13.9547334,12.35999027,12.36285696,12.10417302,11.29096249,11.24390847,11.94271376,13.8896703,13.08749741,13.04670891,12.87725166,9.884487932,10.60667333,10.881231399999999,11.75149549,12.36289928,11.98967004,13.03254932,13.05475475
Ga0242637_11153,12.14292515,12.10967842,12.20556038,12.39768072,12.42344661,12.43806221,12.45040329,12.5147548,12.54492126,11.86939466,12.13936852,11.86826293,12.08876321,12.13495136,12.05719349,11.77636627,11.90651444,11.97458524,12.15664787,12.58592308,12.55442268,12.05555609,12.21457236,12.20343054,11.89571388,11.65744181,12.04522771,11.40324393,11.59492236,11.44181964,12.31055016,12.29351314,12.44018489,11.56216585,11.72248113,11.80135094,11.8947103,11.69462357,11.82110718,11.24084439,13.20732786,12.95670623,13.16636121,12.54818585,12.90202344,12.64238377,11.33941961,11.32867772
Ga0242637_111530,11.31897316,11.63442299,11.33107028,11.84246701,11.76924287,11.72276066,12.64658401,12.51097708,12.10502916,9.742344387000001,11.25236871,11.22791619,10.14666186,10.33066908,10.28319894,13.13665567,13.25349163,13.32422119,12.49422303,11.40882464,11.38493731,10.36836773,10.28970654,10.87409543,11.99283649,12.06830785,12.32935727,12.05396079,10.57005723,14.14933881,11.90293551,12.225088099999999,11.75490443,10.63907746,10.76677362,11.36313211,13.39465123,12.99556038,13.27924306,13.3994804,9.879829909,10.15509044,10.79343563,11.60044095,11.61067353,11.42549692,13.2868516,13.41256237
Ga0242637_111531,9.210070997999999,9.532713942,9.338061551000001,9.881376977999999,9.803804882,9.724309818,10.50151288,10.34385806,9.917217179,7.6291598270000005,9.415947501,9.343849792,8.498562571,8.150621486,8.388296437000001,11.40575222,11.35445651,11.39702394,10.55960719,9.125500536,9.367069271,7.271320808,7.227055767,8.017223141,9.924676296,9.994003811,10.12064261,9.788459807,8.380695102,11.79767301,9.714312782999999,9.859078845,9.562402958,8.488180004,8.78348042,9.62765261,11.78597772,11.09980311,11.39684456,11.34541101,7.740978377999999,8.143123314,8.982507897,9.810697187,10.21701078,9.99793932,11.2487046,11.38607086
Ga0242637_111532,8.991851423,9.072455796,9.268512576000001,9.853669179,9.6588368,9.610928977,10.23615978,10.32922204,9.81213167,7.806962874,9.563409412999999,9.346110591,7.97991315,8.234548415,8.085445501,11.04488309,11.04363277,10.87073487,9.760612073999999,8.06594115,8.32596652,7.106981535,6.229043205,6.7238361179999995,9.642904813,9.699480656,9.770417745,9.332608016,7.9385167910000005,11.55307,9.636566758999999,9.666107719,9.508271407999999,8.409147788,8.748480466,9.406230289,11.41526131,10.93487978,10.86161242,10.9653482,8.118543228,8.103084281000001,9.073676926000001,9.474092439,9.590879662999999,9.614918133,11.05249776,11.08361673
Ga0242637_111533,8.65457081,9.047243876,8.599519246,8.690710435,8.558549892,8.629965315,9.473354509,9.145838435,8.888675941,7.027335533,8.177412556,8.533588151,7.951259302,8.300939847,8.189313156,9.98497536,10.0030641,9.912908583,8.657846147999999,7.142851812000001,7.390508944,6.80702934,6.289057454,7.154402167000001,9.257312811,9.519526949,9.664937398,9.148768867000001,8.227622704,11.44804469,8.907254744,9.038565631,8.58910215,7.583142447999999,8.210926696,8.677126325,9.884467447999999,9.536937922,9.960292394,9.894699339,6.593339468,7.1244108310000005,7.789305858,8.639143217,8.746259949,8.617592542999999,9.886579487,9.883848426
Ga0242637_111534,10.7883304,10.8452962,10.98195651,10.62452636,10.74801223,10.71290996,10.292964999999999,10.35272974,10.40425412,11.33328534,10.838445599999998,10.60716352,10.85976327,10.82199374,10.78039617,10.02220274,9.776461937999999,9.725904228,9.589281901,9.732018708,9.783499426,9.232471916,9.505880167,9.25369229,11.05236462,10.95119821,10.97151084,10.477886699999999,10.77361871,10.10759986,10.34013219,10.13875173,10.36845965,10.83655885,10.09729158,10.1653765,9.792786677999999,9.969411778,9.720066913,9.506524404,11.18988139,10.88074852,11.13777775,10.54086136,10.8108331,10.69156274,9.443399136,9.639356477
Ga0242637_111535,9.975915612,9.98484664,9.971714989,9.43604995,9.469779918,9.388159455,9.029369269,9.053875571,9.183325937000001,9.70842564,9.314530245,9.386210568,9.791499736,9.878277572,9.73426315,8.437602101,8.318307056,8.16769075,8.213934131,8.420447483,8.349709953,7.479830403999999,7.316156717,6.982753397000001,9.800171921,9.50629908,9.66975723,9.816318678,10.09705539,9.27674497,9.22511806,9.188714136,9.295381285,9.321522536,8.826068961,8.837850707000001,8.108062281,8.240998087000001,8.366737219,7.61298344,8.847838778,8.781447551,8.978581242,9.637874582,9.620849281,9.452968172,7.429194995,7.600303615
Ga0242637_111536,9.809574677999999,9.831985442,9.799076358999999,9.514369871,9.456472555,9.425220608,9.315479774,9.438791119,9.510090198,9.178949308,8.758704202999999,9.056920956,9.311814285,9.407363303,9.333315881,8.26887904,8.202037039,8.263131023,8.159133321,8.54408213,8.542313321,7.7879045410000005,7.716013945,7.786200215,9.369282705,9.312195063999999,9.069854852999999,9.261858153,9.4728124,8.637274096,9.621697974,9.428020297,9.688029597,8.748122901,8.797816762,9.179050331000001,8.088914303,8.105619707,8.013056382,6.805642102,9.363698557000001,9.475958611,9.062590952,9.574861394,9.829160258,9.694829309,7.118452405,6.867889537999999
Ga0242637_111537,10.74214663,10.77969365,10.77311995,10.31559708,10.18685884,10.42344987,10.32631128,10.36234613,10.53584806,10.60655389,10.783963499999999,10.71342849,10.17584628,10.47739044,10.27636822,10.01811349,10.12095635,10.12591859,10.52270505,10.99663488,10.92642962,11.58189391,11.57984025,11.42122789,10.97408114,10.93702793,10.85079187,11.25523571,11.4494379,11.23528283,10.66127727,10.65271362,10.70704266,10.44070104,10.42276162,10.47160078,9.630135727999999,9.427658242,9.612153582000001,9.389109938999999,9.302361592,9.742364129,9.439175477000001,10.46643507,10.60466479,10.50728469,9.60909966,9.312719905
Ga0242637_111538,7.211635605,8.267107591,7.560014947999999,7.967721501000001,7.775706007999999,8.106206415,8.302886033,8.004031318,7.965734502,6.177947146,8.066127221,7.232721027999999,6.0303142229999995,5.730621097,5.912470496,5.041600655,5.079632359,5.052757096000001,6.165911317999999,6.321095654,6.167109247000001,6.708453757999999,6.9209990370000005,6.537754228,6.4293368410000005,6.713315184,7.407011441,10.62690551,9.403033935,10.36410069,8.070002252,7.869100767000001,8.360160201000001,7.572432683,7.548055815,7.853330542999999,1.764951351,4.608026708,4.301503826,4.353666799,4.7092957680000005,5.413829457,3.9712646019999998,4.309901821,4.3663536910000005,4.19184173,4.032303163,4.135802667
Ga0242637_111539,9.834943707,10.00513172,9.830354293,9.976344467,9.845237642999999,9.896941638,11.00382479,11.50652451,10.25294419,10.09717618,11.07464748,10.54849191,10.38666636,9.793200866,10.17799302,10.91235655,11.14831913,11.17698807,10.76621213,10.28952724,10.10626017,9.480170251,9.678167381,9.887833637,10.04043132,10.19973789,9.709308322,13.26478493,10.53858571,10.9836475,10.52648385,10.55513448,11.72868726,10.20890358,10.69276184,10.78571587,11.33018217,12.47419206,12.56102572,13.98894068,11.67236011,9.428151734,9.870603696,9.52683712,9.504207787,10.9407793,13.71037589,14.31312951
Ga0242637_11154,8.187529563,8.246805219,8.426912674,8.089694123,8.083379308,8.094748526,8.719582513999999,8.951406983,8.763233907,8.785151635,8.874481374,8.82697449,8.950942073,8.396341718,8.814343908,8.78432848,8.901096218,9.162620107999999,10.27323512,10.83866912,10.81891446,11.09670184,11.30495809,11.27641793,7.938464928999999,7.687960958,8.11163422,7.933786946000001,8.172762436000001,8.108649612,9.66149722,9.830350313,9.402261961,8.516386157000001,9.392565599,9.110760177000001,8.849961667999999,8.76742588,9.00128685,8.127414189,8.648654706,8.567645699,9.032604971,9.277041594,9.337744835,9.099907107,8.103730937,8.098787236
Ga0242637_111540,7.245680772999999,7.108504531,7.240365497000001,7.321155451,7.411917569,7.288916574,7.372287339,7.114982969,7.3547830439999995,7.610111516,7.552208805,7.571109665,7.42786335,6.981952045,7.313825302000001,7.4831319,7.669296257999999,7.690167295,8.146667333,7.89873304,8.167998865,7.509391607,7.492166087999999,7.498278656,7.58290116,8.033652462000001,7.26128205,8.389220923,7.421994843999999,7.147843249,7.19253277,7.065737563,7.236958876,7.506447627999999,7.548055815,7.654425807999999,6.85567705,7.496584004,7.562896192,7.85365962,7.896681636,8.005096383,7.95036305,7.189186705,7.011311974,6.927782075,7.932310778,8.060657615
Ga0242637_111541,8.379845405,8.215805559,8.481527927,8.255253401000001,8.322217188,8.261155913,8.22935349,8.408566599,8.361684299,7.812528055,7.552208805,7.882852174,8.198847447999999,8.124460604,8.057380865,8.005242568,8.094326291,8.08651346,8.115022662000001,8.149583991,8.271070117999999,8.644525014,9.129498714,8.589651146,7.70370827,8.008850006,7.698798113,7.657165512000001,7.947260651000001,7.512108733,8.401334679,8.136530396,8.592166973,7.997593253,7.841756097,8.154101012,7.692022105,7.81865842,7.638213619,6.877218346,9.148204985,9.122497822,8.82522707,8.71643811,8.734123606,8.724725084,6.4937874639999995,6.462210128
Ga0242637_111542,9.852992256,9.795181146000001,9.76322065,9.758033523,9.71718903,9.842042303,9.95207095,9.821159565,9.869883107,10.27595966,10.7568742,10.31685113,9.798218177999999,9.983082972,9.801359571,10.44558426,10.696864,10.7703603,11.36921758,11.71538292,11.64748088,11.611150199999999,11.65858125,11.73079518,9.960267099,10.21427301,9.86451048,9.415470427,9.737592231,9.412230314,10.33740465,10.38678951,10.17661581,9.865112057000001,9.515624962,9.751429587,10.152247599999999,10.23839039,10.35655531,10.62970871,10.58952705,10.47562869,10.6807435,10.02700781,9.97293447,10.03275684,10.66346998,10.61491538
Ga0242637_111543,7.581784239,7.539822997000001,7.298808348,7.491320699,7.139428815,7.512106178,7.787644665,7.773555414,7.508194229,7.036880277000001,6.834631907,7.120917585,7.43478096,7.503553042,7.377652181,8.108871842000001,8.395969026,8.541137502,8.74724963,8.672162568,8.597893792,9.063464768,9.615214702000001,9.156104995,7.203043261,7.450706567,7.235494209,7.063520165,7.530726955,7.349663901,7.974910704,7.823172184,7.998311472,7.207391983,7.097650727,7.30905469,7.766227193,8.163579152,7.960229784,8.528207238,7.781508475,7.836254967,7.807131587000001,7.976678742000001,7.486967624,7.855149042000001,8.619168331000001,8.58054733
Ga0242637_111544,8.134023305,7.8669498010000005,8.141843551000001,8.118640983999999,8.307467974,8.226578098,8.459289154,8.338831826,8.163462565,7.524530769,7.93223016,7.9557382610000005,8.323319981000001,8.187590897,8.575547495,8.679479531,9.154487114,9.269451513,9.338401689,9.179556865,9.226677615,9.335058147,9.91042234,9.400691786,8.339871991,8.288450584,8.189781718999999,8.254218744,8.748966239,8.34050384,8.495695632,8.598502473,8.374472239,8.052565185,7.901399938,8.221862061,8.655453538,8.74482289,8.686466668,9.668987337,8.871495537000001,8.810743463,8.785322889,8.668951581,8.481709724,8.471415871,9.625607419,9.605331123
Ga0242637_111545,11.37385232,11.43765437,11.48050415,11.1304663,11.04940543,11.05291593,10.93511079,11.01534975,11.08669585,10.77986986,11.18037331,11.43005674,10.62977192,10.92997556,10.92910311,9.799675033,9.724729473,9.598496752,9.523319016,10.30176538,10.31663333,10.01364926,10.09162234,10.23996695,11.07381263,10.92050277,11.0213853,11.06117274,11.56576968,11.48623794,10.78254181,10.75025643,11.08262336,10.28710792,10.23535339,10.34982659,8.693977946,8.969395947,9.038822564,7.704322417,9.983334182,10.1103524,9.320102872,10.897399900000002,11.08016779,10.83774607,8.207645687000001,7.80792223
Ga0242637_111546,11.80208978,11.85078161,11.88259996,11.6340062,11.70458261,11.71934551,11.630369400000001,11.71197202,11.84267989,11.14986178,11.65834799,11.98384104,10.9256741,11.23001066,11.04884071,10.14354126,9.924004776,9.791396800000001,9.327399181,9.727489616,9.557501747,9.403548042,9.424763789,9.489910943,11.56879443,11.06232523,11.58535163,11.40903309,12.08118258,11.86220536,11.42123272,11.36271085,11.74839467,10.6092709,10.62121016,10.74774661,9.156209882,9.235685054,9.442231392,8.382200476,10.53131381,10.48344636,10.07933325,11.45482842,11.60068239,11.41353741,8.580980367999999,8.421165791
Ga0242637_111547,9.827941387000001,10.12675924,9.928431121000001,10.02397475,10.00229601,10.19931773,10.12244509,10.10700674,10.10688361,9.623927591000001,10.00092177,9.92606362,9.57854504,9.97578614,9.934592914,8.764936015,8.807568559,8.981410704,9.438941663,9.464490453,9.536967862000001,9.457607848,9.470749545,9.397279018999999,9.468078034,9.72381224,9.788256963,10.23987512,10.436728800000001,10.50488523,10.21594714,10.36492112,10.07731893,9.210239993,9.847340919,9.722229715,8.504682213999999,8.364752917999999,8.977321176,7.67451439,9.238300446,9.135787313,8.978581242,10.38795936,10.19282857,10.19618637,8.268984942000001,7.780030784
Ga0242637_111548,9.168544867,9.387283571000001,9.519420044,9.706537134,9.81557862,9.866949729,10.14695848,10.18945305,10.22112402,8.266264284,9.174712465,9.226039071,10.12651648,9.894707007000001,9.818179851,9.181696311,8.835711712,8.571284943,8.653447441,7.727823514,7.770740965,6.708453757999999,6.259363603,6.461263513,7.903580203,7.425933736,8.135061566000001,9.055881456,9.445304688,9.72302061,10.17986046,10.07528168,10.25798434,8.581912236,9.649704118999999,9.789789106,9.27107988,9.465012168,9.537089072,8.44827088,9.080801983999999,9.071542552999999,9.120755405,10.25313838,10.45557872,10.20083287,8.665524071,8.390754503
Ga0242637_111549,12.23420523,12.26851599,12.48764423,12.70089697,12.73394468,12.7033503,12.679963800000001,12.81560616,12.77676701,11.12324553,12.96259979,12.48169368,12.49802061,12.36305239,12.37484738,11.77515525,11.57165064,11.4062515,11.62029795,11.51709829,11.6141762,10.39829317,9.98021447,10.38485667,10.46970446,10.52018449,10.80479404,11.8654219,11.96519041,12.24567289,12.78355144,12.567755,12.78211459,11.38037898,12.08444853,12.29374814,12.03135323,11.93570612,12.042824099999999,10.65663328,12.56130806,12.423148199999998,12.30195064,12.48903378,12.78851608,12.60132682,10.91919905,10.59371338
Ga0242637_11155,7.456582292999999,7.337038626,7.624262146,7.2378265310000005,7.035806834,7.379862271,7.378218029,7.384178707999999,7.6534336960000005,7.49714249,6.699733755,6.952969391,7.413927741,7.81117321,7.59338412,7.7331731779999995,7.883997615,7.982655777000001,8.899877189,9.494122487,9.459982161000001,10.13710172,10.309725,10.09160954,7.028930935,6.940297022999999,7.127464824,6.951542017,7.168864803,7.040321433,7.509371657000001,7.623262447999999,7.501130241,7.022985995,7.744435113,7.393269317000001,8.217900238,8.129083718,8.160832572,7.231388892999999,7.313481831,7.163887002,7.618106103,7.557071376000001,7.663769918,7.816910327,7.1708402,7.345037764
Ga0242637_111550,9.904490705,10.11187105,9.921476533,10.26956214,10.18887191,10.16595035,10.24023419,10.10318831,10.18062099,9.32624681,9.183157947,9.211232758,10.11472348,10.1694526,10.18368297,10.35446357,10.39317025,10.6476984,10.59099623,10.20571667,10.31059753,9.136305053,9.129498714,9.467304593,9.603086289,9.747740246000001,9.656868388,9.573318172,9.723666262,9.630049711,10.26174139,10.29304892,10.04971777,9.139464887,9.298912417999999,9.614560566,9.839355229,9.822454228,10.27239982,10.31093849,10.14346795,10.06418249,10.08482276,10.33907674,10.17273713,10.2274914,10.51694865,10.19317186
Ga0242637_111551,8.566438667,8.706809861,8.602421312,9.090135662,9.045498907999999,9.021472685,8.9559532,8.792131067,8.79935222,7.433547515,7.443886158,7.390066109,9.194484447999999,9.016593999,9.114170443999999,9.256502401,9.328958724,9.477960957,9.245017961,8.811353644,9.009125435,8.08150847,8.122255773,8.398044766,7.72098703,7.499010587000001,7.667002936,7.933786946000001,8.157773628,8.224774522999999,8.584260912000001,8.632183487999999,8.454119486,7.827894914,7.773746999,7.981258144,9.183541757,9.093848223,9.292951197999999,8.894175678,9.336759119,8.716592476,9.009699224,8.731925808,8.593415834,8.575273595,9.026821419,8.966027197
Ga0242637_111552,9.456984996000001,9.35603578,9.627358682,9.495184894,9.314334306000001,9.348514124,9.016122997,9.140259354,9.332509936000001,9.174635084,8.846396521,8.96576579,9.466599054,9.538615787000001,9.279674468,8.986222655,8.996426545,8.958782687000001,8.993336937999999,9.266420525,9.273975259,8.69683798,8.720244913,8.682304457999999,8.900970323,8.953517848999999,8.874935231,8.927314759,9.129176734,8.869077517000001,9.185222435,9.116782577,9.26305617,9.218847638,8.920809302,9.237152391,8.629186868,8.706345922999999,8.395959611,7.972736822000001,9.36035851,9.34477505,9.424817893,9.152139576,9.365546372999999,9.298527966,8.316244755,8.282279841
Ga0242637_111553,7.837516106,7.875791571000001,7.435319747,7.623444436000001,7.411917569,7.606583463,7.627599934,7.196135551,7.305384634,6.41625629,5.873434585,6.679129400000001,7.0128881970000005,7.400709795,7.692523344,6.500697955,6.514114227,6.613512954,6.009089276,5.540133262,5.538577275,5.094429967,5.719373603999999,5.587314472,7.101119415,7.26064063,7.209236527000001,7.535380139,7.317938900000001,7.497402861,6.674826565,6.920543805,6.873462762999999,6.276822734,6.015773707999999,6.502016571,5.650022798999999,6.38244659,6.600042576,6.710858849,7.198422224,7.251998535,7.057372902999999,6.890922161000001,6.3290014789999995,6.900599481,6.806988873,6.462210128
Ga0242637_111554,10.48426823,10.37608222,10.47998662,10.33190922,10.16043005,10.15035675,10.23452679,10.20556971,10.3145534,10.15744457,10.06629844,9.846855497,10.1540135,10.225900900000001,10.28999747,9.853451967,9.819373845,9.729918752,9.678571604,9.467209566000001,9.580258311,8.374341716,8.364242692000001,8.731920269,9.973540646,10.08084073,9.791208837000001,9.712467776,9.890466551,9.766585585,9.975173526,9.90112665,10.14982741,9.654107277,9.367795538,9.625478837000001,9.165378165,9.117500279,9.050354964,8.655708394,10.66321008,10.54076642,10.72711598,10.03950818,10.23434668,10.21468325,8.885142085,8.558828677000001
Ga0242637_111555,8.280748695,8.401744658,8.764066139,9.07360111,8.865902642,9.015409191,8.940009343,9.035960269,9.146412278,9.422171628,9.546053029,8.884103153,8.765910848999999,8.597805985,8.582948462000001,9.911923099,9.848670338,10.07106512,10.97096204,11.44651522,11.36905242,12.64037718,13.25660059,11.92341888,8.481760786,8.315669852000001,8.623235893,7.98119845,8.157773628,8.285939982999999,9.263939985,9.231091541,9.352524729,9.510057516,8.757310389,9.017686176,9.589845744,9.939867511000001,9.588618486,10.11408324,10.38449115,9.9856252,10.63781881,9.659632112,9.753020944,9.638400874,10.33389347,10.32927455
Ga0242637_111556,11.16634147,11.1334767,11.35018663,11.55746191,11.68759847,11.65222165,11.55648242,11.61273444,11.55736538,11.6050148,11.56987533,11.26542765,11.32603299,11.13348897,11.02820721,12.34313454,12.32356584,12.40297959,12.96840409,13.35528498,13.28606571,14.65759088,15.31055243,14.1489518,11.41277113,11.24330391,11.50177614,10.88614354,10.95901858,11.01365942,11.66443078,11.54305203,11.7796459,11.97876008,11.25382138,11.5535168,12.00988354,12.29457431,11.98721063,12.4525325,12.14183458,11.84717894,12.29011855,12.00675379,12.34455723,12.11287256,12.47433868,12.5055597
Ga0242637_111557,9.808152122000001,9.974596127,9.962709891,9.860110683,9.810357707,9.970869453999999,10.07851811,10.13626179,10.05429975,9.658322957000001,10.06933892,10.16633947,9.771154618999999,9.710626607,10.04051894,9.294191297000001,9.420995843,9.753774091,10.24865988,10.42715827,10.4351082,11.34840124,12.10167776,10.86547677,10.00443737,9.969579601,9.910030377,10.40733541,10.49378696,10.61793432,10.53285581,10.59154166,10.4551716,10.18538172,10.32518713,10.32458989,9.649866473,9.875435605,10.09556848,8.919805379,8.799328578999999,8.971324292,8.753504693,10.60464238,10.62616657,10.46232682,9.068818092999999,8.689496187
Ga0242637_111558,7.696977232,7.90631771,7.541984447999999,7.2312125410000005,7.362813696,7.220252229,7.222097698,7.339417472999999,7.1273072,6.48765592,6.34516328,7.213027705,7.243164129,7.547979904,7.719640401,5.334814583,5.559229,6.070162842,6.140935227999999,6.391612815,6.562648145,8.916795279,9.680964617999999,8.254525462,7.259331327000001,7.7290392070000005,7.673418308,7.928421482,8.304488364,8.098942794,7.436449025,7.78773956,7.172867403,7.3646614779999995,7.031211031000001,6.637788707,5.650022798999999,5.8711413839999995,5.9421174489999995,5.778988445,4.944709092,5.275578888,5.353497345,7.705690569,7.515619491,7.551773487,5.408498381,5.131981726
Ga0242637_111559,8.313206406,8.432030276,8.452871742000001,8.164474683,8.034954245,8.132592724,7.931687644,7.875592117,7.960426654,7.374562795,7.199263142,7.6167797429999995,7.793400833,8.313859136,8.280142442,7.180428965,7.431766887999999,7.515073851,7.550534334,7.481048008999999,7.390508944,8.997217472,9.546324471,8.363481405,7.867830652,7.831611942,7.692494919,8.52693121,8.584979693,8.503882124,8.163323423,8.474011045,8.030302472999999,8.240157753,7.646420202000001,7.749339487,7.473160292999999,7.403416726000001,7.644316024,7.026336552999999,7.299591767000001,7.357903407999999,7.400505644,7.878027682999999,7.750692193,7.6798128310000005,6.806988873,7.018792362999999
Ga0242637_11156,2.7843994210000003,3.0479219410000002,3.0999819539999995,3.16318366,2.4640428340000002,2.6922148339999996,1.764951351,2.8930991230000003,3.2040458910000003,3.874070482,4.306336811,4.024865287,3.53504885,2.587354007,2.836309725,1.764951351,2.783394397,3.601460762,3.409865375,4.182356513999999,3.469757717,3.735313503,4.109167166000001,3.390490989,3.5443074930000003,2.904468678,3.19503281,2.7970937510000002,3.454475608,3.209420395,3.821877488,4.096620832,3.634407682,4.243951367,4.344097046,4.223785943,3.19781202,4.3045167,1.764951351,2.682367728,3.084464068,3.9122902089999996,3.283209092,2.9134069030000003,3.190463246,2.9136076980000003,3.442297762,3.045854701
Ga0242637_111560,7.449297286,7.677675643,7.327164497,7.163347551,6.943371332000001,7.103094337000001,7.147656416,7.060854521,6.661430519,6.968699735,6.776231467000001,7.033786479,6.946652267999999,7.341358828,7.319745954,6.635096769,6.881488354,6.962163197000001,6.962743522,6.368489265,6.295147771,5.997163747,5.996728318,6.40791227,7.211220265,7.56289183,7.391528032999999,7.386781772999999,7.32466716,7.274019817999999,7.151691147,7.318457523999999,6.961478997,6.755715147999999,6.165142749,6.629125069,6.311006991,6.38244659,6.944911959,6.019942892,6.4242548479999995,6.499590174,6.543593774,7.1966511870000005,6.885186692,7.1594421729999995,6.247439525,6.059163999
Ga0242637_111561,8.508051934,8.487877818,8.490954858,8.18856405,8.250774937000001,8.219561936,8.339812563999999,8.361387987999999,8.126026319,8.718548535,8.131597673,8.154600109,8.277892225,8.272103392,8.636092135,7.937560045,7.85128073,7.964595047,7.745030214,7.857866897,7.928860299,7.403161433999999,7.649005937,7.433090161,8.998641272999999,9.124868428,8.655992872999999,8.652632496,8.833919796,8.67041933,8.475988612,8.413313261,8.443976754,8.387930943999999,8.127110704,8.250358665,7.741914006,7.833018665,7.536889921,6.961959372999999,8.268638982999999,8.04086115,8.080645417000001,8.155787039,8.25415446,7.981523161,7.29403857,7.081100124
Ga0242637_111562,7.303390683,7.447935677,7.560014947999999,7.491320699,7.543645776,7.488946661,7.384124419,7.181716403999999,6.822350273,6.718816836,6.460998303999999,6.8290344339999995,7.227312863,7.123763842000001,7.289896453,6.299413316,6.221139128,6.1036337529999996,5.169295709,5.2661502030000005,5.4081854620000005,5.37897011,5.37497316,5.138108701,6.80945343,7.073904935,7.079947528,6.710082709,7.255927999,7.128881181000001,6.639793323999999,6.79521804,6.71364542,6.595550601,6.591634251,6.539493293,6.243220588,6.216819847000001,6.353866272,5.44242395,6.785088255,7.027862944,6.7605736720000005,6.909215849,6.566864648999999,7.219322549,5.363917751000001,5.401599866000001
Ga0242637_111563,3.79986984,4.011185824,3.3742476210000003,3.9748242310000004,3.404506301,3.9538468489999996,4.028820076000001,3.437259219,3.495777414,3.450563658,3.6635147669999997,3.5782764410000003,4.7121471669999995,3.917412155,3.632975974,4.163986673999999,4.409928452,3.9532778719999997,3.7340261939999997,4.287870375,4.066657595,6.155449891,6.229043205,5.634681831,3.930480587,4.235484963999999,4.436793403,3.720385549,3.743072834,4.459612024,3.7303142510000002,4.013713061,3.634407682,5.84892586,3.463431424,4.442900175,4.995296209,5.335555734,4.4232196539999995,5.661866713999999,4.198123123,3.9122902089999996,2.667729675,3.991601604,3.712631568,3.991945537,5.534437141000001,5.929396152000001
Ga0242637_111564,4.349151887,3.942239546,3.867591407,3.8347331430000002,3.9848634689999995,4.0230464239999995,3.824625541,4.025988985,3.495777414,3.780802703,3.795137545,3.5782764410000003,3.642811276,3.917412155,3.925317194,3.3312073310000003,4.347036161,4.34968863,3.409865375,3.4707135389999997,3.2608517239999997,5.954705207000001,6.067026782999999,4.845648752,5.194391513,4.7662066030000005,4.436793403,4.613261821,4.685497855,4.396006508999999,3.987546693,4.825903146,3.9907369210000003,4.897392191000001,4.344097046,4.175373085,4.615431697,4.737982187,3.938295756,6.170220277,4.425862026,5.010237392,3.9712646019999998,3.465722858,3.4799555860000004,3.6667322610000004,5.757208706,6.027805793
Ga0242637_111566,8.629014247,8.827916202,8.631125298999999,8.819696112,8.853264892999999,8.879584134,9.125900421,8.910477465,8.95154802,9.17030792,8.735922092000001,8.736801467000001,8.904372506,8.842098084,8.849542629,9.294191297000001,9.419137091,9.537198233,9.788960399,9.838759397,9.721159366,9.228035025,8.874833422,9.25369229,9.008054279,9.166574414,9.01535641,8.602985131,8.873444952,8.686710654,9.114760182000001,9.083083257,9.032065167999999,8.728966892999999,8.406974492,8.754761801,8.990712412,9.001529964,9.314153276,9.431300654,9.559908803999999,9.359010115,9.864233479,9.355790705,9.154099201000001,9.181160716,9.518560662,9.483823172000001
Ga0242637_111567,5.740242287999999,5.653325594,5.937310685,5.778464962,5.4849991860000005,5.469694346,5.708318032999999,5.124648336,5.40333455,5.736265317999999,5.454693014,5.532647821,5.557342343999999,5.458683587,5.728261317,5.105299126,5.586119897000001,5.5684664370000005,6.238335006000001,6.480559145,6.343331071000001,7.200583786,7.272294658,6.6103830089999995,5.84942864,6.468220627000001,5.61826134,6.435031687,6.204339683,6.100672285,5.816996737,5.491598912000001,6.017063725,6.123562943,6.23437802,6.021905127,4.818200909,4.966460517,5.204594678,5.661866713999999,5.7081519489999994,5.2263368560000005,5.025201303999999,5.28672757,5.582626785,5.169734368,5.791183595,5.299807274
Ga0242637_111568,11.33338445,11.11958877,11.38262065,11.45267528,11.47515798,11.47909147,11.36341487,11.54784574,11.55648633,11.07023583,12.03086682,11.65369218,11.04740578,11.10478839,10.70270276,11.7233521,11.57749541,11.5153263,12.15119863,12.43333252,12.33633911,12.53252029,12.68589682,12.55463844,10.57082315,10.52237635,10.85220593,10.44068913,10.56083007,10.51221635,11.72411762,11.87103869,11.63149429,11.08322843,10.74991445,11.07810476,11.45692412,11.57159273,11.22940399,11.24084439,12.05100779,11.84465212,12.18840141,11.26695144,11.36819757,11.40228504,11.34441463,11.40825192
Ga0242637_111569,10.96276378,10.86817926,11.12099429,11.08902269,10.711369699999999,10.85436266,10.50083378,10.79813832,10.97270929,12.05011023,11.50454916,11.24012355,10.91952502,11.10478839,10.6590227,11.60292758,11.623823800000002,11.57456679,12.74761632,13.03051471,12.99876212,12.51987164,12.41646185,12.52014624,10.76653127,10.8674631,10.39060586,10.39280148,10.51157905,10.36004341,12.22558152,12.31544609,11.70340262,11.37653751,11.13633718,11.45902334,11.75442956,11.23433428,11.282685699999998,10.44494967,11.06618436,10.99271044,11.14830242,10.75811933,11.25914959,11.042647599999999,10.54076882,10.52677354
Ga0242637_11157,7.202997149,7.453853444,7.473873642,8.08236571,8.121825035,7.797746339,7.994796031,8.004031318,7.767247445,7.074439242,8.243516599,7.967535689,7.887151058,7.785429722000001,7.737439207,7.608133735,7.611854076,7.616888534,7.452637006000001,7.321846273999999,7.207638899,7.200583786,7.030402324,7.336571028,6.15153208,6.064180427999999,6.4014584789999995,7.637568973,7.648012842999999,7.866979213,7.78507701,7.343082005,7.8215439270000005,7.814324786,8.774809722,9.098273877999999,9.174488548,9.721889931,9.715728061,9.947569368,8.92673738,8.351142043,8.065915025,7.61948017,7.501364735,7.674476058,10.18909255,10.071918
Ga0242637_111570,7.4047967770000005,7.732250682,7.548019704,7.250964144,7.274536619,7.275442914,7.069159153999999,7.060854521,6.977635342,7.999786717,7.316553644,6.8290344339999995,7.502190467999999,7.443672476000001,7.422358543,5.860616327000001,6.320261717999999,6.27495696,6.4962612989999995,6.543835915,6.366830345,5.771053014,5.37497316,6.038029805,7.798991627,8.308913039,7.467333769,7.053692442999999,7.115537856,6.723795598,7.2085507479999995,7.4602639889999995,7.236958876,7.4894684410000005,7.178804906,7.6964623560000005,6.243220588,4.608026708,5.681317807999999,4.545835038,7.313481831,7.264157407000001,6.965071762000001,7.23340445,7.2686738,7.112840309,5.0051764169999995,4.798593744
Ga0242637_111571,8.115737495,7.96549732,7.791289034,7.68280585,7.556180061,7.627941741,7.54038193,7.504903509,7.626873654,7.94510419,7.849738147,7.646442088,7.42786335,7.673593547,7.674157782000001,6.942083727999999,7.379175699999999,7.483706892000001,7.87918812,8.345574697,8.174661169,9.982379576,10.27866917,9.797516672,8.118739089,8.214455562000001,7.830923328,7.708157073,7.61546471,7.239082336,7.852869772999999,8.112866257,7.678895669,7.786795313,7.520651021,7.725175363,7.284016434,6.5309503410000005,7.1215892389999995,6.859655011,7.656331627,7.508581239,7.458061492000001,7.580079252000001,7.412743016,7.4678767310000005,6.839728414,7.081100124
Ga0242637_111572,10.04517865,10.05851809,9.841450381,9.431731803,9.38627634,9.395959436,9.155543368,9.106324014,9.223755142,10.05202788,10.15340391,9.945577097000001,9.381472471,9.572334619,9.520953209,8.30289545,8.214952426,8.210464453,7.833250085,8.022227391,7.735122792,8.239758977000001,8.378099462,8.15294426,10.10106265,10.43820013,9.741713276,9.767582395,9.79683453,9.5645643,8.867472187999999,8.84820559,8.919452146,9.722285671,9.437206711,9.458455382,7.559172932999999,7.549724815,7.5170726629999995,7.026336552999999,8.36512361,8.298931105,8.172891735,8.819099547,8.878948357,8.848337834,7.282181959,6.970226897000001
Ga0242637_111573,7.985844944,7.8491019479999995,8.021234957,8.290659349,8.155159352,8.223074282999999,7.800949214,8.008121707,7.855677999,8.075797199,7.762239407999999,7.407496925,8.274041196,8.043004279,8.064448387999999,8.053998234,8.244646037999999,8.328136675,9.110287841,9.442551047,9.239442717000001,8.031456136000001,7.85132434,8.431799251000001,7.982111402,8.045895548999999,7.7901818039999995,7.339041722999999,7.338030185,7.109666259,8.730035504,8.731860517000001,8.20062994,7.7009056,7.78530693,7.800346009,8.41527722,7.650468439,7.989283892,7.458294252000001,8.784451604,8.339701844,8.658526239,7.75201068,8.166551345,8.069529036,7.429194995,7.431262679
Ga0242637_111574,8.682790899,8.704330567000001,8.543240771,8.397858999,8.254624592999999,8.440819977,8.137958935,8.2274693,8.18637619,8.65492873,8.205325005,8.200308355,8.458404978999999,8.759519481,8.602500719,8.560796068,8.740676517,8.902981818999999,9.305139177000001,9.82186288,9.686620663,9.542244894,9.950384826,9.678851326,8.880616737,9.061968174,8.722452574,8.703771422,8.645324952000001,8.492806476,8.163323423,8.24935542,8.188530243999999,8.20592684,7.978950457000001,8.163122049,8.368406927999999,7.9297252270000005,8.031796209,8.44827088,8.126430816000001,8.14968974,8.109662395,8.244852268999999,8.262629092000001,8.325856257,8.521733186,8.547845477000001
Ga0242637_111575,9.212223819,9.110402883999999,9.176091632999999,9.007435718,9.084949217,8.953329836,9.115291056,9.013757266,9.014357125,9.12630704,9.122974155,9.020581016,9.269893107,9.193367077000001,9.401869426000001,9.08335906,9.207141548,9.243476158,9.489170945,9.826105598,9.872232269,9.271801562,9.41471605,9.515320309,9.511744333,9.645534202999999,9.260839202,9.457046627,9.431351607,9.354259551,9.119001673,9.147385227000001,9.085237891,8.862407432000001,8.653925735,8.878579761000001,8.791946613,8.909686844,8.772539825,8.635225549,9.438459684,9.449595054,9.549164922000001,9.214105116,9.373392245,8.973095142,8.762548091000001,8.684490553
Ga0242637_111576,7.150049916,7.230747977999999,6.9705861570000005,7.4463490320000005,7.251595909,7.447500102999999,7.556161744,7.313201381,7.146138354,7.49714249,6.971043474,7.182973767000001,7.251024861,7.386099572999999,7.383316891000001,7.857415906,8.112846003,8.056986409,8.763668091,9.104695521,9.056782975,8.843274473,8.698322398,8.821223372999999,7.42315392,7.5910187129999995,7.319717803,6.818556632999999,7.010940497000001,6.956754693,7.71393922,7.6563839279999995,7.751983022999999,7.307677302999999,7.031211031000001,7.543638126,7.692022105,7.549724815,7.755608973999999,7.481435096,7.924092957,7.852447594,7.9014188889999994,7.52778539,7.529734682000001,7.658346193,7.6482088820000005,7.382624555
Ga0242637_111577,10.52813138,10.49989536,10.49879767,10.33422454,10.34686439,10.34503739,10.42911725,10.33574527,10.39444908,10.47239631,10.35373032,10.37778802,10.11472348,10.2998349,10.28622447,9.938130708,9.830604677,9.88437736,9.872702165,9.945962247,9.922569447,9.301666784,9.185727821,9.434382634,10.33033473,10.52310624,10.320824,10.27093728,10.43284348,10.46388433,10.08656858,9.925779377000001,10.26855867,9.90085488,9.982750832,9.924963714,9.431670561,9.146530239,9.392356199,8.655708394,10.17232479,10.44259121,10.26002853,10.36992503,10.18393357,10.31324111,8.787914568,8.508732019
Ga0242637_111578,10.23394471,10.34458882,10.11779509,10.14144976,10.12091103,10.15771592,10.286675099999998,10.22853601,10.32284844,9.638097681,9.517395806,9.613416377,10.0787548,10.287445300000002,10.22762558,10.50815106,10.70222381,10.77425312,10.7723101,10.87597984,10.80717299,10.639552900000002,10.83925766,10.70635509,10.27585443,10.28482988,10.19496677,10.21144604,10.29666943,10.14698683,10.05813591,10.09353001,10.32306754,9.517053812,9.428019711000001,9.730344061,10.21098204,10.42292202,10.51059771,11.26354095,10.66862127,10.26045995,10.61143728,10.31357114,10.29962204,10.20638899,11.21715283,11.32466185
Ga0242637_111579,12.516414,12.59540842,12.628288699999999,12.35442103,12.392119300000001,12.4405155,12.69310243,12.79489478,12.86301497,12.18571648,13.26717177,13.16095389,12.22489082,12.3397156,12.32992239,11.54371002,11.45901849,11.44990259,11.68583564,11.46431725,11.54901806,10.94681628,10.32232089,10.66863533,12.38049637,12.36632998,12.51042212,13.11714263,13.26230131,13.42030266,13.19535715,13.2239261,13.09241261,11.87666253,12.66465548,12.6753598,11.14562776,10.99676521,11.27484239,10.921619699999999,11.21691019,11.48002351,11.126288699999998,13.08031304,13.43852046,13.09974995,11.14373715,10.82622621
Ga0242637_11158,5.1918384710000005,5.54610883,5.739873769,5.900555853999999,5.854628971,5.421298715,5.134278631,5.241402178,5.43448405,5.561397691,5.695239995,6.10415414,5.770013193,5.321197417,5.537352457999999,5.78534409,5.224151297,5.2157469,5.558442277999999,5.2148792639999995,5.16019695,6.298008836,6.346665849,6.7668268760000005,5.194391513,4.805726889,4.765490421,5.112534724,5.29670126,5.56276213,5.196869523,5.268303597,5.028947718,5.678973714,6.182766912999999,5.48062052,5.29418298,5.628299527999999,5.027402438,5.182918672,4.944709092,5.618061775,5.660000498,5.199576963,5.139386515,5.041675762,5.534437141000001,5.401599866000001
Ga0242637_111580,9.729173218,9.878908668,9.727780485,9.450351134,9.54242928,9.621612532,10.06296016,10.06148896,10.05803124,9.238031655,9.645154477,9.954495062000001,9.077846648,9.475631809,9.533739224,8.497579492,8.353773275,8.202781176,7.703073711,6.296799737000001,6.412707192999999,5.954705207000001,4.840645444,5.680529589,9.710768129,9.978121959,9.770417745,10.38401031,10.39659878,10.48453043,9.828787339,9.8562316,9.880805667,8.626589032,9.440865192999999,9.479068096,7.8595768679999995,7.91630075,8.117629001000001,8.522642102999999,8.391545365,8.412490905,9.113611813,10.09844521,10.09183026,10.05242859,8.674619101000001,8.456832689
Ga0242637_111581,6.558125456,6.611602823999999,6.660834089,6.747331858,6.7163606410000005,6.639118902000001,7.147656416,7.02090724,6.687388565,7.404356826,7.03469228,6.693420692,7.334776408,6.8813272439999995,7.56873968,7.506680518,7.631256856,7.53357159,7.452637006000001,7.183123469,6.905001625,6.5466481420000004,6.760864569,6.6338002970000005,7.836466595,8.000486818999999,7.200376567999999,7.432991311,7.168864803,7.766313475,7.2400623060000004,7.179511439,6.702332816,7.0996027470000005,7.874594502000001,7.148689,7.836799837999999,7.698317935,7.732882095,6.477363137999999,7.1527909229999995,7.251998535,7.315859932,8.44919527,8.082884413,7.821745987000001,6.5931841129999995,6.596347517000001
Ga0242637_111582,7.1855633260000005,7.054990806,7.1559291929999995,8.010823127,8.083379308,8.470674082,8.83184367,8.908290772,8.927271187999999,10.111917,10.88836479,9.518383734,7.912146467,7.448368019,7.950807837999999,9.561954867999999,9.512750401,9.702941795,9.064638817,9.115135534,9.016560626,8.185866497000001,7.861225356,8.254525462,9.821683215,10.23045186,9.267213745,7.583970816,7.519042742999999,7.982349519,9.612702583999999,9.53871221,9.285948856000001,10.65121139,10.32320637,9.810986169,10.07651386,10.47191046,10.34723573,10.1233045,9.669225913,8.978718273,9.704626068,9.641979193,9.478976475,9.221963184,10.26330895,9.993142074
Ga0242637_111583,7.211635605,7.130844258,7.0662358439999995,7.923291915,8.121825035,8.318100162999999,8.765540559,8.884015802,8.704130178,9.67521793,10.60591819,9.250383481,7.877030314,7.689544647000001,7.697078416,9.785310237000001,9.893538376,9.791396800000001,9.441495100000001,9.125500536,9.255241873,7.675059347,6.843156365,7.806930249,9.515049165,9.64821307,9.074708664,7.082976767999999,6.804950083,7.489993287000001,9.546539965,9.226688932,9.285948856000001,10.55388021,10.4610969,9.975334529,10.45480462,10.76931719,10.62761326,10.23300497,9.742896627,9.274420511,9.718818391000001,9.635131673,9.594240532,9.418276338,10.43636518,10.32606407
Ga0242637_111584,8.078455307999999,8.389450089,8.145827812,8.770389483999999,8.845628756,8.884028061,10.06019714,9.98366664,10.01388482,10.16941872,12.31069909,11.43802697,8.281733000000001,8.334292282,8.31907332,9.067617109,9.332913153,9.417846724,9.203498439,9.49678637,9.298580595,8.709625075,9.292009527000001,9.03834752,8.626296461,8.913993646,8.405494693,8.110010428999999,8.027785487000001,8.41280015,11.36832506,11.60372545,10.52498851,10.14168899,11.02070538,10.89757994,10.04208774,10.77118233,10.38324655,10.8478847,9.628155267999999,9.444264032000001,9.704626068,9.011164342999999,8.948877596,8.871838278,10.84259263,11.02641507
Ga0242637_111585,8.045023593,8.370809482,7.846194201,8.03759558,7.903811771,8.165823742,8.137958935,8.040433768,8.092453029,8.245844668,8.003914283,7.812640937,8.304565317,8.492656625,8.413421939,8.124174041,8.122017438,8.397087127,8.069520226,7.643767938,7.928860299,6.629823533,6.289057454,6.888596116,8.58600805,8.900574544,8.700637797,7.805029891,7.955951815,7.790639511,8.219712317,8.389876514,8.155759169,7.910994947000001,7.767932094,7.7413296879999995,7.640341822000001,7.729357615,8.169320128999999,8.226594699,8.769419598999999,8.373753776000001,8.682863538,8.566137386,7.877505654,8.208926505,8.083385014,8.098787236
Ga0242637_111586,3.893771605,4.684705087,4.77944872,4.271266876,4.1996928989999995,4.77845092,5.07653965,5.0624516139999995,4.569903974,5.017927646,4.218583159,4.7960525910000005,4.92643527,4.578977647,4.500591236,5.437019741,5.001430864,5.2157469,5.480689365,5.106417025,5.4529875489999995,4.257192719,3.7987871739999997,4.475591067,5.410032329,4.6836464069999995,4.003383257,4.309413512,4.176888662,4.459612024,5.260192441,5.605065865,5.232993875,5.121895423,4.998102894,5.40102619,4.995296209,4.737982187,4.587683268,4.791768251000001,4.425862026,4.950622766,4.962237235,5.520094777000001,5.409254872000001,5.342441495,4.437674205,4.941547642
Ga0242637_111587,9.172972758,9.051151428999999,9.118467652,8.726406597999999,8.737002336,8.787703597,8.735834909,8.65800402,8.665513918,9.634960779,9.895229678,9.672261879,9.088848476,9.250922839,9.152808992999999,9.460129504,9.489910388,9.690635612000001,9.859396729,10.02375102,9.946121328,8.894569957,8.40541993,9.007342394,9.621600727999999,9.592276716,9.530082542999999,9.200869976,9.266494352,9.219671045,8.875015467999999,8.984830203,8.805243173,9.315114375,9.322901842,9.05531642,8.706594123,8.558655828,8.780871272999999,8.418613498,8.118543228,8.630021438,8.087954576,8.887540485,8.974895908999999,8.975266503,8.706007567999999,8.480129891
Ga0242637_111588,10.66015195,10.6178746,10.82745597,11.07524693,11.02763767,11.16716527,10.92653964,11.04401539,11.08303789,10.84579455,11.70942649,11.14334898,11.24229054,11.18114764,11.03406839,11.75563942,11.65574585,11.70196812,12.18777788,12.25009715,12.21959578,11.36768923,10.96736676,11.52102951,11.07325227,10.94630885,11.06655065,10.61943458,10.63236849,10.70528071,10.96619237,10.882073599999998,11.02369079,11.1630019,11.10727961,11.4052374,11.49378285,11.49353118,11.27974945,12.26613347,11.92045162,11.53747682,11.80349366,11.51946634,11.81604255,11.65682422,12.13828762,12.44617446
Ga0242637_111589,6.675250136,6.9331528339999995,6.6938959879999995,6.962338462000001,6.933793005,7.040738219,7.0544158370000005,6.715202637000001,6.956450657,6.542329006,6.128586255,6.146374915,7.170418827000001,7.236663984,7.455001337000001,7.306551457,7.251233776,7.496335687999999,7.124127892000001,7.22230027,7.071413057000001,7.253959365,7.928692011,7.953577573,7.194819596,7.432166968,7.375876508999999,6.930213055,6.755985848,6.711096695,6.423343485,6.771211663,6.747059475,6.933716975,6.467827035,6.637788707,7.026523678999999,6.874497956,7.399318742,7.817750045,7.840244568999999,7.644990466,7.997700507999999,7.181683359,6.566864648999999,6.715394002000001,7.562593172000001,7.817100771000001
Ga0242637_11159,7.441975277,7.160101826,7.652545107999999,7.739819755,7.743189742,7.423270126,7.02446874,7.076528389,7.088890139,7.455059061,7.376722865,7.8449794939999995,7.669866892999999,7.485391741,7.247040563,7.49495429,6.870639231,6.703463936,6.609726987999999,6.7898218539999995,6.920949772,7.523947969,6.82302007,7.322239463,7.219351136,6.723522646,7.641052142,7.470399041,7.191128637,7.397974208,6.603886066,6.734434537,6.932733707000001,7.370856203,7.9586746470000005,7.11807531,6.497069943,6.981559298,6.412328129,7.5377125110000005,6.765001227999999,6.984418966000001,6.7605736720000005,6.8816874420000005,7.31831415,7.197157953,7.091526534,7.501274863
Ga0242637_111590,9.582114889,9.561764375,9.54075614,9.872908041,9.81557862,9.793263475,9.619402654,9.452361978999999,9.467702112000001,9.866559816,10.48589673,9.63021072,9.88029408,9.662960469,9.845101322,10.09583535,10.19668948,10.25874149,10.16769889,10.34527818,10.31663333,9.745277641,10.02052454,10.01574545,10.03928414,9.994003811,9.726373091000001,9.655163646,9.505735869,9.52524711,9.457234742,9.433761322999999,9.330672383,10.16236271,9.882739727999999,9.907178502999999,10.09102009,10.06981355,10.02951543,10.47695362,11.13033899,10.62798978,11.35854237,9.702186825,9.650208956,9.434148847000001,10.25423803,10.45216512
Ga0242637_111591,9.827941387000001,9.769322297,10.00169878,9.941333572000001,9.951028943999999,9.823653838,9.558052135,9.721315933,9.611758632,9.693425917999999,9.971970076,9.764735598,10.16964199,9.898142122000001,9.887555746,9.688281666,9.649038439,9.487477441000001,9.154536552,8.695541097000001,8.940425785,7.523947969,6.976738986,7.446365815,9.215264788999999,9.251828421,9.309005705,9.244694461,9.102030689,9.136721814,9.168950039,9.015780812000001,9.440172702,9.55561815,9.375462494,9.241417148,9.061172177000001,8.99516017,8.869475321,7.548709099,10.41217505,10.37835504,10.34939963,9.802163749,9.965167817000001,9.945746763999999,7.984447166,7.280129452000001
Ga0242637_111592,8.566438667,8.788666383999999,8.631125298999999,8.641698476,8.68660081,9.013382349,8.96385953,9.344901784,8.891467252,8.345169131,8.499400812000001,8.625801841,8.363741436,8.494927268,8.952167766,8.632101292,8.827326267,8.81249011,8.738969786,8.713974892000001,8.607773209,8.877673323,8.88941878,8.871282886,8.635436133999999,8.64831292,8.659228027000001,9.148768867000001,8.893939684,9.293861381000001,8.48258758,8.681274845,8.929179709,8.44480884,8.644437576,8.561354426,8.533293443,9.007871755,8.885016356,9.178775378,8.468025172,8.567645699,8.638756368,9.289305985,8.665484706,9.289831052,9.106269692,9.05404263
Ga0242637_111593,10.87308855,10.97436424,10.81249715,11.31917401,11.20122349,11.34369187,11.342342,11.4677018,11.38982191,10.85526002,10.88491748,10.88494257,10.77579665,10.81655808,10.81903443,10.92223723,10.90442045,10.97081073,11.053398699999999,11.07626635,10.90154804,11.23357752,11.26915895,11.18734328,11.02712506,10.861704099999999,11.12035545,11.13812745,11.16837682,11.3608905,11.17919522,11.07747942,11.34035578,10.53952197,10.67966181,10.886730499999999,10.93663241,11.01576904,11.11983448,11.51824205,11.19645209,10.94538228,11.00606671,11.64440918,11.87801941,11.70406479,11.53123456,11.71296217
Ga0242637_111594,10.92059895,11.07758334,11.01009206,11.3168344,11.32948006,11.32869257,11.30392881,11.33765231,11.38982191,10.40586094,10.59541051,10.66535368,11.0033148,11.09434475,10.91353453,10.69648749,10.41851127,10.2817131,10.08682441,9.697698778,9.684288414,9.990260767,10.31513671,10.01128747,11.26210163,11.22457962,11.40441076,11.06728721,11.05414929,11.32907264,11.19986444,11.09750948,11.31461148,10.37675681,10.66644173,10.97730243,10.59710478,10.54785891,10.63222488,11.57176324,10.86758975,10.75074955,10.89483754,11.77348834,11.77738898,11.78241227,11.37263054,11.61376657
Ga0242637_111595,12.98086461,12.9781667,13.12085706,13.07564801,13.14879479,13.07542794,13.02359678,12.99952329,13.058691900000001,12.66143709,13.42681726,13.43152189,12.97103141,13.05373255,12.86703976,13.17251177,13.07745318,13.07785503,12.94362575,12.76647334,12.79336139,12.21033105,11.98316471,12.2561901,12.79614999,12.55122318,12.94880692,13.09247165,13.20729814,13.28547985,12.77601717,12.73110406,12.7611647,12.64743407,12.60680205,12.544426800000002,12.12007887,12.11162335,12.1099377,11.58183198,12.58654035,12.63362338,12.73038458,13.06408996,13.08813749,13.03083377,12.03746858,11.55807135
Ga0242637_111596,7.06679244,7.324173116,6.934167344,7.457724152000001,7.251595909,7.379862271,7.9397288779999995,7.64284881,7.666532472,8.019168194,6.944775112,7.099623768,7.119798335,7.494500989,7.507815324,8.146827168,8.487511987000001,8.674878878,8.961666069,8.657951391000001,8.679787755,8.28318048,7.85132434,8.284394531,7.72098703,7.99207485,7.667002936,7.828264337,7.344665527,7.504774547999999,8.948355081,9.520843364,8.406164358,7.3646614779999995,7.744435113,7.6964623560000005,8.731500201,8.432325196,8.84319564,9.23770373,8.417491822,7.968422084,8.623749093999999,7.878027682999999,7.676512824,7.840928083,8.869385794,9.249728606
Ga0242637_111597,9.975915612,9.901810093,10.03107207,10.14233089,10.13455287,10.16046595,9.936084461,10.09359779,10.29781886,10.29695073,9.929097753999999,9.652303312,10.36057705,10.17441898,10.14170441,10.85962841,11.02175206,11.10771646,11.49990681,11.56166944,11.56050809,10.80656608,10.47032963,10.82794514,9.987882938,9.87554892,10.03233488,9.312156975,9.478854644,9.27889566,10.29866747,10.20850477,10.26760057,10.01200064,9.805386739,10.20157726,10.46597784,9.995174856,10.07764694,10.65536249,10.6247525,10.35581814,10.58197868,10.20863129,10.49386952,10.27056131,10.84863203,10.86545529
Ga0242637_111598,11.68374165,11.70649393,11.681519300000001,11.05854047,11.06647673,10.92020663,10.34837316,10.37427716,10.54651243,10.79751263,10.65024894,11.15112752,11.57049112,11.63341899,11.38500525,11.41277791,11.10619681,11.05161885,10.91968941,10.63972424,10.58014598,9.66549137,8.860099085,9.618579407999999,10.89066893,10.72120344,10.98768477,11.21614589,11.70501048,11.41028498,10.1005775,10.03682079,10.29982443,10.92863422,10.616365400000001,10.52854759,10.24597266,10.55437219,10.51726131,10.745308099999999,9.148204985,9.645811721,8.990329288,10.09245874,10.14091677,10.37703718,11.00642076,10.75400327
Ga0242637_111599,11.95870624,11.91410194,11.86910887,11.66315354,11.71404904,11.59373964,11.4479312,11.45052362,11.2581494,10.96799545,11.3876206,11.37188799,11.64840673,11.72910285,11.794972900000001,11.21975595,11.04845041,11.07967817,10.39547581,10.13736804,10.11840427,9.173699842000001,8.960212263999999,9.376631116,11.54555123,11.6420694,11.39909963,12.19047071,12.00105634,11.94714878,10.94305479,10.97358944,10.949758500000002,10.90215785,10.72762391,10.62472955,10.55586883,11.06068722,10.87853163,11.61620273,11.08350561,10.796443199999999,11.52191122,10.72109182,11.00766599,10.91725626,11.5078914,11.724590699999998
Ga0242637_1116,2.493146696,2.686586935,2.725182339,2.669405787,2.4640428340000002,1.764951351,2.664422505,2.4271808669999997,2.802740674,2.7737677119999997,2.58606159,3.5782764410000003,2.963087176,2.350359106,2.64618703,2.697953195,2.783394397,2.452468344,1.764951351,1.764951351,1.764951351,1.764951351,1.764951351,1.764951351,1.764951351,2.703120283,2.501599896,2.502396276,2.7038793560000003,3.36495514,1.764951351,2.80145218,1.764951351,2.681282262,3.176288832,2.7892875010000004,1.764951351,2.910528862,2.761863632,3.860946852,1.764951351,1.764951351,3.022421094,1.764951351,1.764951351,2.4396198080000002,1.764951351,2.685057094
Ga0242637_11160,5.003826086,4.51037202,4.737150617,4.866546745,4.867262772,4.739118302,4.3619100589999995,4.893798223,4.387612859,4.11950463,4.6764910319999995,5.041850661000001,4.7577086710000005,4.3921291710000006,4.412551724,4.4900135830000005,4.061476221,3.8739550510000003,3.7340261939999997,4.287870375,4.561457885,4.927376411,4.994320674,4.475591067,4.0874184730000005,4.235484963999999,4.30716112,4.992980103,4.237162325,4.634514988,4.551085283,4.096620832,3.8248971380000003,4.7509363360000005,5.320156877,4.8594032380000005,3.7220789030000003,4.3045167,4.095618047,4.453106302,4.198123123,4.254488025,3.8313353180000003,4.470215957,4.896774386000001,4.900834924,4.145636678,4.798593744
Ga0242637_111600,9.499912258,9.569958173,9.36394303,9.525219242,9.434582812,9.345294926000001,9.445392135,9.310541622999999,9.315983236000001,9.052988972,8.543801143,8.561098114,8.861391119,9.160847449,9.228687027000001,8.005242568,8.286032328,8.313942047000001,8.195897561,8.156340113999999,8.127365532999999,7.635392603,7.542266537000001,7.632092599,9.503448979,9.652222065,9.676158724,9.4974581,9.406207933,9.380534897999999,9.24465961,9.406772211,9.261131946,8.465211106,8.525427237,8.402843272,8.12695937,7.789501663999999,8.227374352,7.132506993,9.298876296,8.989738667000001,9.478632773,9.030080382000001,8.828470221,8.992520727,7.077872535,6.986597971
Ga0242637_111601,9.773583037,9.725981752000001,9.699601114,9.897123468,9.820780708,9.87031312,9.964930783,9.893689556,9.889562047,9.37029823,9.768138363,9.637612573,9.508169662,9.541913561,9.630952234,9.920711974,9.921380917,9.979615431000001,10.33221403,10.374540199999998,10.37997172,9.720222904,9.839587165,9.734002822,9.267146159,9.519526949,9.319267226000001,9.605607616,9.520456249,9.772703134,9.718511569,9.500928572000001,9.656170046,9.161064375,9.316941781,9.41380777,9.337476296,9.278277918999999,9.392356199,8.47156542,9.800718293,9.871103805,9.986581678,9.856160876,9.560274219,9.881211153999999,8.779508541,8.288891595
Ga0242637_111602,10.19963568,10.26523467,10.31642616,10.20270995,10.24121974,10.28161496,10.18803603,10.12782933,10.14129493,9.676744071,10.10829291,10.20172463,10.3386233,10.34206408,10.22526291,10.10164405,10.06142778,9.899901775,9.436383698,8.196225441000001,8.457442716000001,7.087508715,6.4553886270000005,6.869002875,9.616994346,9.228747118,9.764421979,9.883006234,10.07727979,10.00350418,9.78408153,9.701438412,9.870745609,9.417372809,9.644954193,9.586897809,9.520089691,9.283514682,9.653572755,8.24022258,9.961456409,10.02900398,10.12800273,10.40818294,10.69195399,10.48078413,8.679145201,8.029411057999999
Ga0242637_111603,10.09852299,10.09209419,10.10250327,10.05705863,10.01483308,10.16503773,10.25077412,10.10795977,10.34236007,10.16724898,10.59435552,10.39098698,9.856029068,10.192717300000002,10.07853657,10.58480188,10.58360236,10.742812400000002,11.72461406,11.98430475,11.82257775,12.31235082,12.34418881,12.15423881,10.62382631,10.60742744,10.61209589,10.52307423,10.587637599999999,10.738477900000001,10.34828402,10.70032607,10.53855541,10.30095611,10.38717711,10.25528493,10.19316326,9.843880827000001,10.13942187,10.60753849,9.83721675,10.11539236,10.12089523,10.18068849,9.843352715,10.22931188,10.54449421,10.487079800000002
Ga0242637_111604,10.10780333,10.15244948,10.15384739,10.05892641,10.05842486,10.16412453,10.3324311,10.41566039,10.39641543,10.49159951,10.81508886,10.53765309,9.566002233999999,9.763375401000001,9.448529694,10.67197122,10.74217172,10.99880742,12.29332032,12.99774378,12.82942661,13.25798408,13.33616555,13.1281622,9.928399087,9.890333093999999,9.904588703,10.05409171,10.26467726,10.20128964,11.102555,11.29546325,10.80736573,10.465505699999998,10.31326153,10.52213531,10.15685151,9.929883422,9.960292394,10.38026899,9.444781203,9.709411929,9.365914487000001,10.02909874,9.978089106,9.922305021,10.60163655,10.36099243
Ga0242637_111605,9.496383372999999,9.4698807,9.781259896,9.502065996,9.513807046,9.470247011,9.053651372000001,9.249664818,9.473302137000001,9.314530433,8.871000524,8.877866109,9.782041042000001,9.766197879,9.68697041,8.827031202999999,8.824520252000001,8.677652919,9.107074671,10.11846599,10.01269659,11.46044089,11.58358213,11.01547185,9.523278272999999,9.683899174,9.448292834,9.285129676,9.343019122000001,9.20843161,10.012129199999999,9.725040811,9.812812203,9.240990076000001,9.224453504,9.733375212999999,8.791946613,8.262375401,8.275340468,8.170757829,9.42892516,9.364665042,9.392719032999999,9.37400183,9.546460563,9.573955446,8.571273292,8.612524212
Ga0242637_111606,10.07742136,10.19103258,10.24765649,10.01918593,10.01483308,10.07753653,9.718527672999999,9.712570707000001,9.889562047,9.364628105,8.898614941,9.116407636,10.39909432,10.48483454,10.33232645,9.317672415,9.154487114,9.068532048,8.445286348,8.014811191,7.779509718,10.05681895,10.12281643,9.552614431,10.2884621,10.20065064,10.2877637,9.896805916,10.02558976,9.78183109,9.849355418,9.752863239,9.884560177000001,9.759339635,9.553291441,9.666230621,9.080687212,8.89607571,9.050354964,8.92824841,9.983334182,9.919930459,9.84279395,10.00274172,10.20826408,10.1295133,9.092763158,9.01070607
Ga0242637_111607,8.54268259,8.574596319,8.494083527999999,8.646675293,8.709219172000001,8.689570268999999,8.7723097,8.618421252000001,8.639183198,9.176793809,8.777418246,8.843071832,8.537632389,8.589330438,8.440835266,8.694932671,8.473249938,8.586125628,8.146667333,8.087311004,8.092607441,7.182343406,6.802598221,7.523550500000001,8.857370347,8.852599575,9.010298374,8.27550364,8.348055273,8.290211272,8.553250971,8.451547628,8.72095208,8.647144007,8.399473057,8.267190237000001,8.368406927999999,8.584344981000001,8.553385707,7.244976904,9.256382428,9.194119979,9.055152688,8.843068448,8.782068105,8.737574054,7.62961768,7.2397333989999995
Ga0242637_111608,9.783751537999999,10.01416777,9.854897379,9.897123468,9.85794509,9.888119965,10.22057122,10.18494406,10.15529745,9.392758464,10.18878346,10.09419953,9.71403464,9.775566458,10.04588425,8.926384409,9.274485047999999,9.391054915,10.17385432,10.19098824,10.26450567,9.339178244,9.121284037,9.521603333,9.524918476,9.601981671,9.668152408,10.49340979,10.52696914,10.54117385,10.58053808,10.72706657,10.35408897,9.227404228,9.965075126,9.907178502999999,9.377473927999999,9.654775374,9.997703634,8.715467599,9.238300446,9.165248468,8.942751911,10.73908585,10.83376143,10.568967800000001,8.912308147000001,8.961896018
Ga0242637_111609,8.906678881,8.881570355,8.829926677000001,8.358965944,8.322217188,8.2474241,8.357927264,8.2274693,8.365704866,7.872368146,7.877763076,8.23975644,8.684117922999999,8.831356936,8.678162599,6.889289082,6.985708971,6.896956441,6.3295493679999995,5.872266967000001,5.90322142,6.92145699,7.012735715,6.787850294,8.573381777,8.207206331,8.52025026,8.649375308,9.023599602,8.79286488,8.307817097000001,8.34589437,8.4608419,7.710705475,8.14067294,7.717029823,6.85567705,6.697321291000001,6.777230907000001,5.887248805,7.040338294,7.189616189,6.996500469,8.55166408,8.671861331,8.600813653,6.146243071000001,5.6281973910000005
Ga0242637_11161,5.1918384710000005,4.363461633,4.737150617,4.866546745,5.160686274,4.96008775,4.9209356710000005,4.660392731,5.236456361,5.913007532000001,5.8452330660000005,5.500353304,4.965630485,4.99841835,4.77092408,5.280820142,4.636168732,4.787419622,5.011617463,4.926323084,4.2866031719999995,5.171091359,5.197383578999999,4.924648265,5.090900202,4.881573326,5.10991984,5.509900869,5.324007009,5.135602143,5.164115448,5.084155163999999,5.354349848,6.093851225,6.409185214,6.330855957000001,5.152609088,5.754864724,4.734680932,5.238749722,5.266368163,4.527271229,5.085476312,4.972586967,4.80563102,5.107153384,5.493680967,5.246040917
Ga0242637_111610,7.826313742000001,8.042115178,7.728907522,7.339719828,7.418797831,7.488946661,7.497438029,7.811500272000001,7.471344654,7.273245809,7.669086357,7.696926675,6.965889604,7.521488402,7.449611943,6.2443583579999995,6.412987867999999,6.42801408,6.394351991000001,6.584525481,6.366830345,7.163869192999999,7.030402324,7.2931416229999995,7.343568737000001,7.682742907000001,7.3115134920000004,7.583970816,7.920868400000001,7.747795797999999,7.9078441129999995,8.236273269,7.76290555,6.829576227,7.0505084689999995,6.933467245,6.311006991,6.342794463,6.353866272,5.44242395,6.4242548479999995,6.478853096,6.849335065,7.371705984,7.108587705,7.522367652000001,6.065372936,5.246040917
Ga0242637_111611,9.563686234,9.55076641,9.467842971,9.204236397,9.201207446,9.23481853,9.344536182999999,9.444838378,9.196928621,9.284816294,9.992937742,9.779866357000001,9.132035455,9.281494755,9.522236922000001,9.137141237,9.207141548,9.493787066,9.723326053,9.736533625,9.653620992999999,9.363654731,8.913404709,9.238515173,9.374750373,9.538422255,9.072283800000001,9.752482786,9.686294669,9.774228476000001,9.773358079,10.09473839,9.3597359,8.864603253,9.102714742,8.989227704,8.8836828,8.658776457,8.797391186,8.120061897000001,8.759310527,8.601567401,8.633771271,9.215941933,9.373392245,9.173616483,8.697108911,7.9398193489999995
Ga0242637_111612,8.635445962,8.194762668,8.521940307000001,7.399929143,6.854783167999999,7.540542007000001,9.697344468999999,9.712570707000001,9.225968329,10.83558359,12.74764919,12.01330195,10.56033135,9.792278094,10.27636822,11.54867966,11.67105542,11.96383071,12.43875233,12.73579493,12.7104075,12.76657992,12.61417136,12.76056564,9.085677961,9.719997588,8.52025026,10.16658488,9.552321883,10.52041956,10.81427519,11.57240714,10.35499135,8.581912236,10.23535339,8.423010562,10.69847658,10.68674573,10.77945967,10.92373234,8.98428792,8.606348889,10.35546819,9.681066371,9.912293294,9.225615905,11.41801312,10.92396213
Ga0242637_111613,8.398873186,8.118596466,8.181199377,6.505497762,6.080222297000001,6.700938747,8.192814933,8.202699602000001,7.692378356,10.10399835,11.49270756,10.5524132,9.294811689,9.140687892,9.465978995,10.281282699999998,10.6041987,10.88039867,10.69416771,10.76655113,10.58515493,10.11083409,9.759811436,10.07888434,8.324884173,9.079937831,7.7842664710000005,9.104262617,8.726287623,9.425881047,9.638045242999999,10.65107177,9.295381285,7.734917675,9.024413812999999,7.142618071,9.4691726,9.379563205,9.702632653,9.957914781,6.765001227999999,6.618102637000001,7.524226103999999,8.085182177,7.73859095,7.255522469,10.18909255,9.734447539
Ga0242637_111614,6.516865246,5.611399415,5.4601771160000006,6.17375179,6.131483721,6.361273322000001,6.533433323,6.440082296,6.465298007,7.265149046,6.791055116,6.941044889,5.813267869,5.66733307,5.692064792999999,8.750218642,9.129696193,8.917135696,9.45166389,9.67200156,9.547271338,9.732804663,10.00498196,9.703930732,6.327582362999999,6.904864896,6.321903885,6.187582506,5.268860616,5.935518384,6.90858957,7.250658242999999,6.923023043,7.077042443,6.941023467000001,7.041834532999999,7.349860838,7.496584004,6.600042576,9.095012603999999,8.344984743,7.528876392000001,8.028417061,6.834604227000001,7.108587705,6.766488066,9.030368219,9.540325629
Ga0242637_111615,9.349601464,9.062810979,9.266684425,7.749106696,7.748660294,7.773994779,9.061041298,9.073523948,8.675265331,10.63430897,11.76907998,11.31300959,10.46052447,10.24356167,10.25876357,11.52004833,11.782240199999999,11.98917324,12.04774471,11.96759895,11.87822087,11.1232255,11.25702574,11.47967621,9.165659544,9.820797699,8.932219258,9.723350697,9.448387131,10.07826393,10.2798491,11.04846295,9.897005105,8.790315878,10.00516309,8.216094549,10.93395265,10.64259888,10.87269741,10.60227208,7.924092957,8.005096383,8.780820176,9.589104105,9.556833186,9.129454393,10.97179337,10.58433862
Ga0242637_111616,7.960452035,7.471462375,7.831426185,5.917178237000001,6.114599127999999,6.386590438,7.4362203739999995,7.504903509,7.059389872000001,8.917552929,9.394287897,9.361837746,8.712849293,8.649678847999999,8.418946443,9.92726867,9.949984191,10.24103512,9.678571604,8.727647276,8.792356439,7.449650332,6.9209990370000005,7.711204221,7.511873071,8.004674474,7.252737269,6.886583612999999,7.3902768739999996,7.590414352000001,8.191793427999999,8.87095387,7.907721987,6.983093519,8.19368146,6.330855957000001,9.321161479,9.257138675,9.464814336,9.506524404,6.449660959,6.87764457,7.677460078999999,7.646978721,7.855262732999999,7.72697523,9.616197556,9.222360406
Ga0242637_111617,7.057237513,6.693973939,6.961567407,5.147844469,5.160686274,5.880404005,6.69432655,6.622103526,6.450209912,7.790137292000001,8.607939732,8.396325039,7.788009389,7.637044999,7.383316891000001,8.798703637000001,8.849580032999999,8.985894024,8.465501344,7.058766186000001,7.141135131,5.865819405,5.8843656179999995,5.850504926,6.266030728,6.859312715,6.072413452,6.094628135,6.408402041,6.445721832,7.4766815289999995,8.088807358,7.114349432000001,5.596433381000001,6.7177551079999995,5.40102619,8.41527722,7.9430258910000004,8.310296422999999,8.488792723,5.790192407999999,5.618061775,6.543593774,6.795796967999999,6.228573506,6.538522199,8.506533187999999,8.186384427
Ga0242637_111618,9.767740123,9.856754511,9.760625102,9.247464229,9.276971583,9.158004488,8.979543367,9.09675411,8.985908646,9.679791517,9.379665359,9.600217589,9.988819675,9.856370842999999,9.847151543999999,9.536449764,9.443116049,9.335930742,9.081108359,9.266420525,9.190979756,8.68393652,7.831316009,8.15294426,9.278858377999999,9.234106444,9.191031549,9.164825855,9.236494713999999,9.235260576,8.762933685,8.969102264,8.79729788,9.097139504,9.168182284,8.718507392000001,8.861289857000001,8.818828337000001,8.802856047,8.067518867,8.587116819,8.61111458,8.341373222,9.115216601,9.381195676,9.220133349,8.417236573,7.770612449
Ga0242637_111619,9.315963544,9.341750382,9.264853954,8.683463964,8.678026646000001,8.497024476,8.22935349,8.329055862999999,8.353609385,8.826988337000001,8.681321405,8.833434998,9.392170053,9.506342525,9.475288078,9.166996991,9.419137091,9.620287853999999,10.16924021,10.47116776,10.36984845,10.33368444,9.564615396,10.34112179,8.991540988999999,8.918439082,8.791891965,9.010906137000001,9.129176734,8.888926509,8.025501559,8.127111281,8.025775547,8.694819295,8.724666296,8.384962581,9.061172177000001,9.111623521,9.113286112,8.369855622000001,7.623262539,7.735084245,7.212613994,8.633656708,8.633171772,8.477556385,8.600200719,8.121190337
Ga0242637_11162,5.357810669,5.194270186000001,5.29665076,4.831518636,5.2254260210000005,4.993760535,4.985251777,4.820237303,4.7309567139999995,5.017927646,5.070243604,5.251130599,5.478782677000001,5.584067729,5.292855855,4.904869941,4.736800533,5.120220928999999,4.895776856,4.182356513999999,4.2866031719999995,5.0133739969999995,4.668031599,5.434983135,5.194391513,4.640457153,5.071195536,5.033966346000001,5.211486433999999,5.210266287,4.829143013,4.825903146,4.790327679,5.235803123,5.892566548,4.918171513,4.818200909,5.489425957000001,5.027402438,5.578091949,4.7092957680000005,5.175324517,4.8271728110000005,5.169295167,4.3663536910000005,4.614185235,5.221123476,5.071312206
Ga0242637_111620,8.432503164,8.536077352000001,8.407132111000001,7.716337306000001,7.86907419,7.73023048,7.524427492999999,7.433688284,7.685960187999999,7.62283831,7.603463491,7.682681968,8.430998377,8.815093747999999,8.661947343,8.146827168,8.361537615,8.522741887,8.44018802,8.374833661,8.18129284,7.7512620089999995,7.047854924,7.765167817999999,7.933532764,8.017164975,7.8871985460000005,8.219495756,8.198623775,8.197745295,7.2085507479999995,7.267909394,7.1563890489999995,7.720439195,7.568272886,7.448438772,7.904079276,8.251726348,8.513945397,7.323919898,6.744630009,6.560066151,6.287979027,7.868715542,7.910239703999999,7.792485761,7.878218619,7.16978384
Ga0242637_111621,9.429491976,9.368616233,9.353646091,9.573056324,9.550280147,9.651894253,11.06666359,11.64197937,9.929491105,10.5071233,10.75025848,10.07251769,10.47485296,9.90754673,10.69532431,12.03701656,12.57296881,12.92793045,14.09030767,14.96214667,14.65086465,15.32702734,14.73838205,15.235509400000002,10.73782492,10.73449959,9.958103272999999,13.15538608,10.99477293,11.13437539,10.38660825,10.3578929,12.40118374,10.83711802,10.94028044,11.39410765,12.76738206,13.56729869,13.43702872,14.58430007,13.53646663,9.740190579,10.34330543,9.932988149,9.851801651,10.89735642,14.38696362,14.70894257
Ga0242637_111622,9.55861911,9.618167061,9.83406248,10.19593601,10.12932126,10.08912973,9.522360263,9.604622559,9.574033259,9.144068764,8.891760737,8.396325039,9.776608099999999,9.57340931,9.369427049,8.241076225,8.17144362,8.013727828,8.328736693,8.397820872999999,8.766130227,10.86631214,10.56270466,10.43398189,9.233435645,9.340628934,9.418057232,8.930001654,8.620942592999999,8.831474453,9.22708417,9.015780812000001,9.419617714,9.346874266,8.837216709,9.056930459,8.916633635,8.460342999,8.724397194,7.132506993,10.69934784,10.3671306,10.37949036,9.532744109,9.688448238,9.576818106000001,6.704052000000001,7.1981723639999995
Ga0242637_111623,6.430615562000001,6.331745354,6.444722903,6.505497762,6.647689439,6.69081805,6.993885924,6.97146084,6.566703287,6.998315927999999,6.730822255,6.358714253,6.610025128999999,6.528825552000001,6.693150564,6.99301164,7.611854076,7.40551876,10.15686328,9.122053803,10.09927451,11.60603025,11.42577666,11.34445008,6.972312201,7.545748491,6.6945266729999995,6.606282247,6.575827453,6.520437977,8.608597648,8.923585355,7.773745964,7.046401815,7.255631594,7.943359088999999,8.145612062,7.982207333,8.741572771,9.668987337,6.989321055,7.391543735,7.278004095,7.005877925,6.157496936,6.815831025,8.459947858,9.734447539
Ga0242637_111624,6.978427357999999,6.71385075,6.68295951,6.837221431000001,7.131072648,7.241197184,7.9397288779999995,7.884519918,7.7913641920000005,8.815949986,7.425013814,7.162583862000001,8.838106969,7.878816766,8.067969204,10.92114271,11.97927576,11.67723344,14.78644918,14.42546383,15.13999564,15.67487637,15.45889734,15.72239002,8.087997446000001,8.435279286,8.135061566000001,7.637568973,7.428255544,7.838094054,11.23692432,11.77367795,10.12253216,8.565807657,9.51735858,10.18764785,11.53503798,11.32219424,12.22837816,13.50642568,9.274240568,8.847555996,9.601166859,9.030080382000001,8.81124387,8.883446475,12.33143128,13.64127189
Ga0242637_111625,6.400676749,6.079069939,6.220894069,6.962338462000001,6.76038663,7.04868192,7.424805107,7.396716426,7.6534336960000005,9.954744018,7.93223016,7.639083514,8.021853946,7.203712822000001,8.136638616,11.07077759,12.39551935,11.9838601,15.84242028,16.27696975,16.8086057,16.88345902,16.68582917,17.09685066,7.743707942,8.074064938,7.627899467000001,7.10217414,7.043940484,7.1193057479999995,10.52168635,11.03593629,9.435061347000001,8.907832031,9.713099481,10.37268671,11.6586716,11.09683157,11.89396211,13.1835185,8.609799144,8.455524357,9.329382318,8.504348768,8.228427643,8.280917879,12.1250794,13.32058452
Ga0242637_111626,6.354566335,6.000201688,6.3089635610000006,6.538044532000001,6.3917714189999995,6.680625696,6.340137045,6.464134765,6.737941312,7.0836779729999995,6.635467096,6.394164259,7.40690909,6.5725344560000005,7.6224119560000005,8.362173653,9.448593508,8.83005122,12.1220485,12.43541679,13.01462863,12.877677,12.85147258,13.01637422,6.4293368410000005,6.949020531,6.589796307,7.00352241,6.833548883,6.988662956000001,8.056795623,8.581362387,7.441187283,7.27501809,7.541253297999999,8.267190237000001,8.519058766,8.324669622,8.943085933999999,10.26168205,7.470491879,7.402584952000001,7.850755065,7.218815425,6.906989471,7.18969335,9.40566313,10.51554347
Ga0242637_111627,7.703114801,7.647013191,7.441817425,7.524152109,7.524637628,7.643755352,7.378218029,7.159813512,7.11779853,7.666517736,7.142621117000001,6.976526291,7.851413271,7.774254537999999,7.669529606,8.013483836,8.498116738,8.098985172999999,10.49838629,10.61419107,11.29532311,11.22135287,11.06802718,11.40772298,7.313503475,7.539988444,7.711322438,7.455552226,7.13863432,7.1758265660000005,8.078739961,8.481421777000001,7.481424896,7.517656999,7.7145149989999995,8.126694336,8.33629196,8.230189429,8.476819267,9.257940303,7.183371762,7.264157407000001,7.185603978,7.345086954,7.301956592000001,7.4678767310000005,8.683657145,9.394690156000001
Ga0242637_111628,7.211635605,7.368708807999999,7.171653802000001,7.055153057,7.114213524,7.118270661,6.914461800000001,6.715202637000001,6.750306935,6.968699735,6.61894186,6.620501636,7.528295805,7.689544647000001,7.715156157999999,7.26572476,7.409462326,7.157740763,7.369231856,6.66260788,6.805416191,7.990124699,7.965873042999999,7.953577573,7.43716347,7.613131712,7.567180911,7.314565374,7.262951327000001,7.382049995,7.470053601,7.554645612000001,7.071046366,7.061803577999999,7.213456654,7.362262535,7.317314586,7.650468439,7.399318742,8.544774964,6.57036743,6.9990463389999995,7.290733500000001,7.03947954,7.070461826,6.93673013,7.854400384,8.308546931
Ga0242637_111629,7.7806132120000004,7.99825492,8.012533227,8.006957595,8.175608726,8.230073422,8.287216528,8.460234182,8.270271961,8.555567086,8.382025251,8.03075094,8.238911261,8.215397753,7.973512903,8.394082873,8.793288371000001,8.646841053,8.350640063,8.579699216,8.451968772,11.25663171,10.36294974,10.73096461,8.332397549,8.162928711000001,8.39388904,7.657165512000001,7.73643219,7.716394543,8.273979329,8.064340301,8.134892563,8.243536582,7.802474905,8.400302417999999,8.286737634,8.29385879,8.487039711,8.052148145,9.76074113,9.39261188,9.613879643999999,8.630905607999999,8.728016927999999,8.658705257000001,7.939875227000001,8.150529882
Ga0242637_11163,6.926887767999999,6.3823350670000005,6.6269949189999995,6.8545451239999995,6.76038663,6.700938747,6.759431202999999,6.4994757839999995,6.00999571,7.389536784,7.295925841,7.689821912,6.622206884,6.510963307000001,6.9049755479999995,6.299413316,6.442613816000001,6.57827718,6.456359786,6.480559145,6.500291077000001,6.192437593999999,5.8843656179999995,6.701849566,6.8727028279999995,7.073904935,7.209236527000001,7.492386453,7.73643219,7.526666112999999,6.827907062,6.984569414,7.181036455,7.791420211,8.018666424,8.041203712,6.497069943,6.458614121,6.196378494,6.40650764,6.232608331000001,6.7275943510000005,6.409822867000001,5.859178469,6.157496936,6.149148229,6.649685233,6.795387807999999
Ga0242637_111630,8.563068802,8.555465406,8.7718207,8.740441348,8.488359166,8.653583169,8.754187587,8.524463281000001,8.662248743,9.530799231,9.102341694,8.923999597,9.159429215,9.10991028,8.938770785,9.559143133,9.60556925,9.614509002,10.36620891,10.21383463,10.37419569,12.20976864,11.40393339,11.78206972,8.563839009,8.519628197000001,8.762110751,8.740969944,8.736411051000001,8.813782968,9.229047604,9.377283775,8.867277604,9.137650246,9.143698209,9.053700572,8.719100914,8.334795358,8.797391186,9.23770373,8.534738661,8.703264068,8.447460723999999,8.762411101,8.545605168,8.465249105,9.358472783,9.360577127
Ga0242637_111631,7.513573847999999,7.304656941,7.467519169,7.5295520510000005,7.326686287999999,7.367216095,7.039520095,7.04500827,7.1554624460000005,8.116855905,8.01657342,7.711032034,7.502190467999999,7.438961588,7.307880228999999,7.180428965,7.446447149,7.502608842000001,7.587904797999999,7.992330987999999,8.295726814,11.14339219,10.55662545,10.68971238,7.570244519,7.368587513,7.286616586,7.650662881000001,7.377391661,7.256656938,7.118163414,7.015545812999999,7.097184052,7.841338532999999,7.548055815,7.438563733,6.809599865,7.218850081,7.29455802,6.805642102,8.461804476000001,8.089487059,8.186574051000001,7.2972869860000005,7.301956592000001,7.144075066,6.773487642999999,6.617536594
Ga0242637_111632,3.5882946430000002,3.188618776,2.930832432,3.3965277680000003,2.4640428340000002,2.891426793,3.4887793030000003,3.324328978,2.802740674,2.9887932989999997,1.764951351,2.855977779,3.7419712460000003,3.351026898,3.8582441469999997,4.583471988,4.138748662,4.561454398,6.591426521,7.044262172000001,7.490039605,10.8125051,10.26382006,10.41047503,3.425532893,3.0702452019999997,3.718506891,4.375801711,3.214162602,1.764951351,4.870546616,4.960939729,4.332374654,3.416535432,4.135963082,3.9028094710000003,1.764951351,4.737982187,4.4232196539999995,5.238749722,3.084464068,3.775076592,3.022421094,3.839256689,2.792585865,3.5704800810000004,4.8834059430000005,5.401599866000001
Ga0242637_111633,3.4671807360000004,3.710259249,3.49008882,3.16318366,2.953773423,3.632791763,3.581642131,3.8835986489999996,3.618475267,3.680174811,3.3486969460000005,3.275040208,3.53504885,3.8590685010000003,3.547885515,4.904869941,5.153734003,4.82853269,6.73170198,6.938427418,7.1945814,10.46767882,10.15737306,10.22849028,4.292841717,3.741635782,4.003383257,4.666762687,3.5583942139999998,3.502034565,4.786479382,5.4617641070000005,3.8248971380000003,4.186997065,4.058751566000001,4.125150941,4.090071432,4.464627463,4.949797315,5.182918672,3.5755614760000003,3.775076592,3.9712646019999998,3.917653608,3.4799555860000004,3.5704800810000004,5.824370985,5.669500702000001
Ga0242637_111634,5.082054823,4.600275824,5.380760691,5.429665733999999,5.511124041,5.86244039,6.102463161,6.231640139,5.903080129,6.228875327999999,5.491639599999999,5.712434593999999,5.834414947999999,5.191750273999999,5.409213908,7.120624715,7.208805278,7.133686531,9.950056365,10.25532699,10.74251138,13.4152905,12.95302895,13.188637599999998,5.784945531,5.475604103999999,6.385895806000001,6.759304812000001,5.742810498,5.773543117999999,7.4227847460000005,7.9407490229999995,6.873462762999999,5.901372141,6.467827035,6.637788707,7.026523678999999,7.081211592000001,7.2552182720000005,8.170757829,6.261601092,6.203436097000001,6.1548405939999995,6.595669797999999,6.262835217999999,6.538522199,8.506533187999999,8.186384427
Ga0242637_111635,7.774797447999999,7.8491019479999995,7.669252362999999,7.82572026,7.698661706,7.915317135,7.657164996000001,7.522170906,7.666532472,7.517732323,6.971043474,6.789674332000001,7.693129156,7.916575857000001,7.848066195,7.165708966,7.482506797999999,7.690167295,7.482710467,7.5647023639999995,7.71697825,7.621924089,7.682899153999999,7.485474644,8.321112757,8.435279286,8.048880055,7.799162311,7.942895347,7.808618463999999,7.528635751,7.60979784,7.724309162999999,7.54530496,7.247294762,7.584509222,6.809599865,7.151673496,7.263172592,7.422871234,8.05383973,7.60731531,7.6579456420000005,7.919203832000001,7.543713017999999,7.663742888,7.091526534,7.589630387000001
Ga0242637_111636,7.412309581000001,7.615684483,7.247801772000001,7.663289,7.775706007999999,7.622631759,7.95170728,7.9497727860000005,7.94975199,9.038817111,8.599550913,8.244612445,7.658093496,7.512548612000001,7.247040563,8.355706217,8.48039859,8.677652919,9.853656617999999,10.045747,9.992102083999999,9.8500476,9.92936618,10.11048932,7.862650451,8.004674474,7.876117817000001,7.4777655020000005,7.50133693,7.475058904,9.707287535,10.10196754,9.052235312,7.83239006,7.9586746470000005,8.410439088,8.504682213999999,8.422863671,9.050354964,7.972736822000001,8.528799702999999,8.49731105,8.608584046,8.182337363,8.18450281,8.12925685,8.123793828,8.164978834
Ga0242637_111637,7.095082828,7.174510828,7.232890654,7.597970592,7.369931778,7.590354527000001,7.52976528,7.266143571000001,7.6534336960000005,7.564661677,8.003914283,7.539838919,7.058401907,7.0203130410000005,6.889130056,6.99301164,7.316623842,6.989229997000001,6.874722956,6.824195716,6.457165661,6.458368144,6.428968772999999,6.265172641,7.2671959820000005,7.487085465,7.26128205,6.759304812000001,6.705297705,7.019879774,7.639108898,7.318457523999999,7.349950425,7.2280150679999995,7.238909425,7.4286205810000006,6.6089580539999995,7.105083786000001,7.325274566,6.522732535,8.504796282000001,8.439536888,8.152121767999999,7.557071376000001,7.2686738,7.516413821,6.82345168,6.719041269
Ga0242637_111638,9.732176785,9.610243293,9.913320246,10.33499548,10.17472107,10.29919033,9.962959793,9.962746973,10.00875241,10.09489493,9.695219352999999,9.084264807,10.47820379,10.11218508,10.06890609,10.120839199999999,10.23628589,10.17189313,10.23547798,10.13565987,10.07455482,9.375738984,8.70383434,9.238515173,9.753366798,9.781074664,9.883997638,9.164825855,9.021531393,8.986904036,10.26557247,10.17690512,10.228745,10.31145693,9.651283959,10.11590904,10.40536171,10.19458619,10.28904427,9.498042265,11.96676094,11.48067462,11.56182347,10.20308586,10.3501935,10.2749747,9.601966669,9.670067778
Ga0242637_111639,11.04718964,11.00187934,11.38515044,11.76277434,11.82142984,11.79149004,11.55974647,11.46621614,11.48066572,10.24748784,11.05330771,10.54849191,11.97951094,11.70159879,11.64925148,12.19930866,12.11750458,12.05038031,12.05526632,12.29325762,12.37046689,12.40468469,12.42566362,12.37154945,9.607737222,9.606121034,9.743238362,10.70741263,10.93943494,11.00329115,11.79309225,11.67735641,11.57220166,10.56742314,10.57451445,11.109551,12.5038761,12.19248948,12.5840196,11.50489848,12.92739222,12.37352907,12.74865618,11.6900533,11.37992866,11.54323315,11.67354952,11.549149900000002
Ga0242637_11164,3.698529345,3.527960989,3.0999819539999995,3.285877101,3.727858533,3.3221123230000003,3.824625541,3.54034049,3.495777414,3.9610702360000003,3.3486969460000005,3.086552422,4.342851821,3.154430736,3.1287230089999998,4.4900135830000005,3.17815798,3.8739550510000003,4.895776856,4.47713225,4.475808083,7.0068739110000005,6.82302007,6.745491948,2.9697458610000003,3.976273982,3.0152714460000003,3.350872453,4.237162325,4.329301877,3.6315993030000002,4.013713061,2.957319384,3.781920535,3.6943890839999995,3.775624263,3.7220789030000003,3.662028972,3.431922531,4.246408504,2.713663973,4.88837244,3.8313353180000003,3.755778032,3.712631568,3.6667322610000004,4.602649512,4.007957471
Ga0242637_111641,11.54672974,11.51431174,11.42953572,11.99512486,11.84842485,11.98075501,11.93311108,11.99274428,12.14124388,11.98723512,10.69128577,10.44577318,11.43996426,11.65844793,11.52381091,12.03752168,12.19992382,12.25436296,12.53932014,12.9338175,12.77621736,13.18088316,13.199222500000001,13.20092376,11.81589869,11.91046242,11.80898862,11.23745091,11.10288854,10.90576706,12.19401646,12.17769428,12.23393988,11.88019384,11.57046615,12.00924845,12.3384464,12.10128145,12.0145496,12.21443331,13.41052304,12.83035118,13.28715688,12.40518572,12.19431454,12.19481453,12.23482655,12.33916686
Ga0242637_111642,10.14321112,10.05073258,10.05245086,10.04674236,9.972222498999999,10.00798727,10.17276869,10.20289608,10.15529745,10.35147811,10.07388767,9.929082926,9.971091402999999,10.12909377,10.19821204,10.71175951,10.96427873,11.015348300000001,11.62142438,11.98383012,11.90450662,12.55793167,12.58944795,12.51425087,10.32469589,10.47336885,10.17363445,10.07366283,10.13581147,9.998292697,10.71620128,10.97227516,10.43653712,10.1641465,9.888109421000001,10.16911235,10.80497103,10.89266828,10.71787942,11.80911087,10.60089305,10.30672533,10.66860907,10.1299602,10.27050801,10.16228235,11.5876908,11.99403677
Ga0242637_111643,8.974199981,8.836998293999999,8.856910283,8.663960161,8.589359563,8.712239576,8.995058519,8.847961152,8.814138632999999,9.547578468,9.524059717,9.418796248,8.746588194,8.610426655,8.760968998,8.986222655,9.36029474,9.579341161,10.40073386,11.00133241,10.88641048,11.79185509,11.99501432,11.65993981,9.290476273,9.424278829,9.037900636,9.008365915,9.027727146,8.86048648,9.690286032000001,10.01017162,9.270727501,9.012536617,9.041381947,8.91106887,8.959428987999999,8.782300147,9.006032575,9.037641765,8.254313086,8.328170181,8.220222536,8.826332127,8.510457671000001,8.661404887,9.065364692000001,8.781444653
Ga0242637_111644,11.1206573,10.96040736,11.18191646,11.241535899999999,11.27319471,11.13630029,11.12114625,11.2926781,11.19289786,11.72566657,11.85967428,11.609207699999999,11.27396508,10.91479342,11.03091533,11.43134754,11.44994403,11.32851912,12.11486796,12.81263833,12.64415405,12.853037400000002,12.78640056,12.73409499,11.60955665,11.53505398,11.27279884,11.36106089,11.33959394,11.25453493,11.31894418,11.36571707,11.25301508,11.44416606,11.27805408,11.24986555,11.3644202,11.26774677,10.81775079,11.30302928,11.43422105,11.44975053,11.71186098,11.28499928,11.59984666,11.43380997,11.32865739,11.34938188
Ga0242637_111645,11.64641675,11.50294479,11.71273818,11.87437127,11.88209564,11.87282906,11.67439701,11.77632966,11.66853022,11.71864587,11.21853287,11.34727052,11.49351746,11.36118215,11.377222900000001,11.07373573,10.94890137,10.66457532,10.60245065,10.96716378,10.90455659,11.0930469,11.21422025,10.91643288,11.63446031,11.53938952,11.59129128,11.51617247,11.42773762,11.35885878,11.37809008,11.23318085,11.52085887,11.34818049,11.14589442,11.17380986,11.31378462,11.32092147,11.1512335,10.75601882,11.64379712,11.63194419,11.74690879,11.71980756,11.96171516,11.8173255,10.84259263,10.92396213
Ga0242637_111646,10.19855027,10.31157836,10.43999101,9.792119557000001,9.908906057000001,9.863578477999999,9.537008152,9.524088329,9.398749295,9.840925055,9.624631699,9.998276252,10.59005937,10.37941024,10.39813053,9.701092044,9.189802738,9.021267637000001,7.9597857670000005,7.653353107999999,7.707819635,7.96900613,7.880825756,7.498278656,10.19162052,10.19333243,10.31980225,10.26136868,10.41955454,10.20015529,9.630637622,9.428020297,9.508271407999999,9.81716843,9.812464378,9.584661702,9.227974701,9.501423252,9.344446838,8.805297264,8.82863001,9.19094042,9.159425093,9.665020606,9.920349072,9.717056357999999,8.87334103,8.786125434
Ga0242637_111647,8.379845405,8.435024155,8.540217037,8.136442116,8.142749092999999,8.071555998,7.561383535,7.787901998,7.785372712999999,8.161146364,7.471739365,7.9438435279999995,8.106582269,8.164952852999999,7.95841598,7.8108883360000005,7.36379037,7.40551876,6.063289417999999,5.936668265,5.73248443,5.3129993319999995,5.37497316,4.924648265,8.001093756,8.070074269,7.7901818039999995,7.839742667,8.111849288,7.987619696,7.352450225,7.045870187,7.501130241,8.056412723,7.890737478999999,7.492057998,7.104904802999999,7.303809337000001,7.222954584,6.805642102,7.16816246,7.4352100839999995,6.965071762000001,7.521856122999999,7.472425286,7.4429813010000005,6.514223714,6.5530097970000005
Ga0242637_111648,10.41680053,10.40690279,10.45692441,10.27680249,10.23246331,10.26382283,9.823277937,9.961692983999999,9.980193038,10.32836112,10.06477579,10.04772966,10.28701571,10.31533437,10.06890609,10.21494871,10.06142778,9.74454383,9.054666076,8.459209572999999,8.547455523,7.700910285,7.227055767,7.677829287000001,9.837608772000001,9.711057312000001,10.12883323,9.638833385,9.888198314,9.727751711,9.908131742,9.863339205,9.942139843,9.868398246,9.64653924,9.655617576000001,9.873320953,9.946485389,9.747247367,9.329803065,9.594435563,9.797756715,9.651359349,10.26826429,10.34621238,10.31495661,9.477577305,9.366839796
Ga0242637_111649,9.35934752,9.112274287,9.336319497,9.287842472000001,9.339924121000001,9.133952852,9.389255442,9.335167819,9.212637987999999,9.270737424,9.601714234,9.366299906,9.099767034,8.703682574,9.047974433,9.203468215,9.026039007,8.98813047,8.961666069,8.995916588,8.967532423,8.091313816,7.671689705,8.208529042,9.192740575,9.516597887,8.971787009,9.146460352,8.990147075,8.891739915,9.500141415,9.416469245,9.343459778,9.115694621,9.17258963,9.27508878,8.815433355,8.936529785,8.659610319,8.424593957999999,9.861045948,10.00747763,9.895806952000001,9.08739242,9.267908604,8.957803405,8.521733186,8.474340772
Ga0242637_11165,3.893771605,3.3131841189999998,4.092030704,4.1604384130000005,3.8193379060000003,3.196938321,4.028820076000001,3.956726771,3.927618893,4.1921740110000005,4.218583159,3.82092602,2.963087176,3.2570464360000004,3.547885515,4.753392565,4.736800533,4.745062231,5.73610727,5.409719957,4.718346846,5.3129993319999995,5.429562132999999,5.538322247999999,3.143822338,4.112162506000001,4.497285518,3.350872453,3.743072834,4.106914192,4.063137997,4.013713061,4.554766425,4.401735515,4.872076946,4.125150941,5.152609088,5.414567487999999,4.867664457,5.12479833,5.015163076,5.369221982999999,5.252278774,4.613783816000001,4.489924871,4.061967078,4.750068729,5.071312206
Ga0242637_111650,10.18655648,10.05948833,10.12790033,9.981277379,10.10394203,9.994693512000001,9.833022795,9.721315933,9.807705666,10.27293584,10.10829291,9.910871567000001,10.14349965,10.02374873,9.961339304,9.873961261,9.789470063,9.644592955,9.528131991,9.486101197,9.554950938,8.129881864,7.5906842999999995,8.547165572,10.30669275,10.32556492,10.23454076,9.35677261,9.62631694,9.382536395,9.448835123,9.424180214,9.533998267000001,9.694165635,9.746001845,9.481473872,9.05131476,9.075851164,9.061795901,9.230894626,9.551146438,9.549796313,9.456218062,9.907073181,9.865774174,9.723529079,9.366913454,9.133326533
Ga0242637_111651,6.223844425,6.063639229,6.220894069,5.722776012000001,5.5619811960000005,5.807157282,5.817473055,5.65228799,5.464967174,5.200420057,5.25404949,4.7960525910000005,6.760872462999999,7.476224568999999,7.655555274,6.065275132999999,5.979566758,5.982902284,6.063289417999999,5.697329897,6.026528808999999,6.155449891,6.198069137999999,6.352505232,5.694185286000001,5.678879229,5.644737465,5.773041302999999,5.742810498,5.56276213,5.461940492999999,5.335755549,5.354349848,5.553303362,5.500333825,5.574246463,7.284016434,7.081211592000001,7.434961753,8.566573347,4.944709092,5.618061775,5.143286713999999,6.053023475,6.043816337000001,5.8406552970000005,8.470430952000001,8.836635843
Ga0242637_111652,7.382020542999999,7.556418422999999,7.505232536,6.954327086,7.01778812,6.9072941629999995,6.554556521,6.684833732,6.725468564,6.730632312000001,6.746118336,6.802914262000001,8.289384002,8.843880525,8.602500719,7.529850665,7.394398552999999,7.628407446000001,7.659859696,7.544239417999999,7.511254419,7.218596184,7.517433931,7.154402167000001,6.8727028279999995,6.802677335,7.020777669,6.619674112999999,6.951306668,7.230214011,6.686317367999999,6.771211663,6.608481447999999,6.439107343,6.656075567999999,6.697016617,8.693977946,8.804327869,9.068617161,9.970232138,5.790192407999999,6.324664655,5.773584463,6.844144815,7.442892986,7.37879419,9.94975019,10.24508914
Ga0242637_111653,5.9822274239999995,6.168325499,5.918747099,5.452719867000001,5.127172537,5.3712010779999995,5.344248659,5.0938918289999995,5.338913594,4.808272022,4.6764910319999995,4.848771504,6.907389276,7.552348212999999,7.563759836,5.224692397,5.896240317999999,5.7275263039999995,5.355480453999999,5.581083416,5.803239861000001,5.094429967,6.229043205,5.434983135,5.4383337670000005,5.451121643,5.255024951,5.389372969,5.616384732999999,5.645488592,4.9879069110000005,5.431291565,5.466163537999999,4.711795822,5.254644798999999,5.055180197,7.640341822000001,7.303809337000001,8.194487172,8.915565259,4.870542887,4.351588736,5.025201303999999,5.446473152,6.1205945879999994,5.567606414,9.008955424,9.18386071
Ga0242637_111654,7.9241336460000005,8.05384914,7.775944827000001,7.092127934,7.236096697000001,7.360851157999999,6.906273113999999,6.928918147,6.9457403289999995,6.582012242999999,7.059384797000001,6.721584572,9.236643974,9.934562075,9.682384418,7.552654322,7.379175699999999,7.17355671,7.149351592,6.824195716,6.5828474329999995,6.899287208,7.030402324,6.849139407000001,6.80945343,6.3676168429999995,7.136783104,6.759304812000001,6.529946292999999,7.291176021,6.615954962999999,6.590926915,6.913246471,6.783858885,7.0505084689999995,6.785429225,10.23730424,10.46270668,10.70480378,11.45245136,6.34522705,6.745059889,6.068599891,7.608332204,8.073281251000001,7.721810497000001,11.5078914,11.57642607
Ga0242637_111655,7.311449518,7.944639421000001,7.428792649,6.747331858,7.008693544,6.8356303789999995,6.212974506,6.339635747000001,6.166041382,5.299605908,5.757135615,5.625366709,8.863955199,9.691946642000001,9.418510625,6.2160191320000004,6.826406529,6.479865369,6.62779767,6.246939936,6.562648145,7.106981535,7.466447467999999,7.154402167000001,6.218072761,5.8568202629999995,6.202568198,6.494409152999999,6.564493583,6.645865485,5.816996737,5.735294446,6.2053787279999995,6.276822734,6.378942532999999,6.242669221,9.917399332999999,10.22756339,10.34161494,11.20394427,5.082266081,5.762726817000001,5.878815011,6.927280109,7.234604227,7.26265461,11.18330343,11.39682154
Ga0242637_111656,6.516865246,7.174510828,6.915606733,6.438108268,6.3776980210000005,6.00021559,5.951167579,5.937005012999999,5.903080129,4.852780008,5.118479175,5.251130599,7.892184919,8.852759844,8.582948462000001,5.6217700520000005,5.503878168,5.305244467,5.558442277999999,5.904829262000001,5.870663298999999,7.580746799999999,7.716013945,7.217718295,5.194391513,5.266836838,4.990409729,5.647517796,5.722500414,5.935518384,5.708156084,5.577533267000001,5.64294101,5.3911709420000005,5.826750102,5.695796852999999,8.33629196,8.782300147,8.698244185,9.768730672,4.621105128,5.65562299,5.085476312,5.93273484,6.482207881,6.478473856,9.733983639,9.995164815
Ga0242637_111657,8.115737495,8.140771751,8.021234957,8.033801237,7.8939718370000005,7.844107094,8.044112979,7.816173937,8.03806335,8.241725823,8.367276083,8.112717627,7.371293898999999,7.669578047000001,7.7016191439999995,7.306551457,7.618350724,7.551835001000001,7.685943205,7.634118621,7.661133102000001,7.688042747999999,7.705059965,7.620428089,8.074619183,8.504923126,7.978097899,7.676499282000001,7.524896686,7.504774547999999,7.951314779,7.977903416,8.007524398,7.768145946000001,7.927716202999999,7.800346009,7.836799837999999,7.441409181,7.377502092,8.170757829,8.67578154,8.407020317,8.453131789,7.74693687,7.689144099999999,7.636555124,8.041811308,8.172149388
Ga0242637_111659,10.52120227,10.68416663,10.462525,10.35641646,10.39735581,10.48909473,10.7847793,10.75437714,10.7509089,10.94728063,10.67341317,10.71517863,10.25904242,10.44546407,10.45300895,10.78818806,10.97000324,11.10308109,11.16961279,11.44789244,11.3493152,10.99982967,11.00356986,11.07114547,11.13684378,11.01692834,11.05861029,11.25630656,11.43046808,11.29068734,10.58130677,10.56039209,10.63754651,10.52640689,10.48698425,10.50035515,10.09102009,10.09683667,10.5205816,10.6088521,10.43299235,10.41968564,10.382465199999999,11.02126218,10.86609532,10.8299686,10.66003985,10.56676505
Ga0242637_11166,5.506428846,5.303976337,5.4601771160000006,5.429665733999999,5.4312682,5.583952678999999,5.967035622999999,5.63113131,5.635336689,6.177947146,5.9548551320000005,5.92163303,5.655786246,5.321197417,5.363805982,6.2160191320000004,6.412987867999999,6.33251699,7.2460504420000005,7.403643794,7.320119922000001,8.265968422,7.821206766,7.953577573,5.4383337670000005,5.451121643,5.417757568,5.566548676,5.089265216,5.381364859,6.184755544,6.431507014,6.1397226,6.303013309,6.073623614,6.287438859,6.437684056,6.78863294,6.495792927999999,6.630266219,5.7081519489999994,6.599016019,6.386266174,5.495974041,5.582626785,5.613159236,6.871740189,7.034623732999999
Ga0242637_111660,7.527476541,7.561908052000001,7.595413269,7.184044703,7.139428815,7.275442914,7.105370651,7.122552252,6.988111994,7.610111516,6.91801882,7.242467689,7.319906372999999,7.685573384,7.313825302000001,6.569465856,6.892256367000001,6.57827718,6.797026275,6.874265449,6.805416191,6.80702934,6.781882584,6.6103830089999995,7.953161015,7.522568927000001,7.848037672999999,7.053692442999999,7.598910902999999,7.341452393,7.373913246,7.065737563,7.197236939,7.320536562999999,7.143299377000001,7.219612659,6.900325658,6.421034542999999,6.873940732,5.238749722,6.2900204639999995,6.673889269,5.878815011,7.66322959,7.877505654,7.658346193,5.88852457,5.496599292999999
Ga0242637_111661,8.622553727,8.386360002,8.407132111000001,8.268229074,8.052752052999999,8.216041014,8.302886033,8.079831684,8.092453029,8.585125821,8.035356188,7.98505283,7.941580093,8.184780497,8.221283856,7.682384446,7.618350724,7.806276326,7.2460504420000005,7.502421046,7.562964599,7.936736853999999,7.890526952999999,7.972050427999999,8.926014992999999,9.143975292,8.710027412,8.561999013,8.573731349,8.319761293,8.150947829,8.317190923,8.274990563,8.188501829,7.91198414,7.981258144,7.502405071,7.713921295,7.821716384,7.398762882000001,8.00333294,7.884297382000001,7.743752959,8.280398555,8.139198127,8.263254097,7.0640879089999995,7.280129452000001
Ga0242637_111662,8.707420183,8.916262236,8.561251261,8.346784756,8.386783533,8.372881395,8.189446884,8.024368228,8.130759336,7.610111516,7.586580242,8.013783384,8.692797581,8.974908691,8.881904205,7.928871942000001,7.93692849,8.19505675,8.743115649,8.776698997999999,8.607773209,9.258810453999999,9.079493981,9.414262687999999,9.33603423,9.153434654,9.239384966,8.835717092000001,8.918599716000001,8.795871814,8.052366402,7.919080107,7.922409347,8.263645007000001,7.879995598,8.004867281000001,7.640341822000001,7.902750132,8.2354803,8.170757829,7.198422224,7.568629215,7.364835769,8.287403884,8.082884413,8.125351035,8.232495291000001,8.255525506
Ga0242637_111663,9.565371328,9.504492161,9.488381885,9.190670655,9.207178837,9.148801253,8.876506771,8.999448055,9.067157649,9.076303675,8.942390615,8.917933045,9.524468196,9.694912237999999,9.577618416,9.002873098,9.358356055,9.492212245,10.30442933,10.86777156,10.71877852,11.08202619,10.71102286,11.16343479,9.957840551,9.703349872999999,9.870105152,9.59548881,9.586299979,9.514335623,8.992946202,8.915401724,8.946046684,9.452831031,9.014627367000001,9.186442357999999,9.12835015,9.045347951,9.237532771,8.791480272000001,8.268638982999999,8.401528901,8.322907812999999,9.180636096,9.321614327999999,9.268742018,8.965152055,8.795441674
Ga0242637_111664,8.606274688,8.627898157,8.745808384,8.337580876,8.183707978,8.413412557000001,8.508770188,8.475084872,8.34548901,8.494567952999999,8.636922267000001,8.610836476,8.74936447,8.827758706000001,9.144496899,8.275746805,8.206355031000001,8.531969019,9.151420547999999,9.865801044,9.750438297,10.25953933,9.649892596,10.10422347,9.570103026,9.480977266,9.112962196,9.46818068,9.393469826,9.110394578,8.432343351,8.570979716,8.551807171,8.767027856,8.685109633,8.74478219,8.26983383,8.441725063,8.139392551,8.036611838999999,8.23255386,8.129900089,7.850755065,8.577612371,8.524619605,8.537565257999999,8.103730937,8.295473179
Ga0242637_111665,8.984312951,8.848271086,9.024229066,8.478228153,8.281288273,8.517191523,8.021560672,8.305984263,8.092453029,8.639358427000001,8.372209248999999,8.687727399,9.140519843,9.054032077999999,9.031841276,8.124174041,8.027567849,7.744105641,7.421922791,6.984740346000001,7.25871707,6.783010875,6.318150223,6.352505232,8.870331228,8.685303316,8.950819346,8.353637352,8.598917886,8.251306526,8.322605003,8.440183356,8.316351769,8.851377908,8.718650813,8.503342704,8.009674187,7.847237317,7.8797627210000005,6.945405302999999,7.7202779679999995,8.019508894,7.534964231,8.554570382,8.579916577999999,8.656000566,6.963715988,6.5530097970000005
Ga0242637_111666,11.12808748,10.89070503,11.12956921,11.15293771,11.21857069,11.12179293,10.9163903,10.92197997,10.95280418,11.8291325,11.48190933,11.25041921,11.10976464,10.9903626,10.90912542,11.32032317,11.15168116,10.978142300000002,10.97184549,10.95655987,10.99389819,10.5048316,10.13306635,10.33756505,11.33496817,11.50581254,11.27015654,10.76497535,10.89832501,10.90993603,11.17053744,11.21718086,11.05955984,11.38421026,11.04013009,11.07133321,11.42864862,11.28742902,11.10442821,10.33336168,11.08046399,11.22882764,11.16912418,10.92573375,11.30499383,11.05604431,10.37073214,10.34363395
Ga0242637_111667,8.247543729,8.724046618,8.622573917999999,8.31587397,8.390287193999999,8.304902361,8.040378666,8.118181916000001,8.149537596,6.542329006,6.746118336,6.394164259,8.863955199,8.770806938,8.849542629,8.261978419,8.027567849,7.964595047,7.841008769,7.6244042929999996,7.779509718,8.325332905,8.452019878,8.276985052,7.953161015,7.618607374,7.692494919,8.124159311,8.321400957,8.432255675,8.091748062,7.799647433,7.90279277,7.437297012999999,6.565027485,7.8496098210000005,8.629186868,9.111623521,9.034183666,8.998086434,7.820930477999999,7.76105012,7.556203486,8.186090682,8.139198127,8.315609436,8.916147585,9.114840843
Ga0242637_111668,11.64681472,11.58069456,11.77193134,11.89595219,11.82693404,11.69362916,11.45180142,11.50326852,11.44025404,10.89644773,11.49553582,11.34727052,11.85937628,11.871115,11.67660262,11.97824106,11.89853214,11.82654403,11.75212918,11.84960292,11.82734156,11.61455343,11.66283225,11.69580244,10.86629315,10.77244101,11.07141539,11.34000279,11.28374243,11.34301514,10.92681627,10.79331591,10.89000057,10.99277432,10.77694009,10.607762199999998,11.9646489,12.0070847,11.89907348,11.499243,12.02170773,11.68319134,11.95055307,11.10591189,11.07295894,11.19760005,11.61806083,11.53462077
Ga0242637_111669,6.223844425,5.809724601,6.174748645,6.201130538999999,6.228823567999999,6.3739876010000005,6.013612885,6.0042588189999995,5.608316198,6.032587104,5.787107708,5.595124285,6.136177626,5.66733307,6.061586635,5.16625283,5.416603517,5.638812633,5.8329961379999995,5.315634683,5.4529875489999995,5.171091359,5.429562132999999,4.999446763,6.327582362999999,6.527702428,5.950613207999999,6.13253494,5.659780544,5.56276213,5.730596441,6.027086881000001,6.268164852999999,6.19525907,5.849026537,5.695796852999999,5.540984152,5.560550526,5.448837205,4.934560538,6.804898923,6.5796728589999995,6.66597891,5.567146612,5.527144606,5.544273273,4.678308878999999,4.871888998999999
Ga0242637_11167,6.354566335,5.916743937000001,6.3648146510000005,5.6648314410000005,6.008895385,6.00021559,5.782004859,5.773048738,5.811407347,5.913007532000001,6.15177356,6.51177938,5.607412015,6.201302416,5.728261317,5.746170234,5.959184685,6.414753826,7.1113485139999995,7.07312565,7.479313968,7.835356363,7.811026153999999,7.711204221,5.381157138,5.294670595,5.863257924,6.435031687,6.575827453,6.414713711,6.367305328,6.199132313,6.189243906000001,6.403249746,6.74170554,6.82388959,6.437684056,6.846441292000001,6.39793398,7.37424447,5.7497599379999995,6.151927777999999,5.303788803,6.10164103,6.262835217999999,5.7417055370000005,7.582063063,7.964810581
Ga0242637_111670,7.412309581000001,7.387382216000001,7.492770712,7.687644064,7.786383841,7.740071312,7.550920972999999,7.578279478,7.515452451,7.036880277000001,6.834631907,6.776311537000001,7.413927741,7.376276504,7.025830251,7.251854761000001,7.138209295,7.092681745,7.210544355,7.34569445,7.367425752999999,6.80702934,6.650909872000001,6.537754228,6.862352284,6.991862832000001,7.0506663210000005,6.308373689,6.408402041,6.231072713,6.9756598489999995,6.85353939,7.406776141,6.5194543220000005,6.453389202,6.933467245,6.661800464,6.126249389,6.697247925,5.578091949,8.540653268,8.30482653,8.562108169,7.777115341,7.598309286,7.716627197999999,5.856806806,5.89503271
Ga0242637_111671,11.03203625,11.17076875,11.03768939,10.83970924,10.79700519,10.83038702,10.84701774,10.85487378,10.84678252,11.10748955,10.71477661,10.79760887,10.86617184,11.020225199999999,10.98603322,10.43488748,10.49285219,10.60024233,10.27609899,10.31238926,10.28773566,9.645667673,9.955014339,9.825718229,11.02248823,10.89027194,11.04259725,11.052568699999998,11.18879416,11.13199798,10.64666247,10.5923974,10.74471155,10.60139293,10.32815319,10.27760535,10.03710197,10.09980823,10.26549002,9.196358515,10.75636583,10.74858863,10.50490559,11.08042959,11.12151625,11.04005698,9.391943136,9.05404263
Ga0242637_111672,7.9029621,7.8173266,8.059755798,7.663289,7.5870471639999995,7.411000683999999,7.395865089,7.196135551,7.136753537000001,8.116855905,7.552208805,7.711032034,7.675717737,7.60796369,7.6176143860000005,6.7181940220000005,6.803770055,6.454173358999999,6.373073995,6.05739422,6.435108205,5.954705207000001,6.374626861,6.1066750260000005,7.888367354,7.944910962000001,7.634490802,7.577128751,7.48341096,7.429304425,7.286074311,7.391103804,7.088524065,7.437297012999999,7.078978501,7.09310728,6.71277151,6.874497956,6.983950287000001,6.019942892,7.006528317000001,7.568629215,7.225931514,7.02277669,7.515619491,7.014855696000001,5.856806806,6.261361596
Ga0242637_111673,10.78544164,10.64527513,10.956667,10.48631817,10.63443018,10.58773875,10.20647934,10.30033089,10.25727862,10.94791274,10.74741386,10.62029902,10.71957253,10.54687859,10.31094587,10.77128048,10.55172172,10.33802948,10.37023498,10.43690072,10.39145485,9.495018168,9.087949403,9.447641708999999,10.67273328,10.53038483,10.56630539,10.01919009,10.30008593,10.17265981,9.899528145,9.89281456,10.10547473,10.43701705,10.00886485,9.986387269,10.152247599999999,10.39899629,9.920628986,9.994555776,10.22836253,10.50536912,10.50899473,10.22422856,10.56067528,10.53109503,10.11920122,10.04678461
Ga0242637_111674,11.23623702,11.20053936,11.46145155,11.07709131,10.99464525,11.10951195,10.97232837,10.99076048,11.01491739,10.76703213,11.16553283,10.95697256,11.39102808,11.39864914,11.35073348,11.127869300000002,11.11253659,11.01150569,10.77534945,10.41734958,10.51339582,9.483896582,9.087949403,9.709445216,11.39852706,11.0542686,11.43964087,11.04948335,11.24925167,11.15559765,10.80443328,10.85309022,10.86361235,10.68141851,10.30926432,10.51393279,10.50982498,10.71026831,10.65430892,10.86227553,11.03928413,10.92064317,11.23149567,11.12363219,11.105118800000001,11.16943039,10.87155166,10.95754531
Ga0242637_111675,11.1450894,11.1130617,11.27533832,11.33081548,11.35166298,11.45053954,11.68340271,11.70789202,11.70309805,11.66813683,12.11456308,11.84647052,11.4231117,11.30535715,11.30783312,11.81812394,11.92595187,11.82623157,12.3209709,12.57996877,12.57376628,12.21538295,12.07852909,12.273976800000002,11.70777488,11.81534559,11.73541912,11.52952063,11.45672696,11.42977236,12.32897469,12.37931254,12.10605021,11.33952408,11.6421329,11.83207356,11.66676422,11.63339424,11.55861415,11.46265858,11.94518615,11.95747076,12.156607000000001,12.11775609,12.36289928,12.16254642,11.68653268,11.58450937
Ga0242637_111676,8.383671095,8.398680827,8.380328857,7.608214201,7.754110171000001,7.764383521,7.4016997589999995,7.377868717,7.425844642,7.297266714,7.471739365,7.87660873,8.145043175,8.460486497,8.475711036,7.651029716,7.578924347,7.684660806,7.124127892000001,6.05739422,6.219701615,4.737776482,4.360694114,5.634681831,7.883260531,7.677505902999999,7.978097899,8.908365047,9.094179918,8.768581063,6.8688132170000005,6.783264879,6.989661896,7.915238753,7.819440891,7.658685042,7.104904802999999,7.617663192,7.794538966,8.052148145,5.322784787,5.692222557999999,5.4929873360000006,7.143569179,7.145730761,7.290835399,8.123793828,8.214439829
Ga0242637_111677,10.85804375,10.82432937,10.94984759,10.1788607,10.35316111,10.40114565,9.908698949,9.900305948,9.938965817,10.08228319,10.505110400000001,10.54160391,10.86872731,10.81701184,10.64377066,10.37379414,10.25098939,10.17385917,10.10465548,9.507392982,9.634419493,8.08150847,6.650909872000001,8.095131105,10.14758444,9.967436085,10.23237046,10.97858362,11.33834831,11.17189068,9.460580944,9.447068865,9.635523215,10.49131276,10.37096907,10.15486436,10.02707843,9.909705534,9.972466858999999,10.3756463,8.498732491,8.662523607999999,8.486697782,10.06112655,10.3501935,10.19432357,10.42293569,10.45657594
Ga0242637_111678,10.86558576,10.82888863,10.93668625,10.31715859,10.421526,10.36583818,9.931052134,9.964852643,10.05055858,10.04140529,10.45251805,10.63053651,10.87890419,10.88437431,10.61938689,10.54982094,10.37314815,10.32570334,10.84161153,10.68364025,10.62704313,10.21315138,9.814331867,9.914339399,10.2172082,9.893723417999999,10.32490377,10.6693294,11.26943504,11.09219422,9.72269817,9.599565737,9.780936029,10.62748726,10.68738211,10.16462817,10.08620087,10.39899629,10.47253039,10.32539334,8.474219156,8.742885433,8.123954856000001,10.00486809,10.01115266,10.03588079,10.37073214,10.30011973
Ga0242637_111679,9.70032305,9.614210617000001,9.802865714,9.234300789,9.31985618,9.206712154,8.76780047,8.925692202,8.707302017,8.93040438,9.441986195,9.663224018,9.348895367,9.34705869,9.20649943,9.063654632999999,8.85233777,9.021267637000001,9.577721857,10.20896934,9.993986507999999,9.855810704,9.490017675,9.573932261,9.176135574,9.408564534,9.042862975,9.55950339,9.871071892,9.607979705,8.795098286,8.896124081,8.862208751,9.589200522999999,9.632210729,9.521769915,8.743793816,8.737209164,8.650545927000001,9.083719515,7.840244568999999,8.123242734,7.6579456420000005,8.548751911,9.025565682,8.666789035,9.16230215,9.042352091
Ga0242637_11168,6.32298345,6.305766856,6.351053974,5.4977389389999995,5.854628971,5.915669562000001,5.817473055,6.129989577000001,6.090137845,6.645812063999999,6.746118336,6.543690071,5.896045455,6.3086570239999995,5.746021878,5.8968195439999995,6.568861414,6.848503936,7.234312005,7.890651932000001,7.532161574,8.541011036,8.789276021000001,8.356468223,6.6011031739999995,6.650502145,6.202568198,6.6975096679999995,6.933804968,6.414713711,6.263654101,6.303352024,6.3283223070000005,6.263546262999999,6.30042989,6.320124006,6.497069943,6.302017581,6.587416987999999,5.578091949,5.146328175,5.010237392,4.962237235,6.672675063,6.7469474510000005,6.069892649,6.554245461,6.178165077
Ga0242637_111680,8.69207623,8.966784192999999,8.921078565,8.733441042,8.772338492000001,8.957552615,8.96582936,8.829590168,9.158049586,9.238031655,8.352374536000001,8.464509069,9.039800092,9.078461686,9.079709352,8.005242568,7.592186625,7.502608842000001,7.624331064,7.448382325,7.332092723,7.594603642,7.956667266,7.510969952000001,9.114287637,9.023280815,9.191031549,8.700627807,9.027727146,8.55801954,9.097668399,9.060996162999999,9.083061054,9.448446123,9.576758895,9.60466297,7.836799837999999,7.344481926,7.582097605,7.175718301,8.540653268,8.734174255,8.739650504,9.105340887,8.845493285,8.959997888,6.756440132000001,6.659001264
Ga0242637_111681,7.4995357810000005,8.01435886,7.560014947999999,7.772065692999999,7.796983187,7.8801516110000005,7.765193941000001,7.93695628,8.27882575,8.405325407000001,6.944775112,7.222908003,7.603890144,7.77798923,7.806515592999999,6.523987701,6.672477757999999,6.346553939,6.976904564,6.99985293,7.25871707,7.418824905,7.85132434,7.459520327999999,7.9136336720000005,7.80304232,7.988424824,7.583970816,7.771320867000001,7.497402861,8.011879116,7.967385189,8.048269402999999,8.286755913,8.108827032,8.464952122,6.900325658,5.92592229,6.587416987999999,6.280056735,7.977400381,8.089487059,8.341373222,8.280398555,7.637941192,7.9858379610000005,5.979672646,6.149326563
Ga0242637_111682,7.913586724,7.973756739,7.922500134,7.550951808,7.704303491,7.595784494,7.709841645,7.632286067000001,7.767247445,8.249951783,7.769737205,7.925815431,7.681544935,7.9988841079999995,7.977262569,6.4284771339999995,6.826406529,6.9438319360000005,7.472755524,8.022227391,7.831031137999999,8.051685991,8.452019878,8.2317106,8.047484509,8.181543187,7.946665883,8.037105891,8.205928351,7.832246938,8.159210013,8.112866257,8.10086504,8.479609472,8.236413992000001,8.472228619,6.900325658,6.495236836,6.468505938,5.534287024,7.977400381,7.915458918,8.278879689,7.8499088960000005,7.809720408,7.74745114,5.88852457,5.669500702000001
Ga0242637_111683,11.05560653,11.05489716,11.10061468,10.625786999999999,10.57794516,10.67109598,10.37529914,10.39003326,10.54030113,10.34860866,10.40637609,10.61655821,10.29748597,10.65945089,10.35843448,9.972349653,9.970436051,9.968332089,9.987231717,10.29412872,10.30757013,10.54462404,10.67078222,10.42897685,10.60301344,10.39977012,10.54197738,10.89304482,11.16322701,10.88826548,10.1418061,10.29410129,10.20791904,10.01990282,9.966344883,9.936407625,9.548398133,9.833207306,9.761349796000001,9.23770373,9.159779472,9.2348289,8.838286876,10.04881289,10.23434668,10.1887207,9.292066053,9.354287151
Ga0242637_111684,9.235695213,9.055048425,9.406072982000001,8.813070902,8.589359563,8.704722654,8.102583274,8.28253761,8.532354804,8.736221902,8.769961737000001,9.116407636,8.44818843,8.768931817999999,8.416186836,8.342683691,8.135666156000001,7.978161755,7.817606351,8.369029157,7.960048835,7.925817953999999,7.956667266,7.572802832000001,9.012737849,8.972881139,8.593104806,8.913804699,9.222158425,8.938746934,8.390848527000001,8.187263879,8.660918316,8.879881119,8.572882632999999,8.778434895,7.8819997310000005,7.634159112000001,7.5884416660000005,7.633786882999999,6.638211925,7.518764527999999,7.042394207,8.060857659,8.586681998,8.680162137,7.471570599999999,7.557128287
Ga0242637_111685,5.4779191560000005,5.791084149,5.267470844,5.8320685789999995,5.9529722860000005,5.86244039,5.88587872,5.971026083,5.635336689,5.97404317,5.118479175,5.625366709,5.30734308,5.699327078,5.710277532,5.041600655,5.291238733999999,5.468932242999999,4.630727353,4.926323084,5.213380113,4.632374016,5.1328806060000005,4.577747215,5.740284804,6.142452997,5.721345382000001,5.673519212,5.638247326,5.53408641,5.837806122000001,5.520822417000001,5.882929632000001,5.596433381000001,5.5282672889999995,5.995141107,4.818200909,5.69298164,4.638428239,4.864979065,6.398391844,6.151927777999999,5.252278774,5.5438145510000005,5.139386515,5.7417055370000005,5.363917751000001,5.449890901
Ga0242637_111686,2.493146696,2.422088851,1.764951351,2.8641280410000003,2.4640428340000002,2.426167481,3.017944431,3.324328978,2.506512943,2.485405011,1.764951351,3.086552422,2.4697179680000003,2.7656934210000004,2.836309725,3.3312073310000003,2.492414675,3.1044040639999997,3.8692144980000003,2.654240015,3.64741757,3.735313503,3.6101325589999997,3.1138557000000002,2.473778066,3.3393896030000003,2.7960011330000003,2.7970937510000002,2.7038793560000003,2.8067615000000004,3.275786601,2.505573503,3.409177202,3.3047612,3.176288832,3.070329118,3.19781202,1.764951351,2.476742168,2.682367728,2.713663973,2.984995328,3.283209092,3.224071216,3.190463246,2.9136076980000003,2.9824992530000003,1.764951351
Ga0242637_111687,9.239922012000001,9.244426114,9.237114467,9.430289542999999,9.451450476,9.301117655,9.10995697,9.177052042,9.258765035,8.851520062999999,9.262345394,9.274323881,9.169828297999999,9.167979557,9.112466801,8.817650354,8.871495703999999,8.876666758999999,8.485436946,8.718546767000001,8.739418356,8.021233793,8.285555351000001,8.224024737999999,8.955505704,8.854920642,8.863761281,9.099496868,9.13109633,8.98953287,8.521559705,8.447769477000001,8.655068325,8.740969175,8.521977068,8.261601509,8.217900238,8.186126118999999,8.215129368,7.10296237,9.227341459,9.307092787,9.102829656,9.184393453,9.369474643,9.376171442,7.196336807000001,6.7385107710000005
Ga0242637_111688,11.87964693,11.84094048,12.12838855,11.952557400000002,12.01624894,12.00518257,12.02618973,12.08129448,12.2023708,11.636725,13.24095088,12.72628933,11.72620948,11.69396087,11.49729349,11.93171771,11.88546597,11.87296626,12.26872848,12.70876458,12.6073905,12.48682799,12.36998492,12.57214777,11.9993403,11.84920891,11.90851217,12.17072864,12.36119803,12.24567289,12.08496033,11.96124893,11.9490745,11.57998095,11.31290821,11.63546435,11.42292641,11.48332745,11.25653974,11.31192846,11.60481159,11.79996186,11.62347171,11.99637173,12.167491400000001,12.05065688,11.59069668,11.49728784
Ga0242637_111689,7.837516106,8.069347379,7.680283944,7.388086791,7.405004311,7.5235479000000005,7.354347442000001,7.238547087000001,7.288534984,6.40154095,6.61894186,6.916895597000001,7.646223174,7.936762485,8.04314106,6.67724492,6.733643871,6.767420737,5.8329961379999995,4.287870375,4.475808083,4.835778512,4.360694114,3.613718618,7.867830652,7.891636874,7.84235543,8.147436634,8.150220402999999,7.878373198999999,7.415903727999999,7.429934993,7.364368245,6.687824652000001,6.510290928,6.629125069,6.497069943,6.38244659,6.673555041,7.284988808,6.078158097999999,5.829920795,6.126665356,7.835641186,7.301956592000001,7.492349531,7.118452405,6.9536676360000005
Ga0242637_11169,6.354566335,5.933828587000001,6.4185770810000005,6.058697844,6.008895385,6.064438497,6.2651973110000005,6.326571788,5.968181014,6.633276347000001,6.862967371,6.8546892779999995,6.468742894,6.144458896000001,6.487438292999999,6.4284771339999995,6.54174819,6.7983644110000006,7.606232962999999,8.044249885,7.967741707,8.670918628999999,8.445454209,8.161017305,6.650078818,6.6070503920000005,6.129644375,6.806899709,6.924973725,6.73638347,6.651566065,6.79521804,6.546556319,6.746210316,6.833711741,6.585006897,6.71277151,6.342794463,6.777230907000001,6.198476607000001,5.015163076,5.618061775,5.736716005,6.6180948939999995,7.2854112639999995,6.80609677,6.473056715,6.414566467
Ga0242637_111690,9.793848868,9.821728782000001,9.791467659,9.319350581,9.429483813,9.275977278,9.321645737,9.285487733,9.284475919,8.487628254,8.280722947000001,8.852644714,9.744965281,9.792278094,9.842020515,8.769808627,8.781761555,8.544180759,7.512169382000001,5.872266967000001,6.457165661,6.078487558,6.6735829429999995,6.4348352570000005,9.834966691,9.737713626,9.573594367,9.786978541,10.03996459,9.868640939,9.579231134,9.506387199999999,9.382926328,8.662370275,8.440256382000001,8.714422297999999,8.815433355,8.969395947,8.70409708,8.932451467,8.149838021,8.339701844,8.371633101,9.531269627,9.400521559,9.421464842,8.861442637,9.122263569
Ga0242637_111691,9.733676226,9.794015745,9.779978833,9.249101245,9.305083952,9.262387756,9.027484375,9.151396024,9.076999413,9.221396445,8.891760737,9.13221441,9.760185421000001,9.800561873,9.764951726,9.379544979,9.196329237999999,9.047239997,8.807878429,8.007356657,8.194465399,8.148785899,8.855154005,8.192865056,9.706438255,9.585304415,9.666545799,9.569876858999999,9.959069376,9.62329483,9.746195452,9.878853758,9.495233858999999,8.933160847,8.936443634,8.982449206,8.959428987999999,8.84030935,8.715732102,8.382200476,8.23255386,8.351142043,7.974225995,9.674402311,9.672638198,9.536214521,8.771053242,8.601943819
Ga0242637_111692,9.565371328,9.535505991,9.474193838,9.263751397,9.16075373,9.208484937,9.122372629,9.153243806,8.996318575,9.459888155,9.066270373,9.070657667,9.125639256,9.289364619,9.255178248,8.908821746000001,9.194157017,9.228420369,9.044623911,8.980772669,8.982796269,9.017927176,9.390995542,9.156104995,9.440534373,9.410143688,9.343601104,9.185211369,9.334714092999999,9.212937897,9.248536355,9.332913612,9.117502311,9.022404264,8.939032961,8.754761801,8.780058266000001,8.847399187,8.890159716,8.57735024,8.809162002999999,8.971324292,8.889374917,9.248610876,9.198940822,9.095921345,8.749695592,8.508732019
Ga0242637_111693,7.419783434,7.304656941,7.435319747,7.8431704689999995,7.961481786,8.011888539,7.719215845,7.806811411,7.640214831000001,7.882986327999999,8.160402064,7.931849872000001,7.413927741,7.2147804639999995,7.438772332,7.4348482979999995,7.742490699,7.398807548,7.923707858999999,7.857866897,7.562964599,7.338747958,7.047854924,7.088175727,7.893456155,8.312295402,7.621277862,7.394586964,7.620940678999999,7.624648828,7.697012153999999,7.561656124,7.678895669,7.893893724,8.013761331,7.943359088999999,7.502405071,7.634159112000001,7.332852503,7.2176715520000005,7.600787457999999,7.538917829,7.618106103,7.796889059,7.070461826,7.631055507,7.0640879089999995,7.081100124
Ga0242637_111694,9.611772134,9.491609979,9.52095456,9.405547912000001,8.991162045,9.158004488,9.268375356,9.265126547000001,9.448876788,9.258559488,8.649167282,8.9026541,8.660713549,9.20728056,9.132778914,8.503442315,8.418474998999999,8.531969019,8.604155122,8.984573579,8.990368051,9.236895203,8.884573361000001,8.97565621,9.85074708,10.01283409,9.588942816,9.571598541,9.709604552,9.557494961,9.83524642,9.93255325,9.778247613,9.518449009,9.435373986,9.77809444,8.286737634,8.093742981,8.219222591,8.044400912,8.809162002999999,8.839456235,9.117188031,9.467939824,9.746994192,9.592461998,7.729024551,8.005523692999999
Ga0242637_111695,11.63442646,11.45213356,11.748544699999998,11.83785111,11.90309259,11.70967729,10.80086832,11.06625057,11.6015012,13.09818863,10.15340391,9.281429207999999,11.96286385,11.80997064,11.57109201,9.970234584,9.629880317000001,9.449028946,9.319091879,9.101198658,9.387284294,8.16744536,8.063438198,8.216297699,11.80480256,11.19052672,12.06822546,13.31305372,11.70597665,12.250886300000001,11.67130625,11.43366336,11.74323455,14.42494899,12.81617511,14.71996777,10.17057574,9.797047559,9.630709065,8.670881889,16.27043402,15.74844509,16.13248237,11.68210267,11.92681926,11.92823416,8.849445286,8.823034744
Ga0242637_111696,9.026519274,8.954318615,9.268512576000001,9.29894876,9.366847239,9.128345061000001,8.543479522,8.711656221,9.311821807000001,10.87865551,7.560878787999999,7.120917585,9.252386125,9.291978396000001,9.030037515,7.575102911,7.156185151,7.033241042999999,7.174141366000001,7.448382325,7.670592123,6.427695064,6.259363603,6.6103830089999995,8.729484163,8.22166854,9.241544805,10.40250702,8.824460231,9.376523556,9.508248379,9.102436297,9.423063948,11.68372911,10.17512936,12.20318495,7.559172932999999,6.665550105,6.884296102,6.40650764,14.53512856,13.98471543,14.63391733,9.357455794,9.52548886,9.501984881,6.065372936,6.261361596
Ga0242637_111697,5.156181191,5.165465121,5.009507295,5.703720787000001,5.021587205,5.825823053,5.243142292,5.29636356,4.828841676000001,6.682777196,4.914784288,4.8995810760000005,4.965630485,5.214161193,5.21817652,5.041600655,5.117168106,5.052757096000001,5.11866428,4.47713225,4.475808083,4.51831327,4.470928413999999,5.138108701,6.134403816,5.523343122000001,6.4014584789999995,8.228255186,6.541554465,8.089170202,6.437018356,6.286498537999999,6.455123949,8.659843699,7.568272886,9.367734111,5.540984152,5.8711413839999995,6.074870743,5.701982144,12.29968815,11.90216396,11.37282334,5.8779244870000005,5.346438148,5.4718936760000005,5.493680967,5.85982513
Ga0242637_111698,6.098811788,6.305766856,6.265603366000001,7.077451646,7.180497923,7.398625916,6.501155429,6.8850806470000006,6.834014716,8.364238869,5.816465234,6.42876132,6.547519883,6.389117109,6.018456382,6.907103172999999,6.582228827000001,6.260199411,6.115517037,5.967815598,5.837348212,5.3129993319999995,5.318206933,5.809865286,7.3058881410000005,6.327998564,7.951952357000001,9.617323879,7.9385167910000005,9.519801682999999,8.289116425,7.956789685,8.338422299,10.67329967,9.629007196,11.09234045,7.531068389,7.682543879,7.692227206,7.189838854,14.44507983,14.12937558,13.8495258,7.731607435,7.983847927999999,7.807190088,7.077872535,7.280129452000001
Ga0242637_111699,6.153735218,5.791084149,5.802013633,7.055153057,6.894829777999999,7.103094337000001,6.645951942000001,6.705150682,6.913123087000001,8.333605085,5.337731785,5.712434593999999,5.7918038570000006,6.060897007,5.780895195,6.2721494589999995,6.427877125,6.401370166,5.894129065,6.086052777000001,5.658047511,6.517819203999999,5.259079827,5.380361131,7.083408523999999,6.354531682,7.621277862,9.90228904,8.172762436000001,9.716688242,8.531140406,7.946115759,8.576777321,10.49131276,9.35039444,11.52901442,7.412828432,7.128566922999999,7.1215892389999995,7.175718301,15.00888486,14.52207183,14.36658492,7.736735375,7.877505654,7.716627197999999,7.35190134,7.111271886
Ga0242637_1117,2.493146696,2.422088851,1.764951351,1.764951351,2.4640428340000002,1.764951351,2.4060372180000003,1.764951351,1.764951351,1.764951351,1.764951351,1.764951351,2.7522056530000003,2.350359106,2.392844266,1.764951351,2.492414675,1.764951351,1.764951351,1.764951351,1.764951351,1.764951351,2.733434557,1.764951351,2.473778066,1.764951351,2.7960011330000003,1.764951351,1.764951351,3.0280757019999998,1.764951351,2.80145218,2.4662029569999997,1.764951351,3.176288832,2.606994275,1.764951351,2.910528862,2.476742168,2.682367728,2.713663973,2.984995328,1.764951351,2.710597517,1.764951351,2.4396198080000002,1.764951351,1.764951351
Ga0242637_11170,6.958032263,6.881377937000001,6.896803831000001,6.601009441,6.52541314,6.700938747,6.713230224,6.911542917999999,6.934949771,7.16426451,7.453230482,7.433254217999999,6.441495174,6.339359657999999,6.665502854,7.105277632999999,7.510718871,7.581769126,8.688267154,8.976961718,8.990368051,9.694725335,9.635544638999999,9.591957266,6.720552861,6.743722994,6.548470468,7.111677758,7.48341096,7.274019817999999,7.143382062000001,7.123747099,6.913246471,6.8385480770000004,7.238909425,6.9264158,7.284016434,6.817827167999999,6.884296102,7.664439853999999,6.110405722,6.52003258,6.522144706000001,6.795796967999999,6.7709286760000005,6.490685711,7.909376407999999,7.8621370939999995
Ga0242637_111700,5.764010054,5.589965812999999,6.04391266,6.765764293999999,7.274536619,7.379862271,6.821718982999999,6.793187538,6.6080663820000005,8.545578021,6.128586255,6.303844391,6.153086752999999,5.458683587,5.746021878,6.697865064,6.634490398,6.542156939,6.554112267000001,6.4143704,6.140072837000001,6.117484336,5.482136618999999,5.850504926,7.152982271,6.393435247999999,7.836650708,9.196413405,7.716110133,9.295986724,8.415198673999999,7.863439055,8.374472239,10.50193093,9.435373986,10.97644987,6.943631749,7.240564003999999,7.147606816000001,6.40650764,15.36597154,14.97109506,15.13032568,7.967984172,7.994063275,7.859858367,6.790335682,6.617536594
Ga0242637_111701,5.4779191560000005,5.222501755,5.739873769,6.774892775,7.088549121000001,7.118270661,6.930700823,7.068712767999999,7.008839465,8.851520062999999,5.597064109,6.08256884,5.896045455,5.477284507999999,5.4313862429999995,6.635096769,6.442613816000001,6.304025082999999,6.115517037,6.43677346,5.966199916,5.771053014,4.240772454,5.538322247999999,7.01030417,5.929323482,7.825173111000001,9.189702627,7.48341096,9.257243093,8.183716322999999,8.069267031,8.467533129,10.94377078,9.44269096,10.96832535,6.554101254,7.174415403999999,6.810194429,6.5448917589999995,16.14268842,15.70477234,16.15461997,8.060857659,8.344744454,7.968500757999999,6.668036582,6.4385855670000005
Ga0242637_111702,4.472236948,4.51037202,4.553815786,5.333525783,5.536779121,5.7496540860000005,5.6504501860000005,5.565714227000001,5.371488498,7.476254328,4.968531455,5.041850661000001,5.1123508730000005,4.351503758,4.500591236,4.904869941,5.189379758,5.494474307999999,5.169295709,5.315634683,5.264641359,5.819219846,6.032308005,5.434983135,5.670566159,5.179903711000001,6.385895806000001,7.89029367,6.6311953379999995,7.772433565,6.817496362000001,6.67097133,6.801082084,9.106446895,7.852785529,9.672561172,5.934684068999999,5.92592229,5.237520891,5.955130093999999,13.96684626,13.41597173,14.15216628,6.085617447000001,6.1205945879999994,6.281640101,5.686739139,5.748692192
Ga0242637_111703,5.506428846,5.165465121,5.535401821000001,6.460924027000001,6.180978051,6.769858918,6.434342163999999,6.339635747000001,6.3722996720000005,10.34956578,5.663258026,7.28080828,4.92643527,4.918501658,4.9362872310000006,6.065275132999999,5.917530311,5.889987305,6.089640734,5.967815598,5.73248443,5.997163747,5.844865089,5.264394062,6.637990255,5.294670595,7.673418308,8.684806144,7.08415517,8.582604734,8.816149702,8.236273269,8.810515827,11.25793397,10.16078176,11.18270764,6.311006991,5.978686848,5.704960286,5.9215911729999995,16.12640541,15.58108721,16.44751408,7.365097168999999,7.809720408,7.6798128310000005,5.949929124,6.288056674
Ga0242637_111704,5.561794167,5.713996002000001,5.380760691,6.145840992999999,6.228823567999999,6.184858116,5.670000819,5.713942175,5.880705882999999,7.240582214,5.020303588,5.6549823770000005,6.066476507999999,5.730621097,5.577629402,6.2443583579999995,6.114667556000001,5.870659151,6.115517037,5.315634683,5.803239861000001,6.298008836,5.996728318,6.234841304,6.185187692,5.569536649,6.520245445,8.65912489,6.916088004,8.640623102000001,6.93771718,6.657935912,6.863342731,9.307063935,8.282002162000001,9.938160198,6.311006991,6.5309503410000005,6.292926043,6.566714891,13.385068900000002,13.25612305,13.10645083,6.918276297,6.949629269,6.918778087000001,6.5931841129999995,6.7385107710000005
Ga0242637_111705,9.386291318,9.274820302,9.472608741,9.674002186000001,9.663187435,9.616280644,8.996986233,9.079366653,9.027105087999999,10.04022016,8.578362913,9.006356683,9.236643974,9.102484467,9.008214603999999,9.542156661,9.330937293,9.26576926,9.245017961,8.865950068,9.027642048999999,8.970905112999999,8.825122152999999,9.192001600000001,9.438795307000001,8.864167744,9.976374051,13.44382288,11.46169307,13.13303611,9.735185566,9.549328236000001,9.858071075,12.49331437,11.89174986,13.09104043,9.227974701,9.496921808,9.088889525,10.27828842,16.59923847,16.23852521,15.80109436,9.612998605,10.0434754,9.830541556,10.13740523,10.58030214
Ga0242637_111706,6.041703224,5.713996002000001,5.9916017,6.505497762,6.499659658,6.585493385,6.23932315,6.0367391239999995,6.070517943,8.047760622,4.968531455,5.992826981,6.084221612,5.566816086,5.292855855,6.834485387999999,6.203932956,6.168321925,6.3295493679999995,6.7001160639999995,6.967761387,7.661957976,7.821206766,7.596812094,6.673955573,5.929323482,7.118085895,9.455182569,7.685079721,9.416143722000001,7.2243926489999994,6.99496906,7.172867403,10.04335294,8.994853018999999,10.34190469,6.85567705,6.5998232429999995,6.074870743,6.6508413310000005,14.86163246,14.43093393,14.74035912,7.0641762660000005,7.515619491,7.197157953,6.63109689,7.065773967
Ga0242637_111707,4.349151887,4.2559482730000004,4.936924235,5.175905001,4.9074591430000005,5.583952678999999,4.708165356,5.1842268439999994,5.087212789,8.13473563,4.858901346000001,5.564227731,4.7121471669999995,4.3921291710000006,4.217393007,4.83117596,5.001430864,4.656285493,5.3111713830000005,4.5628060999999995,5.104939347,5.819219846,5.844865089,5.48758844,5.4383337670000005,4.6836464069999995,6.202568198,8.206256052,6.275628467000001,8.156227293999999,6.731384782999999,6.368856881,6.758027362000001,9.467351874,8.286075971,9.499390434,4.995296209,5.560550526,5.027402438,5.182918672,14.3946454,13.813876,14.38190214,6.223772972999999,6.4528445229999996,6.05350259,5.757208706,5.5856647520000005
Ga0242637_111708,10.96404182,10.86429801,11.00571477,11.22124704,11.32628304,11.3621248,10.98792024,10.97569879,10.97534268,10.79681105,10.82051254,10.50767195,11.21091234,10.98673719,11.00176324,11.09718499,11.0460436,10.98263558,10.57712979,10.24427284,10.29233711,9.419201516000001,9.570661196,9.630255587,11.1591942,11.10194698,11.24615548,10.90947445,11.04042668,10.98562394,10.73013164,10.56301373,10.71760528,11.1028918,10.6554629,10.87625599,11.11519822,11.21390893,11.14908985,11.62206926,11.41744494,11.34637447,11.44503011,11.38471074,11.35339829,11.33370943,11.51866356,11.65848481
Ga0242637_111709,9.014233319,9.055048425,9.120493482,8.950216315,8.855801316,9.013382349,8.710212551,8.714161981,8.652408636,7.98507774,8.641015499,8.622075031,9.262138444,9.172241958999999,9.256721509,8.817650354,8.692243056,8.60664937,8.300881287000001,7.672334383,7.814061043,6.80702934,6.556467632,7.307763969,9.396416144,9.192500246,9.29243392,9.301821697000001,9.32132579,9.33991053,8.408283333,8.521513909,8.535978435,8.877708448,8.34193317,8.581680382,8.894750252,8.861475172999999,8.775322325,9.192858991,8.82863001,8.476569016000001,8.572566321,9.230552872999999,9.442148589,9.300261074,9.259192249,9.236109407
Ga0242637_11171,5.4779191560000005,5.405818514,5.760888199,5.6449828129999995,5.1934255810000005,5.237648343,5.4612961460000005,5.829811382000001,5.661855816,5.913007532000001,6.365128764,5.897093888,5.337388894,5.191750273999999,5.474722084,5.78534409,6.304208793,6.467076724,7.05906653,7.1698242379999995,6.983033213,7.990124699,7.947402348,7.8772248639999995,5.890859337,5.266836838,5.386665998,6.094628135,6.233280996,6.383022246,6.101270058,5.808096677999999,5.882929632000001,6.063511547,6.147299628,5.8973266970000005,5.650022798999999,6.029579036,5.901816212999999,6.331979231,5.429319039,5.539840324,5.736716005,5.741238147000001,4.896774386000001,5.635402322000001,6.4937874639999995,6.757720504
Ga0242637_111710,7.608189757999999,7.626203202999999,7.624262146,7.643504347,7.459403752,7.315491826000001,7.311598419,7.358771302999999,7.410353145,7.778810171,8.210843254,7.967535689,7.749694085,7.485391741,7.912153159,7.743119732,7.308610488999999,7.264971957,7.411537556,7.574825945,7.457620293,7.371314461,7.287064152,7.433090161,7.8151717220000005,7.99207485,7.518121549,8.100500133999999,8.023657583,8.118291537000001,7.81152965,7.707844916,7.56493492,8.400093042,7.998945152,8.239027495,7.349860838,7.600976356,7.147606816000001,7.3865558039999994,9.905264897,9.687018071,10.29518169,7.03947954,7.676512824,7.080913464,7.591700293,7.692965646
Ga0242637_111711,9.271234312,9.423908851,9.162391687000001,9.154441477,9.020848291,9.299455192,9.538332432,9.549566187,9.567066836,9.360835602,9.188760925,9.163317664,8.840712734,9.002300378,9.017347637,8.935086204,9.247504765,9.172486876,9.116692791,8.163064737000001,8.18129284,7.97960407,7.517433931,7.700164855,9.651939699,9.713617335,9.470560801,9.432623947,9.684988566,9.539668554,10.24921963,10.49416926,9.954099861,8.826811961,8.939032961,9.182011689,9.329341951,8.826024275,9.401389886,8.522642102999999,9.422533622000001,9.265379951,9.638973991,9.716529827,9.442148589,9.563891163,8.837347319,8.679467488
Ga0242637_111712,11.98915549,12.03790049,11.93878522,11.91927279,11.81948216,11.99981829,12.29280027,12.23445391,12.299611800000001,12.42811116,12.36429009,12.10125287,11.52706805,11.76176021,11.66821968,12.12757822,12.31259415,12.36777276,13.01178832,13.00898362,12.97986946,12.79572873,12.69145597,12.79695659,12.25443244,12.21057392,12.2232522,12.10478344,12.26001299,12.23047439,13.09032673,13.31578022,12.75245913,11.63568307,11.74522048,12.05700853,12.08185535,11.89864729,12.29557258,11.61554941,12.03066546,11.91570928,12.24670105,12.49585328,12.38344125,12.30443946,11.56341559,11.46554327
Ga0242637_111713,6.29069105,6.466798012000001,6.323131073,6.747331858,6.405708415,6.798415299999999,6.665497293,6.545285916,6.798734062,5.093771919,4.306336811,4.9960046369999995,6.646265381,6.922424455,6.7730439239999995,6.187109631,6.132970042999999,6.000784126,5.520095341,4.988943819,4.718346846,6.228496762000001,6.134042288,5.587314472,6.575975848,6.703034832999999,6.520245445,5.910445054,5.742810498,5.86832935,5.937547792,5.921769181,6.28344191,5.6587811420000005,5.4427701079999995,5.662109912999999,6.437684056,6.458614121,6.45466585,4.934560538,7.006528317000001,7.380417295,7.3768240679999995,6.5843248370000005,6.003829894,6.350289248999999,4.94560721,5.299807274
Ga0242637_111714,4.213849054,4.414199049,4.452168233,4.831518636,4.325924049,4.739118302,3.9642345660000005,4.573021305,4.099120538,4.762303356,4.609972668,4.3575869030000005,4.7577086710000005,4.862585374,4.8724601519999995,4.83117596,4.582983929,4.94510423,4.476506155,4.182356513999999,4.859361138,5.094429967,4.668031599,4.999446763,4.354923841000001,4.595882851,4.904712457,4.2396179919999994,4.047550568,4.396006508999999,4.328871157,4.318388806000001,4.50244731,5.235803123,4.579888975,4.631806248,5.29418298,4.122987674,5.027402438,4.545835038,4.7922398369999994,5.499061404,5.4929873360000006,4.1281220880000005,4.079391123,4.19184173,4.347120349,3.866371795
Ga0242637_111715,6.978427357999999,7.130844258,7.2178236479999995,7.452047812000001,7.418797831,7.398625916,6.722589788,6.783667303,6.902084452,6.832822792999999,7.009569179,6.266065182999999,8.219018457999999,7.940099621,7.759383144,7.7231575370000005,7.324592891,7.264971957,7.347604102999999,7.115364884,7.085629977000001,7.0068739110000005,6.71788509,7.307763969,7.235476542000001,7.574208512999999,7.414691223999999,7.149077573,6.804950083,6.821545624,7.168166952000001,6.618106021,6.942379346,7.635529528999999,6.705628804,6.816279252999999,7.215019439,7.403416726000001,7.413681873,7.323919898,8.604161912999999,8.512674153999999,8.748901399,7.397842354,7.457734758,7.269751632,6.887483154,7.2397333989999995
Ga0242637_111716,7.141033108999999,6.974920926,6.9524918389999995,6.8545451239999995,6.600018259,7.095445811,6.873044736000001,6.725184894,6.450209912,6.40154095,5.454693014,5.3988349929999995,9.401024504,8.813275357,8.791101886,7.135810064,7.578924347,7.964595047,7.769630362999999,6.246939936,6.270436562,5.819219846,5.197383578999999,6.787850294,6.893183402000001,8.425942282000001,7.344054214,8.5410608,6.824078915,6.9019515160000005,6.567059952,6.79521804,6.62055302,7.34591595,7.344288572000001,7.11807531,7.9472493879999995,8.045233187000001,8.283181999,9.561832208,7.354366525,7.013526688,7.966315472000001,7.345086954,7.529734682000001,7.486270168,9.152570893,9.796076600000001
Ga0242637_111717,7.929378321000001,8.049948417000001,7.734210302999999,8.033801237,7.709923288,8.075447411,7.911386179,7.266143571000001,7.599815156,7.6969265689999995,6.479428548,6.394164259,10.28606009,9.799643798,9.787547199999999,8.013483836,8.546600087,8.641167493,9.074543087999999,7.209359308,7.367425752999999,7.479830403999999,6.781882584,7.711204221,7.777131827000001,9.132541567999999,8.25965504,9.253301833,7.726306962000001,7.671251269,7.591051534,7.554645612000001,7.371523435,8.202458639,8.131645634,7.875455499999999,9.041389521000001,8.71412386,9.338815039,10.50544459,8.180468173,7.960973966,8.994224138,8.304769784,8.488950603,8.658705257000001,9.854926074,10.62670599
Ga0242637_111718,8.251736396,8.010349702000001,8.181199377,8.415461938,8.207736369,8.514327722,8.158775196,8.012200528,7.911755877,7.795767661,7.543486369,7.044970404,10.73085356,10.1217665,9.884564373,8.684648994,9.066975968,9.285906316,10.44975216,8.549224447,8.959839504,9.757643703,8.522336024,9.55567919,8.541323928999999,9.859456219,8.562330872999999,9.460767534,8.446924966000001,8.919576248,7.946548909,7.757532427999999,7.349950425,8.833553361,8.910291477000001,8.794003844,9.491214623,9.001529964,9.346319229,10.55125835,8.516847921,8.434168109,9.648890769,8.777415506,9.301194202000001,9.083897555,9.703206055,10.90472228
Ga0242637_111719,6.488686059,6.369853539,6.726215596,6.938169418999999,6.53811905,7.103094337000001,6.655757792,6.390735909,6.40397205,6.832822792999999,6.031900167000001,5.36332174,9.13840342,8.631218781,8.198978995,7.058230551,7.431766887999999,7.622659493,8.567217695,6.984740346000001,7.085629977000001,6.830653764,5.429562132999999,6.849139407000001,7.321078786,8.568532972,7.079947528,7.69557724,6.81454626,7.866979213,6.928073273,6.604580627000001,6.386063106,7.744489856,8.057317923,7.796485849,8.368406927999999,7.567011883999999,8.267456073,8.01298899,7.634370053,7.335032292999999,8.846928187,8.023583911000001,8.29603829,8.256127567,7.471570599999999,8.390754503
Ga0242637_11172,2.493146696,2.422088851,1.764951351,2.409644588,1.764951351,1.764951351,1.764951351,1.764951351,1.764951351,2.485405011,1.764951351,2.545388166,2.4697179680000003,2.7656934210000004,2.392844266,3.063272146,1.764951351,1.764951351,1.764951351,2.654240015,2.653701924,5.0133739969999995,4.240772454,3.967222743,2.757788731,1.764951351,1.764951351,2.7970937510000002,2.434624694,2.509444961,1.764951351,2.80145218,2.4662029569999997,2.418245537,2.491398329,2.3645287759999998,1.764951351,1.764951351,1.764951351,1.764951351,3.084464068,3.775076592,1.764951351,2.439497919,1.764951351,1.764951351,2.638270533,3.045854701
Ga0242637_111720,7.768958134,7.76117063,7.899085357000001,7.725776225,7.7810548079999995,7.844107094,7.6125869139999995,7.768741324,7.633559673,7.273245809,6.730822255,7.172814876,7.798772194,8.130315279,7.916065586,7.586197478,7.611854076,7.315736935,7.442471472,7.969494816,7.6986024760000005,9.326782485,9.692099641,9.03834752,7.996371539,7.878005065,7.972906574,7.944458356,8.052307832,8.023981344,7.863022247999999,7.720428227999999,7.583538408,7.8809333939999995,7.6143719579999996,8.089322666000001,7.813657267999999,7.995034777000001,7.6803978310000005,8.598665444,7.7512182,7.786556685,7.807131587000001,7.762105052999999,8.148373627,7.933188271000001,8.250855507999999,8.714267077
Ga0242637_111721,8.824627927,8.547188129,8.727316577,8.66886089,8.552308196,8.629965315,8.721915526,8.780222768,8.700951348,9.540890174,9.334886848,9.33021009,8.681213059,8.524124899,8.682762245,8.663859052000001,8.790415291,8.985894024,9.020916709,9.278855693999999,9.38153742,10.01622473,9.81178185,9.807835682,9.592175443,9.700771547999999,9.721739046,9.900920212,9.856062735,9.689461209,9.450518963,9.572065084,9.291615711,10.17568769,10.25106687,10.12747608,9.031395521,8.811596323,8.563079559,9.564542711,9.252784118,9.040082456,9.266361157,8.692890241,8.646183934,8.54343109,9.361291831,9.744101991
Ga0242637_111723,8.849736931,9.033483481000001,9.128568474,8.740441348,8.863383934,8.978483059,9.019920074,9.134658611,9.134680329,9.174635084,8.503902854,8.680578518999999,9.222727251,9.108428172,9.169290865,9.08335906,9.021145617,9.14468806,9.332910924,9.72975594,9.65600331,9.446192926,9.505880167,9.549543148,9.101153639,8.989877432,9.05764839,8.838579956,9.058312932,8.753193426000001,9.071644923,9.028483448,9.125985661,8.724137877,8.650769945,8.887678156,8.815433355,8.69852582,8.829874058,8.376041256,9.677301574,9.499280785,9.805599195,9.529793638,9.560274219,9.449848617,8.316244755,8.295473179
Ga0242637_111724,9.770664538,9.838782927,9.569216605,9.707728154,9.698941373,9.859071186,9.756573693,9.645891365,9.774826628,10.29198049,9.389430167999999,9.323341571,9.558107239,9.693924383999999,9.766035764,9.561954867999999,9.892199042,9.964929806,10.31977709,10.6505302,10.51602106,10.65945996,10.76738182,10.78419445,10.24434249,10.50252862,10.05707131,10.03923715,9.899504008,9.628363953,9.612702583999999,9.695078674,9.673635144,9.619420731,9.358154186,9.38454206,9.329341951,9.465012168,9.754315813,9.607232158,10.11203751,9.847066749,9.895806952000001,9.67840444,9.305301417,9.334493057000001,9.757713655,9.69517037
Ga0242637_111725,7.513573847999999,7.712643373,7.284418297,7.040093271,7.008693544,7.032750478,7.317783595,7.439759112999999,7.219094638,7.305185537000001,7.264419816,7.3545591120000005,7.31241343,7.356427236,7.28385165,7.237849985,7.424370313,7.4645538170000005,7.6332956329999995,7.9067691170000005,7.670592123,8.819877576,8.300185137,8.559432531,7.836466595,7.99207485,7.5037924,9.092318594,7.396676545,7.349663901,7.668351166,7.805564697,7.5205698739999995,7.401436691000001,7.375221716,7.539024539,6.943631749,7.460036408,7.915520741,8.376041256,7.089610639,7.013526688,6.849335065,6.8816874420000005,6.422869211,7.204584092,8.123793828,8.390754503
Ga0242637_111726,6.958032263,7.284872882999999,6.9524918389999995,6.946270907000001,6.8240000929999995,7.000349148,8.387621867,9.015789901,7.378861583,6.988511357999999,7.376722865,7.398807862999999,7.960873981000001,7.3107410470000005,8.032368174,7.971798323,8.388388317,8.459671513,8.388188391,8.247746052,8.214001377999999,9.219120093999999,8.32900693,8.971072257000001,7.54459296,7.545748491,6.756313597999999,10.91761963,8.165287503,8.049403873,8.100355403,7.908122317,9.559274359,7.823385712,7.906701749,8.529155741,8.575173557000001,9.698557316,9.874664065,11.26354095,9.047959191,7.20231055,7.185603978,7.005877925,7.070461826,8.263254097,11.04023646,11.50582558
Ga0242637_111727,8.059446467,7.692765767000001,7.9771915689999995,7.838827674,8.083379308,8.063741528,8.032880908,7.95825428,8.022866764,7.856292827000001,8.645097149,8.225089553,8.008008761000001,7.885756001,7.848066195,8.406651496,8.433286228,8.456444427000001,8.666603525,9.054950836,9.016560626,8.437199395,8.398638173,8.335221727,7.893456155,8.058035577,7.760359455,7.745251183,7.338030185,7.324887692000001,8.383815166,8.47772117,8.096554592,8.052565185,8.13616635,8.460080652,7.71718383,7.982207333,7.974830002999999,8.3574042,8.876180688,8.789878697999999,8.859793862,7.99391219,8.024282216,7.878543368,8.207645687000001,8.200480342999999
Ga0242637_111728,8.268386241,8.099853,8.540217037,8.774942199,8.970246203,8.841247584,9.031251702999999,9.069615623999999,9.084336922,10.56677724,9.519620532000001,9.348367852,8.884305399,8.51072247,8.550599705,9.756144291,9.70044801,9.928130588,11.40301642,11.51906507,11.53678958,10.33986593,9.349401766,10.44559324,8.828439752000001,8.95135024,8.626545268,8.061819152,8.01536616,7.939480076000001,11.30505115,11.3993569,10.32214497,9.290827013,9.900118651,9.654551965,9.713752245,9.007871755,9.481948416,7.880016897000001,10.07380208,9.700496056,10.13859877,8.994139292,9.288801929,9.051335369,8.213898341,8.186384427
Ga0242637_11173,8.8441948,9.049198975,9.0731641,9.20254764,9.217076552,9.039511732000001,8.462083086,8.63173656,8.65897616,9.217207496,10.63288529,9.191251609,9.594071733,9.339498163,9.144496899,9.651795351,9.53351728,9.453891422,8.783931818,8.3632012,8.313946608,7.903728964,7.759016224,7.906332902000001,7.7881031489999994,7.640304413,7.859335428,8.105263121,8.111849288,8.00331565,7.922480414,7.9831339020000005,7.912634412999999,9.455746916,8.870152199,8.718507392000001,9.986273007000001,9.949782978,9.734436228,10.13975569,10.686068800000001,9.952213102,10.37949036,7.652416054,7.689144099999999,7.732121531000001,10.08720655,10.22799013
Ga0242637_111733,7.7921748420000005,7.775415969,7.826469712000001,8.029996886000001,8.092011806,7.979026869,7.733163858999999,7.797387699,7.79733088,7.850894318,7.366867463999999,7.327342841,8.182505037,8.248073435,8.2021866,7.752998145,8.002956308,7.865877042999999,7.7200030889999995,7.333819682000001,7.29587177,7.2884756070000005,7.047854924,7.138128712,8.199021269,8.225261547,7.876117817000001,7.590780566,7.920868400000001,7.475058904,8.223656977000001,7.951462597000001,8.039313917000001,8.219716847,7.938109702,8.300275348,7.613790029,7.364395791000001,7.5434355989999995,7.780923367000001,9.482139424,9.203616822999999,9.190310645,8.101173553999999,8.004206773,7.906124631,7.89388166,7.8621370939999995
Ga0242637_111734,9.766275689,9.899644601,9.788922481,9.961443714,9.925903083,9.920926725,10.12949152,10.01041644,10.02536642,9.672160797,9.935776993,9.732262029,9.979391714,10.03938834,9.917133202999999,10.71933531,10.78176666,10.98151357,11.01191037,10.99286582,10.91155223,10.95891528,11.02023232,10.91404678,9.578024856,9.433625893,9.853255625,9.766079526,9.884789256,9.885675489,9.915465635,10.00246627,9.99981897,9.832953581,9.601486063,9.878258084,9.954893197,10.18622274,10.22128231,10.66675952,11.57846295,11.02342141,11.58783112,10.41459506,10.11072734,10.28376117,10.72166534,10.81710778
Ga0242637_111735,9.333869511,9.384189074,9.396073433,9.629448443,9.614593227,9.784970878,9.590330876,9.637995451,9.767248448,8.938060651,8.817754008,8.561098114,9.57854504,9.565869607,9.447178657,9.360291435,9.266237037,9.016893081000001,9.405329032000001,9.35423726,9.595232342000001,9.330926251000001,9.129498714,9.355683387000001,9.506772847,9.358733114,9.582141435,8.728676712999999,9.113727314,8.765516639,9.851905932000001,9.701438412,9.880805667,9.354706177,8.918187026,9.760372745,9.483904638,9.081875165,9.073146815,8.782194867000001,11.07944869,10.69909207,10.95102294,10.00805179,10.0989457,10.00326902,8.72364187,8.894135604
Ga0242637_111736,7.319463545,7.291497787999999,7.0662358439999995,6.954327086,7.2125307979999995,7.1407395970000005,7.119604227999999,7.167151527000001,7.049420682999999,8.047760622,7.336890401000001,7.193061546,7.058401907,7.192559526,7.301910534,7.346253517999999,7.424370313,7.451642255,7.531479468,7.815808811,7.670592123,7.675059347,7.316156717,7.406166355,7.328614493,7.568561275,7.367986553,6.90856352,6.9771668689999995,7.019879774,6.878860761,6.549170864,6.801082084,7.241601646,6.681065397999999,6.68870323,6.243220588,7.567011883999999,7.362772033,6.877218346,7.634370053,7.518764527999999,7.315859932,6.9627429020000005,7.2172625870000005,6.7764928520000005,7.270227002,6.902816122999999
Ga0242637_111737,9.494615688,9.582162266000001,9.387687199999998,9.292612784,9.2957739,9.332345812,9.344536182999999,9.246206256,9.336612197000001,9.642790283,8.89519191,9.073389383,9.415079549,9.664978322,9.489796342,9.314341279,9.422852204,9.537198233,10.00114553,10.49800718,10.41415049,10.63788151,10.70553871,10.75516137,9.710768129,9.772506092999999,9.730992298,9.598869638,9.65060807,9.494114326,9.642471627,9.891424544,9.596377054,9.194615609,9.067649347,9.170129608,8.905733439,8.76742588,8.832548235,8.850420866,9.719624513,9.420027597,9.812233045,9.438351117,9.233836823999999,9.465379367999999,8.841391258,8.978350221
Ga0242637_111738,5.94116114,6.063639229,6.378444875,6.709743585,6.612084897999999,6.322441609,8.467654768,9.167941469,7.425844642,7.558050286,7.905253748,7.433254217999999,8.202904281,7.013990056,8.074985155,10.02628043,10.56942699,10.764501300000001,12.18358956,12.82567498,12.62695233,12.53386895,11.44975639,12.38797703,7.85223389,7.708646358999999,7.070253094,10.53635903,8.446924966000001,8.603349306,8.011879116,8.108086477,10.18678803,8.319142064,8.745525106,9.21419161,10.21980958,10.68674573,10.75005926,12.51376872,11.09560836,7.357903407999999,7.917918867000001,7.695191971,7.543713017999999,8.937901365,12.38885373,12.74914422
Ga0242637_111739,11.21331271,11.15587669,11.40023675,11.56438157,11.62206549,11.5876227,11.83307111,11.90992272,11.90408947,11.00308963,11.97319119,11.94931167,11.03665076,11.07398739,10.85615591,11.0185153,11.0460436,11.00102385,11.13216889,10.94490238,11.15583916,10.18137614,10.13714601,10.35526172,10.87532169,10.55486091,11.05431654,11.34202162,11.42929851,11.38005051,11.76630248,11.60372545,11.85812069,10.96541492,10.83091319,11.15622446,10.82246322,10.82604394,10.68792168,9.251226271,12.24911592,12.35766648,12.51075942,12.04316046,12.40704295,12.13124493,9.79988384,9.283224492
Ga0242637_11174,7.389652676,7.343428574,7.595413269,8.290659349,8.155159352,8.151148844,8.872312225,8.866101117000001,9.037222964,10.33127108,10.49383925,9.381809664,8.381746912999999,7.857796437,8.214946158,8.146827168,8.197706081,8.270500252,7.668606731000001,7.672334383,7.479313968,6.80702934,7.21165498,6.869002875,7.771614702999999,7.281506105,8.334417327,8.345609246,8.311277217,9.093387209,10.17884506,9.755921757000001,10.103328300000001,10.50334079,10.28402766,10.42173918,9.312934355,9.98877709,9.029529801,9.060864605,9.441623906,8.941363451,8.876771525,9.101371593,9.26369338,8.745228857,9.051467816,9.08855634
Ga0242637_111740,8.917274681,8.972976819,8.911750392,9.317791413,9.292032991000001,9.14695354,9.277920088,9.180680222000001,9.042255414,9.005197747,8.891760737,8.561098114,9.194484447999999,9.149362221,9.069208425,9.484045591000001,9.603933853,9.690635612000001,9.464274902,9.49678637,9.529191673,9.223584446,9.401209269,9.366195272999999,8.955505704,8.962155859,9.098735729,9.113747141000001,9.174556396,9.051229106000001,9.042912761,9.005537549,8.953215449,8.719292642000001,8.451181853,8.583921242999999,9.279548484,9.329809279,9.579095879,9.053165122000001,9.70915961,9.576843899,9.920577456,9.264672041,9.074515926,9.093924327,9.068818092999999,8.986507473
Ga0242637_111741,6.385470317,6.854775413,6.6938959879999995,7.321155451,7.411917569,7.26184211,7.311598419,7.533568667999999,7.50089928,6.8437422660000005,5.630544265,5.897093888,7.2112853139999995,7.198146964,6.920648621000001,6.73823992,6.848692689,7.075947426,8.388188391,9.734277933,9.38153742,11.25226875,10.94775785,11.10918982,6.312439793999999,6.216678807999999,6.338170869,6.951542017,6.907147127000001,6.685357821,6.639793323999999,6.590926915,7.189159462,6.950364584,7.221990955,7.341214495,8.200165012000001,8.826024275,8.827194916,7.948034975,7.896681636,7.690740897,8.389488927999999,7.684616372000001,7.31831415,7.5400830260000005,7.901649844,8.106293669
Ga0242637_111742,9.527836824,9.500210869,9.618785354,9.247464229,9.363286387999999,9.165325035,8.88277581,8.866101117000001,8.87181369,8.52199762,8.430127572,8.533588151,9.891647122,9.748228205,9.619002884,8.610534246,8.505143504,8.270500252,7.1113485139999995,6.4143704,6.64179798,6.488400766,5.804244499,6.40791227,9.767291343,9.708492738,9.69519452,8.959231837,9.41568824,9.078648153,8.803028612,8.79269572,8.912113182999999,8.799526827000001,8.589459612,8.762696077000001,8.430568203,8.163579152,8.325564559,8.555715332,8.157556759,8.587127097,7.95036305,9.337346747,9.504207787,9.411878111,8.590622556,8.654086393
Ga0242637_111743,10.68050866,10.81918292,10.84348822,10.66678194,10.78906496,10.720384,10.60245367,10.49575565,10.64820756,10.38920184,10.42667094,10.39863097,10.7634904,10.72812935,10.50587612,10.83659291,10.80543925,10.81765291,10.66168581,10.44795498,10.51994999,9.788102913,9.927011758999999,9.928594423,10.93205095,11.00548293,10.89468231,10.51146095,10.69534649,10.34267151,10.57514571,10.47666405,10.55670989,10.29364128,10.1225684,10.39135734,10.24597266,10.05763886,10.24455978,10.22102905,10.24113064,10.33868138,10.26164512,10.71200994,10.78312379,10.70012099,10.3846541,10.22282066
Ga0242637_111744,9.505189453,9.535505991,9.548300341000001,9.9229916,9.976890194,9.93277137,9.885993955,9.732482458,9.858516288999999,9.740886124,8.367276083,8.185232652,9.59869734,9.584112414,9.746397349,9.106654509,9.143271299,9.112247873,9.446588455,9.327551411,9.435229917000001,9.465167925,9.377263768999999,9.184101412999999,9.862470117,10.248218099999999,9.854667293,9.041044938999999,9.13874927,8.863355847000001,10.19500643,10.05927757,10.05639037,9.643916443,9.663860778,10.03551208,8.980359801,8.46956262,8.890159716,9.025888631,10.59095271,10.28601482,10.59614265,10.30064723,9.713389353,9.97858771,9.030368219,8.953597996000001
Ga0242637_111745,9.757457732,9.777600499,9.797811026,9.913732417,9.956947341000001,10.12617686,9.810181546,9.698720194,9.876942155,9.943377475,8.183038428,8.220167258,10.24730671,10.15085488,10.10704822,9.294191297000001,9.165616401,9.07485886,9.29952009,9.118598816,9.421292917999999,9.506054671000001,9.483623517,9.188056914,10.08780752,9.86407248,10.23128408,9.053419276,9.480361258,8.789851665,10.10913124,9.863339205,10.18272775,9.739137665,9.788257376,10.15260176,9.210365407000001,8.441725063,9.00128685,8.777529655,9.844406928,9.992946182,9.840632369,10.60323964,10.45557872,10.44910853,8.87334103,8.547845477000001
Ga0242637_111746,8.719578905,8.416966952000001,8.914088096,9.235952803,9.102142251,9.201380696000001,8.439578615,8.28253761,8.40139439,9.779750906,9.687324812,8.342984852,10.59932131,10.38431747,9.901434055,9.575931922,9.39664323,9.680991029,10.74155916,8.857683942000001,9.401552111,8.771913605,7.287064152,9.203771347,9.585903423,10.61839797,9.804418031,10.60773568,9.552321883,10.24924172,8.803028612,8.421041643999999,8.4608419,10.58550673,10.93510186,10.23760361,10.71417988,9.843880827000001,10.1121701,10.68928698,9.2883696,9.222424988,10.66738999,10.06418861,10.73521776,10.299443199999999,9.904083996,10.94085144
Ga0242637_111747,9.683352768999999,9.623425498,9.52095456,9.911666725,9.718583182,10.03321293,9.10995697,8.803941865,8.825859596,9.633389766,9.057109829,8.085909685,11.31764034,11.23205367,11.04348644,9.561954867999999,9.590783499,9.879566811,9.987231717,7.984759037999999,8.473741001,7.914815751,6.259363603,8.239355723,9.767291343,11.22413083,10.08259601,11.36354745,9.429792901,9.312877672,8.155084837,7.977903416,7.998311472,9.991049091,10.07745157,8.923508517,10.83974586,10.44178095,10.84449244,11.33036032,9.783364434,9.247127069,10.8439486,9.614391915,9.860201392999999,9.908736712,10.72385742,11.44940514
Ga0242637_111748,4.213849054,4.684705087,4.284017681,4.039622844,3.522085263,4.151463913,4.028820076000001,3.8835986489999996,3.495777414,3.680174811,4.12472298,3.7054419960000002,5.1123508730000005,5.279345685,5.495905865,4.389752078,4.211803736,4.459643842,4.834070366000001,4.385771447,3.003423942,3.9332210489999997,4.360694114,4.475591067,4.629103398,5.179903711000001,4.163851932,5.450910518,4.955471727,4.1851910939999994,3.907346379,3.7278747230000002,3.278155795,4.711795822,4.872076946,4.40180063,4.818200909,4.737982187,4.98913372,6.170220277,3.084464068,4.351588736,3.8313353180000003,4.1281220880000005,4.80563102,4.19184173,5.612616484,6.178165077
Ga0242637_111749,10.03305163,9.881105486000001,10.14491843,9.769485253,9.836275358,9.750098814,9.779152872000001,9.900305948,9.810657844,10.46004164,10.89694718,10.8527094,10.20950102,9.84573627,9.922004356,9.905296125,9.727736121,9.62604365,9.268217683,9.445311789,9.270869872999999,8.86057643,8.42557596,8.753435562,10.6284109,10.36273688,10.2877637,10.55388392,10.8790366,10.67865051,9.620202632,9.519044245,9.559274359,10.19501104,10.10076461,9.769260804,9.27107988,9.045347951,9.050354964,8.640373592000001,9.190198302999999,9.501849016,9.081020526,9.865552302000001,10.24293713,9.800243092,8.796271894,8.591285247
Ga0242637_11175,10.76065084,10.85873517,10.98362682,11.00335347,11.09573979,11.03354621,10.48512573,10.42257132,10.70246004,10.80799565,10.130297,10.21043695,10.95903337,11.052568199999998,10.62118511,11.284172199999999,11.22479464,11.19742711,11.63319916,11.64748147,11.60988174,11.50145908,11.66495306,11.44786428,10.15713455,9.994003811,10.56974757,9.684100219,9.93948625,9.958594682000001,10.20601328,10.160841900000001,10.33134423,10.371362300000001,10.17512936,10.28106193,11.63906206,11.65072097,11.48955751,10.89171321,10.9001562,10.79853367,10.74802608,10.84850939,10.95112143,11.05142105,10.94573587,11.02046885
Ga0242637_111750,5.740242287999999,5.523664543,5.51076505,5.029684248,4.693851334,4.96008775,5.294594394,5.124648336,5.338913594,6.356469236000001,5.901091802000001,6.462545639,5.077074477,5.257948309,5.453218843999999,4.904869941,4.918637849,4.60967979,4.103569772,4.385771447,4.2866031719999995,4.632374016,4.840645444,4.7619335519999995,7.259331327000001,8.381552161,5.840561032999999,5.820322182000001,6.28947145,6.6189221510000005,5.488562956,5.632077893,5.383136995,6.181203308,6.035317279,5.48062052,3.19781202,4.608026708,4.98913372,3.306485327,4.621105128,4.950622766,5.143286713999999,5.041244268,5.280719161,5.315075955,3.2361992219999998,3.707348591
Ga0242637_111751,9.714060862,9.759802961,9.654176232000001,9.597678349,9.517015482,9.480554,9.358098114,9.151396024,9.187874432000001,9.582192151000001,9.476752668,9.620904677,9.60177286,9.707693172,9.735370486,9.155873367,9.288806559,9.414524833,9.182281791,9.097693299,9.045923995,8.3903148,8.630482015,8.721041074,9.313435085,9.418013636,9.595712282000001,9.554288548999999,9.703167274,9.618207832000001,8.924320462999999,9.102436297,9.045543217999999,9.483157778999999,9.449971009,9.262553837,8.743793816,8.818828337000001,8.979735739,8.768153722000001,9.212598757,9.187753837999999,9.207187797000001,9.424120738,9.10781888,9.354649009,8.660954961,8.633454987999999
Ga0242637_111752,3.3323533810000003,3.942239546,3.5957216260000004,3.3965277680000003,2.744398912,3.055524389,3.155796047,3.19900412,3.3591003539999997,3.450563658,3.516347495,3.4363628139999998,3.28524747,3.666205171,2.64618703,1.764951351,3.586637633,3.2503850360000004,3.2071134580000003,3.942535777,3.003423942,5.094429967,4.470928413999999,4.365241902,3.143822338,3.3393896030000003,3.607398345,3.8225672999999993,3.743072834,3.0280757019999998,3.127659418,3.2023231739999996,2.747370773,3.8587559139999996,3.6943890839999995,3.840785215,4.377864054,2.910528862,3.149291978,2.682367728,3.35606442,4.6073727060000005,3.283209092,3.6664255989999996,1.764951351,3.224318896,3.7713112289999997,3.707348591
Ga0242637_111753,2.7843994210000003,3.527960989,2.930832432,2.8641280410000003,3.522085263,2.426167481,2.664422505,2.4271808669999997,3.3591003539999997,2.7737677119999997,3.516347495,3.275040208,3.416771273,3.2570464360000004,3.547885515,3.063272146,3.000261432,2.934755081,2.620112537,2.654240015,2.653701924,4.257192719,3.3872535110000004,4.24518793,3.2934309839999996,2.904468678,3.0152714460000003,3.350872453,4.047550568,3.209420395,3.406639872,3.0217587530000003,2.957319384,3.781920535,3.6943890839999995,3.70695293,1.764951351,2.910528862,3.2994000619999997,3.306485327,3.35606442,4.527271229,3.022421094,2.439497919,3.190463246,1.764951351,2.9824992530000003,2.685057094
Ga0242637_111754,3.3323533810000003,3.188618776,3.5957216260000004,3.285877101,3.1258350760000004,3.055524389,3.017944431,2.693612905,2.506512943,3.450563658,3.516347495,3.4363628139999998,3.8339313660000003,3.594743442,3.7126032810000003,3.3312073310000003,3.000261432,3.1044040639999997,3.2071134580000003,3.648450477,3.8028251330000002,4.835778512,5.259079827,5.264394062,3.2934309839999996,2.4340741830000003,3.349279727,3.8225672999999993,3.82616232,4.106914192,3.127659418,2.80145218,3.129829243,3.931277971,3.7955693239999997,3.775624263,3.7220789030000003,3.91283721,3.2994000619999997,3.306485327,3.923781767,3.775076592,3.283209092,1.764951351,1.764951351,2.4396198080000002,2.9824992530000003,2.685057094
Ga0242637_111755,3.3323533810000003,3.425456982,2.930832432,2.409644588,2.744398912,2.426167481,3.388118941,3.324328978,1.764951351,3.316819254,2.58606159,2.545388166,3.53504885,3.351026898,3.357279135,2.697953195,2.492414675,2.728466907,2.620112537,2.654240015,3.2608517239999997,4.835778512,5.629148799999999,5.48758844,3.5443074930000003,3.2130425060000003,1.764951351,3.196494403,3.454475608,3.8398030480000003,3.275786601,3.2023231739999996,2.747370773,3.8587559139999996,3.584336313,4.072968604,1.764951351,3.347410348,2.761863632,3.7022288089999997,3.084464068,4.254488025,2.667729675,2.710597517,2.792585865,1.764951351,3.442297762,3.310755737
Ga0242637_111756,3.79986984,3.527960989,2.725182339,3.16318366,3.273794517,3.3221123230000003,3.155796047,3.54034049,3.0232919369999998,3.316819254,3.516347495,2.855977779,3.28524747,3.594743442,3.925317194,3.063272146,3.586637633,3.601460762,3.991602028,4.067851648,3.9413868460000003,6.92145699,6.650909872000001,6.4872149420000005,3.425532893,3.3393896030000003,2.7960011330000003,3.196494403,3.977831842,3.73698757,3.6315993030000002,4.013713061,3.278155795,4.2986041319999995,3.889328561,4.315702191000001,3.19781202,4.122987674,3.2994000619999997,4.002277801,3.084464068,4.03641017,2.667729675,2.9134069030000003,2.792585865,3.080556652,4.602649512,3.310755737
Ga0242637_111757,6.916354811000001,6.966663631,6.858445215,5.8144227,5.971856624,6.095503411,6.013612885,6.084121432000001,6.356197963,8.345169131,7.356944218,7.8449794939999995,7.0128881970000005,7.1354602929999995,6.9666699020000005,7.518312138,7.316623842,7.496335687999999,8.356064327,8.807067069,8.95210534,9.75456211,9.678167381,9.612705687,7.674442097000001,7.764047102,7.391528032999999,7.542422734,8.048249621,7.760167301,7.857954945,8.039450992999999,7.392778342000001,8.29329158,8.090308597,8.154101012,7.142552369,7.403416726000001,7.068100901,7.057477574,6.110405722,6.414785426,6.126665356,6.704456636000001,6.7709286760000005,6.694437612000001,7.258172054,7.126124115
Ga0242637_111758,11.19601319,11.21585028,11.11846253,10.99606057,10.93832266,10.96073833,10.97379729,10.92089577,11.07814613,12.28411106,11.68535239,11.41236567,11.19114009,11.14473893,11.0805556,11.50770582,11.55608876,11.73762831,11.99091856,12.168078300000001,12.13758599,11.94162616,12.32106444,12.15221557,11.97764574,12.00309887,11.79912463,11.72164068,11.8009741,11.58991419,11.408294900000001,11.45687267,11.23890805,11.77556372,11.47154805,11.56830388,11.14794212,11.08788002,11.25703747,12.15991548,11.40938722,11.4444202,11.33262871,11.29241681,11.44837988,11.19992288,12.10965511,12.10917356
Ga0242637_111759,8.476157152999999,8.158994216,8.534150488,7.592821366,7.743189742,7.611952767000001,7.800949214,7.6533347339999995,7.767247445,7.660358248,7.525881571,8.144242957000001,6.975412786000001,7.11787982,7.221966912,7.042200507,7.524620542999999,7.308593348,7.966894292999999,8.051516616,8.042494372,8.452494946,8.65913756,8.377406293,7.656592956,7.618607374,7.467333769,8.170344238,8.798121952999999,8.930562102,7.951314779,7.775732533999999,7.8215439270000005,7.472286896,7.732541463,7.575526357,7.026523678999999,6.929023064,6.685450226,7.752672717,7.9420819279999995,8.04086115,8.087954576,7.384833404,7.251739681,7.31847575,7.909376407999999,7.7323116270000005
Ga0242637_11176,7.1855633260000005,7.278217386000001,7.240365497000001,7.469010218999999,7.439243757000001,7.529234889,7.695665076,7.445804483,7.579182735,6.445242827,6.834631907,6.10415414,8.385321194,8.415646747,8.304223997000001,7.971798323,7.829049692000001,7.9042849120000005,6.307282713999999,6.480559145,6.055767905,7.726305915,7.800773156,7.572802832000001,7.298232357000001,7.151526166,7.352075891,8.124159311,7.9297195920000005,8.094064775,6.278926952000001,6.067140458,6.632524185,7.8634697529999995,7.328569452999999,7.303624263,8.959428987999999,9.026731547,9.209004208,9.996564355,7.740978377999999,7.323459194,7.315859932,7.290327153,6.817725212,7.197157953,9.660357661,10.21242581
Ga0242637_111760,15.11609483,14.96885596,15.21608092,15.2799854,15.36345783,15.23104202,15.07143587,15.12930594,15.13360866,13.51493872,14.44536579,15.13074279,13.05533227,12.90234939,12.77257745,12.84906609,12.80168532,12.70458243,12.61535265,12.40595939,12.48275746,11.67854793,11.32566136,11.67411002,13.30636408,12.76838914,13.66671168,14.30327652,14.91399616,15.28126096,14.58050039,14.47659297,14.74224039,13.21052164,13.93331647,13.98972312,12.24856674,12.51539039,12.30450863,12.78526427,12.80251421,13.36204277,12.15573789,12.80327111,13.06863839,12.85761005,12.8902473,12.99156909
Ga0242637_111761,9.777949745,9.901810093,9.611601787,9.258884525,9.318017903,9.24521883,8.949994885,8.799229144,8.825859596,8.2209533,7.9120453060000004,8.640613537,9.551759985,9.739637493,9.736476973,8.108871842000001,7.845755017999999,7.790983135,7.46273136,7.014808626000001,7.168106025,7.371314461,6.939819689,7.12166938,9.321007538,9.33065732,9.294515834,9.597180215,9.920743754,9.828093552999999,8.653151055,8.807511932,8.579868415,8.09058633,8.298228814,8.26439858,7.502405071,7.666595349,8.165082594,7.7994542639999995,7.699276052,7.588102011,7.35274693,8.747248985,8.407228607999999,8.64785593,8.137015697,7.835284427
Ga0242637_111762,11.22828147,11.23186134,11.29699477,10.94445643,10.93772424,10.86788624,10.49743351,10.564017699999999,10.45702209,10.24543247,10.55368328,10.68780984,10.78664811,10.62721291,10.6758465,9.723867913,9.677306875,9.692008161,9.704315325,10.02375102,9.984539676,9.717060243999999,9.621052548,9.723139907,10.59444727,10.59498505,10.54110089,10.47512991,10.906753300000002,10.62724846,10.49664187,10.50056539,10.32675193,10.24727399,10.04657025,9.982995436,9.583019977000001,9.374664323,9.632244636,9.025888631,9.33335604,9.524759645,9.18691139,9.981303814,10.28929149,10.0949845,9.178376444,9.239526279
Ga0242637_111763,11.16022168,11.076625199999999,10.97357584,11.00674425,11.0366078,10.96755876,10.91893433,10.84003763,10.84101863,10.258740300000001,10.61634989,10.63331599,10.37142991,10.5013035,10.59275218,9.867157173999999,9.869238045,9.96151948,9.650154192999999,9.813339827,9.817949002999999,9.339178244,9.621052548,9.447641708999999,10.69839681,10.71801954,10.46827602,10.68054123,10.88188935,10.83810048,11.20186518,11.48893475,10.90054579,10.26981575,10.12142901,10.21465062,9.986273007000001,9.774908517,9.925646959,9.037641765,10.23749412,10.2313525,9.980704532999999,10.13190722,10.07989264,10.16228235,8.994501586,8.953597996000001
Ga0242637_111764,11.07938769,11.1426616,11.01826387,10.93482604,10.98018833,10.97902806,10.80197132,10.85316968,10.8596677,10.09032159,10.34246404,10.63239009,10.5962406,10.71698863,10.640819,10.06841447,10.05426014,10.01623647,10.06380686,10.12019463,10.13386939,9.914972752999999,10.06188646,9.95436833,10.57795109,10.48914347,10.61792668,10.75894361,11.000034199999998,10.83737105,10.90671773,11.12319882,10.8875081,10.13715523,10.03451456,10.15260176,9.732379038,9.959630762,9.92689873,9.883888785,9.755665183,9.955964001,9.621453888,10.48711689,10.50819327,10.57756827,9.962801682,10.05262361
Ga0242637_111765,9.024070438999999,8.989361688999999,8.930346805,8.51407282,8.622507036,8.712239576,9.044360409,8.886239575,8.787412983,7.882986327999999,8.386908315,8.622075031,8.891863315,8.829558943,8.909637027999999,8.509281406,8.596799503,8.74267804,8.231747931000001,8.386373059,8.14782529,9.594882882,9.842088548,9.54028987,9.063277822,9.111341435,9.077129459,9.089917876,9.271724248,9.093387209,8.826561315,8.950533611000001,8.934019003,8.286755913,8.232197264,8.647436636,7.71718383,8.045233187000001,8.223304231,8.675904458,8.261493821,8.396016499,8.613656797,9.226913988,9.198940822,8.94234783,8.83329201,8.623027564
Ga0242637_111766,8.178748565,8.239973755,8.293206638,7.975654582000001,7.9708731660000005,7.839537517,7.524427492999999,7.83010473,7.724047543999999,7.834576461,7.91880503,8.085909685,8.145043175,8.17631629,8.003240751,8.526658181,8.314311989,8.119534652,8.567217695,8.559454407999999,8.597893792,9.088155784,9.177828035,9.143938182000001,8.275069401,8.285011772999999,8.428429562,8.232615032,8.364467511,8.352807681,8.034512224,7.967385189,7.90279277,7.973376909,7.683960867000001,7.890019112,7.3816884279999995,7.51451613,7.656443894,8.052148145,7.16816246,7.538917829,7.115777473,8.148110588,7.844011281,7.998705444,8.238641369,7.798684893
Ga0242637_111767,10.26642118,10.29602089,10.38122174,9.934228267,9.854144595,10.04318097,9.788086515,9.82811628,9.874122679,10.44400001,10.18738481,10.23260141,10.16964199,10.293979400000001,10.06538809,10.12274474,9.995599777999999,10.01623647,10.39283958,10.76655113,10.68301491,11.15862578,11.23340188,10.95408336,10.52156039,10.49808069,10.55332357,10.46775261,10.53569033,10.4109382,10.03811827,10.05927757,9.908114484,10.30014518,9.998972307,10.16163095,9.555389292000001,9.510384221,9.627633011,9.888222732000001,9.234656693,9.527282956,9.282376425,9.860864231,10.11072734,10.09996807,10.07179991,9.850718955
Ga0242637_111768,9.250435142999999,9.222069534,9.130580178999999,8.511346941000001,8.640271482000001,8.597861005,8.302886033,8.445229003,8.349554912,9.213006347,8.97842145,9.078837343,8.977231836,9.093522738999999,8.995330431000001,8.610534246,8.651657126,8.60664937,9.071249214,9.660167955,9.390149168999999,9.864412423,9.387574833,9.673218417000001,9.410681307,9.494438277999999,9.34561052,10.00141746,9.43290863,9.187977286,9.329461612000001,9.644816404,9.108968777000001,9.256122762,9.232919058,9.150610025,8.217900238,8.601220385,8.897840533,9.017999671,8.011874528,7.690740897,7.780309673,8.255608439,8.376324855,8.17531976,9.082549617,8.876686226
Ga0242637_111769,10.80482942,10.57983569,11.12251122,10.72263913,10.83542139,10.66271508,10.82168249,11.38559588,10.77150947,11.42920892,11.61270719,11.46688014,11.00389613,10.54797239,10.715665199999998,11.10876822,11.09285019,10.90546239,11.79618787,12.08863823,12.05695535,11.82601778,10.80633149,11.54281524,10.60998448,10.58872338,10.51812318,12.44857214,11.04705016,11.10619024,11.49692134,11.39396807,12.09231732,11.36339944,11.77523413,11.91983572,11.76049216,11.95470544,11.73082346,12.64856745,12.11681576,10.36431079,10.46757213,10.451701400000001,10.76236036,11.0688095,12.70626487,12.91350679
Ga0242637_11177,6.598235477999999,6.524229557999999,6.470401914,6.460924027000001,6.771185953,6.628552452999999,6.78645654,6.339635747000001,6.552647097,5.5345733479999994,6.081057114,5.433484136000001,7.698886552,7.591078592000001,7.449611943,6.697865064,6.803770055,6.542156939,5.520095341,5.315634683,4.987490939,4.835778512,4.668031599,5.07047746,6.35739723,5.699778795,6.237687229,6.919428961,7.060161296,7.2826234460000006,5.164115448,5.003218235,5.492797981,7.150909165,6.438804975,6.362579332,8.217900238,8.251726348,8.43167424,8.768153722000001,6.660134217,6.655532917,6.1548405939999995,6.281153743,5.582626785,6.194683446,8.670078754,8.719170617
Ga0242637_111770,8.508051934,8.126026176,8.383706629,8.18856405,7.9661851210000005,7.962310903,7.714536363,7.699599981,7.736522999999999,9.231815909,9.790420187,9.230940928999999,8.933959273,8.389035195,9.086667743,7.120624715,7.424370313,7.264971957,7.072315947000001,8.101383666,8.035191072,7.305428628,7.316156717,7.12166938,9.787929357000001,10.19882456,8.852500102,9.934757226,9.278668079,9.300228038,7.960799527000001,7.799647433,8.039313917000001,8.8755325,9.109626687,9.022650495,5.934684068999999,6.72840642,6.162698268,4.934560538,8.528799702999999,8.089487059,8.377609637,8.318513517000001,8.782068105,8.137036891000001,5.062331788,4.798593744
Ga0242637_111771,9.132623787,9.242718624,9.212634416,9.207607994,9.207178837,9.262387756,8.998911373,8.964094496,9.096483771,8.356641201,8.232707515,8.460340704,9.24256743,9.310143419,9.074468442999999,9.170685887000001,8.961092416,9.072753003999999,9.027730044,8.718546767000001,8.818114341,8.3903148,8.624681957,8.547165572,9.447469746,9.300322131,9.38912401,9.070566936,9.275200341,9.310777087,9.22708417,9.231091541,9.352524729,8.581912236,8.545956727,8.738761113999999,8.905733439,8.811596323,8.869475321,9.121024345,8.966823342,8.847555996,9.095596518999999,9.303195937,9.427150095,9.357981124,9.178376444,9.103634647
Ga0242637_111772,8.85525785,8.995458352,8.946424306,8.954236182999999,8.995769112,9.049436803999999,8.731210023,8.650173883999999,8.691372611,8.636224096,8.148949247000001,8.485172102,8.793073243,8.882547136,8.727969607,8.85939194,8.909064773999999,8.842465257999999,9.163844382,9.162880827,9.120274323,8.429490363,8.850191914,8.715570552,8.950632263,8.77872904,9.017878793,8.555053324,8.761413093,8.606777915,8.716103361,8.570979716,8.767784903999999,8.369493327999999,8.269711238,8.364252347,8.681250452999999,8.441725063,8.480234135,8.424593957999999,8.317687917,8.522826065,8.383561512,8.840689401,8.606789929,8.894962005,8.556589086,8.553347531
Ga0242637_111773,7.944998869,8.129726727000001,7.7074992060000005,7.967721501000001,8.007838813,7.897841558,7.886641047,7.699599981,7.572239122999999,7.207161145,6.931459089,7.078010547000001,7.553936845,7.796518967999999,7.823279772,7.459192233,7.496681842999999,7.364774649,7.292070892000001,6.841079783,7.320119922000001,7.182343406,7.705059965,6.849139407000001,8.1615493,8.203568006,8.018969192,8.011961757,8.060390157,7.7290372210000005,7.691325351000001,7.60979784,7.614020537999999,7.395372272,7.11608408,7.511028611,6.761999476000001,6.981559298,7.340390809,7.723857513,7.677963712,7.5488898110000004,7.502506892,7.646978721,7.5848528129999995,7.461693062,7.317463146000001,7.357675907000001
Ga0242637_111774,10.68671491,10.83909459,10.8342606,11.16035107,11.15974557,11.20982719,10.72439581,10.75559393,10.98582841,10.63116385,8.701059744,8.481063107999999,11.18346263,11.18255688,10.92133982,10.26584544,9.965350203,9.647425643,9.723326053,8.374833661,8.868290096,8.204055322,7.413591428999999,7.743824104,11.05463738,11.06332915,11.06898507,10.2213504,10.38699196,9.695913952,11.12803076,10.90567467,11.26025805,10.94636456,10.31126431,11.14412758,10.66977258,9.180612228,9.670112123,8.837031372,11.63691224,11.39829918,11.54797944,11.47644239,11.392530599999999,11.39743559,9.037435763,8.872290699999999
Ga0242637_111775,9.645618857999999,9.620798675,9.466250876,8.927904552000001,8.984223737999999,8.957552615,8.870210369,8.861587466,8.757125278,8.787978815,8.902029869,9.108438822,9.05558803,9.182138856,9.275112999,8.368612219,8.361537615,8.507230942,8.102167791,8.169758152,8.187894157999999,8.000569135,8.130465843,8.034903358,9.464663697999999,9.477968796,9.217606842999999,9.794369706,9.787128218,9.471726581,9.027201247,9.184180073,8.943649157000001,8.868984894,8.872863179,8.856506587,7.925825862999999,7.875260827000001,7.8589242960000005,8.226594699,7.9420819279999995,7.907731432,7.734467112999999,8.749787097999999,8.799644278999999,8.677497416,8.150117457,8.113761236
Ga0242637_111776,9.675572514,9.756216954,9.719785245,9.333307778,9.426074441,9.346905422999999,9.387786919,9.391045016,9.406575501,8.727412285,8.681321405,9.178621375,9.393945296,9.607383407,9.323040635,8.973607477,8.844048694,8.907715225,8.538880347000001,8.723104198,8.552579458,8.398235495,7.956667266,8.342338723,9.13591535,9.132541567999999,9.235055564,9.664873802999999,9.954740485,9.793912546,9.506630627,9.469600031,9.473793282,8.649692906,8.880965684,8.874924274,8.47549197,8.523676079,8.619913188,8.382200476,7.968651526,8.577419286,8.179749117,9.320372395,9.1125143,9.28108139,8.516684296000001,8.321503244
Ga0242637_111777,9.467837156,9.608918422999999,9.351922766,9.324017999999999,9.426074441,9.337215361,9.400950111,9.389478197999999,9.365005964,9.110584089,9.221929344,9.325634713,9.264081021,9.476780977999999,9.426759788,9.662314513,9.507511633,9.68237278,9.806894502,9.690735717999999,9.595232342000001,9.122028261,8.950971469,9.294624353,9.680182501,9.816040636,9.672961528,10.145933099999999,10.18561019,10.18647306,9.347648191000001,9.460254772999999,9.480424387000001,9.022404264,9.093446993999999,9.171620231,8.938190002999999,9.014185788999999,9.184093925,9.271275345,9.088897167,9.081878612999999,9.081020526,9.495422275,8.954118936,9.231077702999999,9.22555182,9.229251286
Ga0242637_111778,11.31146217,11.30404341,11.41516692,11.3323606,11.33084804,11.3457069,11.28945264,11.39850576,11.39818711,11.42875615,11.19645391,10.99348626,11.43523087,11.41342769,11.37544832,11.67871492,11.74265855,11.77566837,12.32374164,12.41971087,12.43222849,12.57593717,12.80703261,12.42531667,11.32087516,11.29550048,11.29636429,11.13521993,11.30642809,11.06004141,11.65606377,11.66317217,11.54596863,11.14369428,11.00534572,11.30319706,11.58542826,11.54021697,11.61949235,11.77441204,11.62373974,11.42695935,11.72011529,11.37076351,11.47779037,11.26037601,11.77798024,11.82693784
Ga0242637_111779,5.94116114,6.048040816,6.250854297,6.267378167,6.319985057999999,6.399083778,6.199616729,6.378130116,6.202539906,6.088835829,5.9548551320000005,5.36332174,6.250563057000001,6.255982015,6.157453221,6.2721494589999995,6.881488354,6.517562999,6.844145432,7.247838725,7.25871707,6.488400766,6.4553886270000005,6.656842683,5.970292571,6.468220627000001,6.129644375,5.699056265,5.701897872000001,5.645488592,6.554572136,6.286498537999999,6.268164852999999,6.123562943,5.634836862,6.208152165,6.497069943,5.560550526,6.000522022999999,5.62059316,7.667188236,7.5783984879999995,7.400505644,6.693940546,6.863048794,6.704953937999999,6.008811897,6.149326563
Ga0242637_11178,8.234892104,7.961349804,8.289609869,8.486579412000001,8.689447577000001,8.440819977,8.14840462,8.18112451,8.481388389,7.273245809,8.31699362,7.54772042,9.390392622,9.099503406,9.072717234,8.774664835,8.580259717999999,8.103118559,6.645644281,6.1952876660000005,6.140072837000001,6.192437593999999,6.067026782999999,6.139804722,8.070132043,7.387957512000001,8.194249386000001,8.62304959,8.793281077,8.98953287,6.775084195,6.887431198,6.989661896,8.970339232999999,8.447549216,7.729230942,9.996583076,10.15227551,10.01781492,10.14338617,8.681146223999999,8.557805437999999,8.47001242,7.429860202,7.442892986,7.906124631,10.08550281,10.45069184
Ga0242637_111780,10.99999795,10.97178979,11.09856079,10.72499375,10.75550204,10.74502144,10.36189897,10.42792369,10.53227567,10.4889959,9.903771528,10.06704593,10.99923889,11.01785881,10.898784800000001,10.06048324,9.862414672,9.630345477,9.262452636,8.380614900000001,8.468328676,7.936736853999999,7.272294658,7.666530405,10.78512825,10.77244101,10.88504362,10.68849667,10.92401727,10.69645849,10.73980347,10.60856071,10.67704916,10.35583731,10.35748317,10.66550167,9.954893197,9.674841118,9.747247367,9.102492513,10.25917698,10.28303175,10.24539711,10.85087547,10.8493159,10.71643784,9.349982436,9.236109407
Ga0242637_111781,9.453349392,9.612889388,9.365652063999999,9.15094315,9.127553595,9.150646603,9.285826074,9.143981138,9.196928621,8.65492873,7.754702421,8.190275415,9.347063776,9.537514852000001,9.690400361,7.92013118,7.867731953,7.6052768539999995,6.933996844,5.363454685,6.193646105,5.669565534,5.762437974,5.587314472,9.703544435,9.784731387,9.798562205,9.775073343999999,9.842068148,9.710327956,9.091206408,9.097622323,9.35613482,8.341387324,8.615592794,8.790127332,8.200165012000001,7.861317143,8.359338167999999,8.253722902,8.436649891,8.373753776000001,8.926537576,9.322078846,8.889929823,9.09192454,8.034764335,8.150529882
Ga0242637_111782,11.57167603,11.59381323,11.68117622,11.43120535,11.49156014,11.47504706,11.10961154,11.152377,11.28333923,11.24654336,10.22195055,10.16377844,11.54355522,11.52982864,11.39099026,10.0861019,9.855558873,9.65025278,10.19064756,10.20734392,10.34052715,11.29637567,11.59697309,11.20404189,11.54514718,11.5615846,11.48546664,11.29850166,11.27117685,10.82712008,11.63252297,11.56283386,11.60139231,11.20389692,11.05034407,11.50231284,10.48806799,9.478774243,9.674590145,8.805297264,11.33221297,11.16787403,11.26008201,11.64747478,11.7602871,11.64049924,8.808717794,8.654086393
Ga0242637_111783,10.39706517,10.28029383,10.58641242,10.407884800000001,10.51193999,10.5115261,12.24067394,13.00029339,11.06275161,11.79088875,12.1655316,12.05397688,12.22389314,10.87568848,12.14584895,12.77527172,12.86398694,12.77588914,13.35581636,13.4107171,13.39721657,14.28950689,13.49599329,13.92404718,11.89063409,11.52233371,11.74191776,14.444792600000001,12.68177166,12.99055087,12.15324037,12.05765831,14.12482852,12.43485358,13.09961215,13.04583503,13.25401947,13.87780278,13.85115857,14.63748045,15.50526966,11.63721001,12.80545094,12.48846404,12.28289153,12.862163699999998,14.69870095,14.81251009
Ga0242637_111784,8.191900095,8.118596466,8.008162593,7.57203857,7.675871192000001,7.700298487,9.097433527,9.736185508,8.077821734,9.204567167999999,8.243516599,8.225089553,8.356475837,8.109719087,8.31611566,9.974461626,10.633350199999999,11.07547761,11.68475841,11.75986202,11.61845792,13.31479066,12.75356041,12.96572088,8.950632263,8.93827574,8.626545268,12.13304083,9.377387376,9.681354478,9.447149313999999,9.482582516,11.39971798,9.870584887,10.39850943,10.39582808,9.933587596,10.09087512,11.12802066,11.90044143,11.13620975,7.380417295,7.743752959,8.461635141,8.360621083,9.820915104,12.09533456,11.76782527
Ga0242637_111785,10.78688674,10.71774153,10.76278119,11.09267412,10.94488895,11.17625217,11.23332438,11.15698874,11.33500197,11.33183313,11.92700788,11.17103008,10.82794309,11.09584133,10.85564682,11.96130295,12.19938244,12.43263441,13.15848713,13.45727595,13.30136463,13.64377915,13.53844712,13.61073677,10.97047456,11.06282727,11.10679505,10.91083518,10.80942094,10.88332676,11.10416048,10.95108216,11.13294344,11.69580303,11.59036733,11.64273724,12.09630811,12.2363561,11.85668147,13.26367955,12.24956734,11.82427665,12.24384135,11.08294785,11.17748268,11.168956199999998,13.15943738,13.38100381
Ga0242637_111786,8.040183736,8.05384914,8.165585677000001,7.935545454,8.034954245,8.075447411,7.97927594,8.028401422,8.03806335,8.538880006,8.955597097,9.031860352,8.003364004,8.17631629,7.981002511,7.928871942000001,7.754336537,7.6052768539999995,7.325646891,7.459353332999999,7.552769873,6.830653764,6.580665552999999,6.927000692000001,7.73806119,8.033652462000001,7.772362507,7.272824524,7.428255544,7.333193838,8.199825551,8.258011395,8.267341232,8.697285399,9.107326383,8.78429296,8.069508682999999,7.833018665,7.821716384,8.198946452000001,8.195542717,8.156226405,8.233465163,7.989623096,7.877505654,8.011459133999999,8.213898341,8.262260759
Ga0242637_111787,8.719578905,8.627898157,8.761471992999999,8.731100037000001,8.700778793,8.66137063,8.535543486,8.507227967999999,8.532354804,9.368410662999999,9.066270373,9.000627444,8.392443292000001,8.647639357000001,8.773960243,8.32954252,8.532913187,8.475699524,8.613243557999999,8.832597505,8.761712457,8.08150847,7.726885338,8.120192462999999,9.227404088,9.522450077,9.017878793,8.349628885,8.58217582,8.718751504,8.18776053,8.389876514,8.212628974,8.838030188,9.072374273,8.512782796,8.029896101,7.995034777000001,8.126373869,8.246988537,8.77945832,8.527875352,8.807628012999999,8.395095193,8.245629741,8.163941216,8.09019893,8.021492483
Ga0242637_111788,7.63412037,7.641838784,7.74475772,8.071302793,8.126034202,8.223074282999999,9.675845579,9.644578376,9.663296432000001,10.26179398,11.14262108,10.8527094,7.289698015,7.14706257,7.348989828,7.8389846279999995,7.565538942000001,8.039838363,8.165326142,8.589716057999999,8.587946245,10.07422594,10.48320712,9.959005422999999,7.394719635,7.097633469,7.634490802,7.212278835,7.227487346,7.900894605,10.65033007,10.83512735,9.952908312,11.16701053,12.32342139,11.25514771,8.969932356000001,9.251805106,9.312238639,10.66675952,8.430292098999999,8.136526856,8.678028816,8.262734913,8.053880944,8.069529036,10.71617054,10.74921719
Ga0242637_111789,5.6914885889999995,5.303976337,5.48569537,6.088337208,6.3776980210000005,6.282531727,8.010150878,8.144432952,7.955099199,8.575340056,9.554757322999999,9.290848863999999,5.180370997,4.918501658,4.96714685,6.2160191320000004,6.427877125,6.692522689,7.597098003999999,8.475508242,8.30789888,9.351468398,9.859477828,9.188056914,5.351684131,4.988179731000001,5.644737465,5.389372969,4.955471727,5.672033075,8.97199581,8.982220759,8.3237462,9.444047846,10.67500972,9.515914155,7.692022105,7.774699189,7.810906803,8.994070587000001,6.824440749,6.599016019,7.364835769,6.745769277999999,6.840565294,6.618590199,9.129606043999999,8.949431017
Ga0242637_11179,5.9822274239999995,5.477688232999999,5.955637003,6.02843345,5.4849991860000005,5.669202382999999,5.216699757,5.473550621,5.787542227,5.017927646,5.562780417000001,4.624800024,7.195077515,6.824640647000001,7.08265683,6.352437029,6.471641826,5.909058272,4.476506155,3.4707135389999997,4.384474106,4.257192719,3.3872535110000004,3.8026455180000003,5.194391513,5.375044513,5.031380373999999,5.773041302999999,6.3435475,6.0810380120000005,4.786479382,4.013713061,4.605178942,6.152672289,6.015773707999999,5.40102619,7.692022105,7.51451613,7.715598735,7.67451439,6.172806286,6.301223246,5.447991032000001,5.612697371,5.211812222,5.107153384,7.532886292000001,7.8709780060000005
Ga0242637_111790,5.448827833999999,5.330128456000001,5.760888199,6.414924732,6.363485515,6.710988792,8.130952877,8.299324021,8.270271961,8.810398974,9.98651855,9.563771394,5.770013193,5.730621097,5.5576329520000005,6.569465856,6.568861414,6.953026725,8.108609547999999,8.807067069,8.684463267,9.549375255,9.888808882000001,9.380093021,5.520015267000001,4.918013547,5.696262601,5.18696924,5.402913625,6.061131447999999,9.23100837,9.278653667999999,8.573679589,9.497378037999999,10.68507035,9.933774769,8.164026599,8.069692029,7.884925615,8.791480272000001,7.354366525,7.0700351679999995,7.6079718089999995,7.240643952999999,7.108587705,6.918778087000001,8.976228222,9.249728606
Ga0242637_111791,7.4047967770000005,6.9994125789999995,7.148002073,7.040093271,7.097154812,6.958795025,6.839031607000001,6.3133880179999995,6.902084452,7.16426451,6.80572772,6.952969391,6.81492712,6.90202242,6.9666699020000005,6.378233109,6.568861414,6.767420737,7.136794931,7.392238797,6.920949772,9.159790143,7.790446735,8.246960536,7.074470767999999,7.618607374,6.8155578420000005,6.864263078,7.052073717000001,6.723795598,6.878860761,6.84206254,6.62055302,7.358440016,7.375221716,7.341214495,6.311006991,5.489425957000001,6.30840501,5.62059316,7.105667307999999,7.323459194,7.513407397999999,6.179181621000001,6.262835217999999,6.281640101,5.574061733,5.786702919
Ga0242637_111792,8.984312951,8.954318615,8.986961972000001,8.804189687000001,8.832811341000001,9.241760388,9.285826074,9.398853685,9.328395977000001,8.790800466,9.815988016,9.372967373,8.809128519,8.981400743,9.20649943,8.069890601,8.373106317000001,8.715939542000001,9.501459682,9.697698778,9.809413422999999,10.13710172,9.961930873,9.919106742,8.828439752000001,8.933891107,8.921481958,9.973038996,9.716013234,9.805893666000001,10.00641692,10.45518534,9.728979226,8.476741273,9.03655424,9.045594075,8.303445626,8.729555039,8.98935378,7.826811618,8.411048832,8.169211526,8.240041159,9.879525795,9.546460563,9.646598476,8.048824016000001,7.853241647000001
Ga0242637_111793,10.09269232,10.06915503,9.976196547,9.70415214,9.633932258,9.779018274,9.804689432,9.639314441,9.687588222,9.37029823,10.06477579,9.865887733,9.567576062,9.863417254,9.929764152,9.235522104,9.336856771,9.377470083,9.103854327999999,8.961616431,8.997900298,8.916795279,8.40541993,8.687902355,9.382008511,9.717448872,9.66010141,10.01919009,10.12910388,10.28819708,9.51309078,9.522640241,9.467131556,9.298968318,9.501680508,9.269531137000001,8.755983544,8.956339199999999,9.204882251,8.571971858,9.353655128,9.460198361,9.359889676,9.856160876,9.163179728,9.727398818,8.566395147,8.308546931
Ga0242637_111794,8.770139764,8.981192516,8.782095692999999,8.890633214,8.863383934,8.892875054,8.842603846,8.753673246,9.011793958,9.069348744,8.539422108,8.666173584,8.827636582,8.896354659,8.861763455,9.174365372999999,9.441285598,9.549365214,9.630147467,9.823985797999999,9.845345938,9.50238521,9.273595894,9.437708845,9.25928485,9.447533907999999,9.091569536,8.977529143,9.035946972,9.002605658,8.632530589,8.822177513,8.976857263,8.726554406,8.418153999,8.651715617,8.780058266000001,8.601220385,8.913080557999999,8.539273506,9.100955397,8.997039101,9.055152688,8.930682405,8.817008873999999,8.928967107,8.787914568,8.49163889
Ga0242637_111795,8.458128273,8.155368095,8.264178176,8.251991161,8.227458699,8.47951114,7.765193941000001,7.674080546,7.8384204010000005,7.647959768,5.118479175,5.897093888,9.039800092,8.65171546,8.587861428,8.986222655,8.901096218,8.694186057000001,8.803914831,9.244397668,9.349513752,9.632298905,9.751851841,9.397279018999999,8.798917046,8.807774517999999,8.883259256,8.39701057,8.387135362,8.319761293,8.270170102,8.039450992999999,8.331102916,9.217130212999999,8.672716852,9.17756737,10.14299547,9.157980603,9.523913903,7.948034975,9.340154189,9.231737906000001,9.31076335,9.163605821,9.445873973,9.051335369,7.532886292000001,7.879765047
Ga0242637_111796,10.51598352,10.51906576,10.612555699999998,10.55542378,10.52872655,10.66465346,10.55679172,10.51456451,10.65150441,10.73442893,10.42785591,10.217863000000001,10.43660991,10.52482664,10.41343138,10.69648749,10.83501689,10.83079614,11.39381688,11.77475466,11.75417794,11.8941099,11.86022089,11.76495923,10.48495239,10.42576377,10.51366212,10.30548899,10.41325832,10.22379134,10.81296681,10.78435694,10.77536799,10.566749,10.37861907,10.71796171,10.61394454,10.28351959,10.504741699999999,10.09358657,10.92636797,10.7355547,11.16653784,10.95242053,10.70133464,10.81852557,10.18909255,9.960386463999999
Ga0242637_111797,8.040183736,8.339196266,8.12579552,7.915064662000001,7.903811771,7.802450062999999,7.72388019,7.6792206929999995,7.779356235,7.720800181,7.2749985310000005,7.475186006,8.186608032,8.164952852999999,8.435394122,7.025990104,7.386807221000001,7.451642255,7.1113485139999995,6.296799737000001,6.752916,7.106981535,5.960243686,6.072762742999999,8.096847839,8.136458119,8.116350232,8.271271715,8.422051787000001,8.197745295,8.10891168,8.044463336,7.907721987,7.725281526,7.659042669,7.7652268310000006,6.809599865,7.105083786000001,7.130314062999999,6.6508413310000005,6.449660959,7.1244108310000005,7.158078045,7.941581458,8.166551345,7.792485761,6.197732221,6.365290169
Ga0242637_111798,10.86558576,11.02788844,10.89587488,10.89930171,10.82251323,10.97434709,11.08626172,11.0828261,11.04531246,10.21424534,10.45600705,10.8391303,10.80410949,10.98754363,11.0528434,10.57648348,10.46789581,10.58407029,10.47614331,10.65768946,10.51864153,10.96292584,10.56875837,11.04956802,10.93266891,10.83197017,11.00304299,11.44985587,11.58760186,11.563252199999999,11.43575668,11.55099734,11.25543345,10.20890358,10.63245175,10.80216864,9.762899013,9.774908517,10.167228,10.13793702,10.12980131,10.11203435,10.10116708,11.52984023,11.52873718,11.4420754,10.35101289,10.16290092
Ga0242637_111799,12.11270564,12.12435721,12.11015422,12.19094155,12.17013988,12.23345096,12.38823763,12.39415311,12.32822009,11.80804993,12.71986278,12.56241738,11.93752741,11.98795343,12.07545323,12.07244804,12.13827257,12.23918673,12.55030362,12.87871837,12.91967871,12.52936851,12.40635617,12.74151549,12.09629542,12.19348187,12.12050273,12.55748547,12.56805467,12.61112083,12.73117879,12.84427185,12.50990293,11.6896239,11.99707188,12.11626182,11.58542826,11.71511526,11.82346148,11.38198069,11.89643909,11.92435031,11.80792601,12.61895717,12.80093185,12.53461402,11.52244638,11.39222391
Ga0242637_1118,2.493146696,1.764951351,3.0999819539999995,1.764951351,2.4640428340000002,1.764951351,2.664422505,2.4271808669999997,2.506512943,2.7737677119999997,1.764951351,2.855977779,2.4697179680000003,2.587354007,2.836309725,3.063272146,2.783394397,2.934755081,1.764951351,2.654240015,3.003423942,3.208116214,1.764951351,3.1138557000000002,2.473778066,3.0702452019999997,3.19503281,3.0165719139999996,3.071269312,3.36495514,2.7457562139999996,1.764951351,2.957319384,2.8783458439999996,3.328847895,2.940004623,1.764951351,1.764951351,2.476742168,3.52051745,1.764951351,2.640110246,2.667729675,3.0803301339999996,1.764951351,2.7107655210000003,2.638270533,1.764951351
Ga0242637_11180,5.810393549,6.000201688,5.9916017,5.849499729,5.87484486,5.788245009,5.243142292,5.124648336,5.126023564,4.978420755,4.800700892,4.848771504,7.162104601,6.90202242,7.033057359,6.452955864,6.412987867999999,6.289564507000001,4.476506155,4.182356513999999,4.066657595,4.632374016,3.963144162,3.8026455180000003,5.351684131,5.149700069,5.289095496,5.866092029,6.050179923,6.040944895,4.551085283,4.2484376169999996,4.391441637,6.167008643,5.849026537,5.131426844,7.531068389,7.51451613,7.698105697999999,7.258438003999999,5.790192407999999,5.067434938,5.252278774,4.51974777,4.3663536910000005,4.658919033,7.4399062439999994,7.332287833
Ga0242637_111800,7.262406447999999,7.100980322000001,7.163812945,6.938169418999999,6.738541908999999,7.095445811,6.5440336839999995,6.259409334,6.323443233,7.172946595,6.460998303999999,6.394164259,7.43478096,7.268878585,7.240812927,6.5469064470000005,6.500095625,6.659190967000001,6.697893701,6.523051353,6.602767117999999,6.783010875,6.580665552999999,6.4872149420000005,7.40188096,7.481085708999999,7.26128205,7.013697155,7.115537856,6.879432773,6.838243042,7.005294172999999,6.779715636000001,7.158091777,7.247294762,7.035295221,6.761999476000001,7.261955631,7.247219808,6.566714891,6.2900204639999995,6.014442298,6.287979027,6.755914837000001,7.301956592000001,7.167064709,6.686156919,6.757720504
Ga0242637_111801,8.301120197000001,8.544418448,8.430183222,8.564909182000001,8.622507036,8.648368074,8.30599961,8.285910558,8.299990886,7.94510419,7.731852171,7.668295131,8.752135414,8.734756047000001,8.673548239,8.566407986,8.515619885,8.310371455,8.548388119,8.690895605,8.484505106,8.728595662,9.33526634,8.731920269,8.471590008,8.441470547,8.835441766,7.98119845,8.115732665,8.094064775,8.515137034,8.645438735,8.440579932,8.184991421,8.080959443,8.283827655,8.602433012999999,8.74482289,8.977321176,9.38604857,8.871495537000001,8.676232008,8.725661965,8.85018214,8.320596952,8.72730405,9.178376444,9.509523475
Ga0242637_111802,10.75105827,10.67216493,10.64246922,10.63207373,10.60458028,10.61673068,10.30546314,10.28271434,10.35151113,10.09489493,10.36985006,10.11423451,10.32193592,10.53368791,10.34035415,9.957478635,9.806633762999999,9.818041083999999,9.596173724,9.98253282,9.976937418,9.934166298,10.08318874,9.952044183,10.44219262,10.44668837,10.41281664,10.00524435,10.18468633,10.27209332,10.17986046,10.31602551,10.25508693,10.29933379,10.20232617,9.977892687,10.13368362,10.16368024,10.03533029,9.691480593,10.10806011,9.9856252,10.00792866,10.04881289,10.28721647,10.15463868,9.523602677000001,9.727164063
Ga0242637_111803,8.938235617,8.832464396,8.895279521,8.911458283,8.853264892999999,8.838960449,9.044360409,8.908290772,9.243552644,9.233890802000001,8.968683771,8.800839168,8.889348407,9.024474127000001,9.026423212000001,9.564761133,9.466702943,9.298575985,9.126247209,9.076480365,9.207315643,9.322626782999999,9.499556085,9.148005199,8.911040428,9.029458745,8.800707742,8.956598887,8.9472101,9.098266952000001,9.312895327,9.197739732999999,9.266896935,8.924767226,9.194426619,9.174596865,9.569270784,9.804352379,9.653572755,9.794357966,9.551146438,9.475958611,9.695086353999999,8.905863004,8.391859495,8.845966595,9.60909966,9.626364599
Ga0242637_111804,8.21355628,8.449901042999999,8.196645858,8.067596215,8.109123324,8.15483159,8.169071736,7.991690079,8.053101477,7.101979601,6.944775112,7.120917585,8.08035978,8.43942027,8.391109871,6.5469064470000005,6.780772057,6.517562999,4.895776856,4.067851648,4.475808083,6.155449891,5.37497316,5.587314472,8.354705671,8.419683864,8.276606986,8.147436634,8.290814038999999,8.389101739,7.9176181329999995,8.131828528,8.034815233,7.54530496,8.071549288,7.543638126,6.900325658,7.007125982000001,7.23108847,6.253374702,7.16816246,7.239736213,7.340555848999999,8.342254366,8.044082042000001,8.294894787999999,6.271662857999999,5.85982513
Ga0242637_111805,9.438714655,9.620798675,9.695530178,9.678868722999999,9.604071517000001,9.700572904,9.652799264,9.647203159,9.682762477,8.742065232,8.453590254,8.868459686,9.368890865,9.652828652,9.498953478999999,8.449798753,8.13113092,8.127673157,6.889771672,6.4143704,6.478889971,6.96479845,6.863014993999999,6.701849566,9.607737222,9.455203037,9.588942816,9.592100041,9.817246127999999,9.777274331000001,9.892112574,9.827445742,9.852969917000001,9.051608568999999,9.38498924,9.222844786,8.588867677,8.208326037,8.483640937,7.80863117,8.953584738,9.17493665,9.250166095,9.952949616,9.954746808,9.986144211000001,7.947400206,7.478313195
Ga0242637_111806,7.527476541,7.794193454,7.646932725,7.480208617000001,7.35566029,7.679992968,7.714536363,7.616295432,7.820953771,7.476254328,6.984000187,7.152279693,7.327360566,7.547979904,7.507815324,6.5916770510000005,6.457201047000001,6.454173358999999,6.435986131,5.697329897,6.140072837000001,6.038401672000001,6.067026782999999,5.809865286,7.50523903,7.682742907000001,7.641052142,7.281269958999999,7.838663627000001,7.977060012000001,8.104639887000001,8.014124599,8.021234368,7.419478357000001,7.896078563,7.566487174,6.172077286,6.565798803,6.788302803,5.534287024,7.183371762,7.487996300000001,7.185603978,7.981006448,7.301956592000001,7.950952595,6.065372936,5.786702919
Ga0242637_111807,10.27777158,10.18393203,10.48628426,10.54079609,10.40256933,10.31078941,10.19392997,10.26488001,10.53495579,10.310777,10.33616677,10.09554388,10.09303152,9.861658875,9.809794225,9.360291435,9.350575155,9.104022546,8.947363809,9.205843937000001,9.248942958999999,8.690401674,8.784081647999999,8.571596049,10.16872171,10.27446384,9.878456687,10.37121663,10.39420307,10.11122526,10.61172348,10.43051366,10.60681434,10.120714699999999,10.407885499999999,10.36423804,9.491214623,9.152266782,8.908018418,8.177856802,10.74103761,10.70132836,10.79455276,10.33654638,10.62123299,10.43340094,8.546715906000001,8.520015935
Ga0242637_111808,12.23843625,12.20241502,12.28130496,12.71990969,12.64967031,12.67878403,12.68041369,12.72129378,12.74278104,11.92823699,11.86055209,11.91963917,12.17749542,12.06504393,11.93745523,12.35898351,12.44065308,12.494705,12.39595008,12.48522751,12.52800429,11.85939019,11.98429744,12.02310272,12.22572544,11.9981201,12.347268199999998,12.17016059,12.03656435,12.09636545,12.16354295,12.06876927,12.41141289,11.81015147,11.69784962,12.01590219,12.26997421,12.22142692,12.19161828,11.87991432,13.05554319,12.81003036,13.046291,13.10406271,13.23450461,13.08537348,11.94747798,11.926217999999999
Ga0242637_111809,8.111129586,8.290438057000001,7.87047637,8.705095072999999,8.552308196,8.608642029,9.4496212,9.380041381,9.465830596,11.48558618,11.98088126,10.99492776,8.242857107999999,8.226372104,8.301235699,9.56756195,9.607202796000001,9.782404884,9.904513494,10.21706906,10.21527799,10.75969043,11.48138913,10.86424132,8.454477702,8.400744016,8.623235893,8.165791732,8.060390157,8.511218924,11.32721622,11.70055897,10.33134423,11.59295109,12.88543458,11.42536953,10.22420318,10.78786098,10.57508978,10.81069611,9.934757467999999,9.145674701,10.20227541,8.843068448,8.579916577999999,8.677497416,10.83956342,10.82736197
Ga0242637_11181,7.1767666839999995,7.271531015,7.571911216,7.2044488079999995,7.377014883999999,7.354457991,6.5227542839999995,6.476011838,6.774724076,5.827360771,6.324916617,5.46731071,8.817089641,8.488104587,8.438117259,7.937560045,7.70635786,7.308593348,6.1904604910000005,5.497973493,5.361928221,5.954705207000001,4.840645444,4.672884133999999,6.117068775,5.546626726,6.220235017,6.537387268,7.115537856,7.185034875,4.9879069110000005,5.431291565,5.466163537999999,6.891236224,6.888366787000001,6.602816785,8.969932356000001,9.117500279,9.28711432,8.582708642,7.22805967,7.1244108310000005,6.70456582,5.840183939,6.003829894,5.933209697000001,8.590622556,8.669368577
Ga0242637_111810,5.740242287999999,5.7336607939999995,5.652586326000001,6.7286603860000005,6.575577149,6.361273322000001,7.765193941000001,7.839317717,7.338504287999999,9.262630233,10.37108261,9.381809664,5.3956414189999995,5.6510635570000005,5.495905865,6.635096769,7.308610488999999,7.294199074,7.03219648,7.426186607999999,7.367425752999999,8.194989582,8.757825456,7.925416898,7.000899692999999,7.246560585,6.338170869,6.274885413,6.113843356,6.6189221510000005,9.168950039,9.397009554,8.208640377,9.488862714,10.74622319,9.48627342,8.303445626,8.969395947,8.251556795,9.241096267,7.656331627,7.013526688,8.226859048,6.281153743,5.831705172,6.441203655,8.861442637,9.169602099999999
Ga0242637_111811,7.848632117,7.722480354,7.64129841,8.174848003,8.134415861,8.288233454,8.996986233,8.914840932,8.868984051,10.81978504,11.57416268,10.6608202,8.119516866,8.106752615,8.205387088,8.400380874,8.752534987999999,8.827555541,8.617766393,8.718546767000001,8.761712457,9.527877565,9.903253772000001,9.33799155,8.554232689,8.838594194,8.233847593,7.781414945,7.604449982999999,7.772433565,10.63041333,10.88417164,9.588725624,11.02405136,12.466460699999999,11.0013909,9.569270784,10.14653916,9.664119723999999,10.57161137,9.658387559,8.97502602,10.21234159,8.507351882,8.034216107,8.167744047000001,10.32814155,10.67671359
Ga0242637_111812,9.505189453,9.185206778,9.138599063,9.244184612,9.148393046,9.206712154,9.292119814,9.218235145,9.115708467000001,9.908730429,9.714768746,9.518383734,8.712849293,8.72124369,9.167651126,8.845611848999999,9.127421202999999,9.217024506,8.670962357,8.807067069,8.721331624,8.777997045,9.576681766,8.914897647,9.700644798999999,9.943644782,9.429469973,9.554288548999999,9.319643482,9.250683438,9.480496781,9.827445742,9.245645052999999,9.605046544,10.07862621,9.340162212000001,9.227974701,9.241078444,9.010762738,9.389109938999999,9.383578052,9.152228844,9.220548783,8.819099547,8.776161467,8.7350134,9.32131487,9.483823172000001
Ga0242637_111813,11.71254139,11.77483982,11.64750413,11.62079012,11.6621037,11.68410502,11.91970927,11.98238808,11.85774398,11.49642917,11.30361732,11.5854838,11.3357631,11.51228372,11.34494153,11.65915366,11.726216099999998,11.8117845,11.59758254,11.62391534,11.61784703,10.84473977,10.82794498,11.151330300000001,11.53663595,11.46802804,11.65708663,11.69976635,11.79432726,11.72933225,12.1758097,12.13398973,12.19062063,11.27495553,11.22917468,11.47359798,11.44568033,11.37220573,11.15924392,10.37872974,11.50852117,11.62489307,11.48294367,12.301749000000001,12.39504951,12.24494276,10.74019265,10.44921706
Ga0242637_111814,10.94151105,10.78674135,10.80243773,11.18749663,11.14789412,11.1566441,11.50390549,11.37929471,11.41428826,11.27099775,11.16695281,11.06522585,10.16028523,10.34206408,10.27179637,10.909047900000001,11.20605245,11.34562569,11.59357031,11.61536092,11.54581007,10.41985058,10.39226106,10.81904546,10.76375567,10.75079351,10.81207858,10.90333525,10.79798811,10.93946625,11.39873287,11.26465812,11.43939655,10.6092709,10.53569609,10.54243987,10.53480027,10.57800571,10.37409835,10.04782934,11.79679873,11.60233441,11.81620014,11.26207068,11.4221445,11.13196774,10.17954118,9.872889584
Ga0242637_111815,12.24607351,12.03642294,12.42263701,12.59899743,12.75328853,12.70476396,12.83010651,12.89973379,12.91657767,11.60741739,12.61426802,12.58914736,12.10402647,11.79231077,11.75840197,12.25943674,12.03130729,12.03910004,12.33991311,12.51837839,12.50374078,11.17945636,11.20938473,11.43127426,12.05829164,11.98625929,12.11226462,11.48590801,12.05513371,12.13040962,12.82762507,12.79308388,12.89468203,11.44709943,12.16407013,11.93746632,11.76953856,11.37956014,11.35328358,10.26335132,12.553651499999999,12.73806348,12.70803018,13.18833528,13.60707423,13.24954991,10.54944647,10.26534397
Ga0242637_111816,12.20801586,12.1365914,12.4571107,12.58723584,12.63590201,12.71882489,12.69814685,12.76015578,12.78579634,12.26774908,12.59488162,12.63655569,12.21211845,12.00139079,11.88976766,12.30210274,12.34843968,12.34875449,12.36803588,12.28557571,12.3430078,10.87626991,10.90173939,11.06470605,12.14563598,11.79705539,12.35452045,11.60038479,12.32957599,12.28873078,12.724061500000001,12.77416467,12.80491251,11.74787866,12.18957261,11.95812661,11.99453377,11.73722953,11.87333362,10.47839161,12.00629735,12.07897067,12.24302325,13.30779216,13.50542453,13.33730967,10.81201046,10.44774076
Ga0242637_111817,12.45978414,12.35462742,12.65700894,12.68223633,12.756855,12.80541543,12.70950618,12.814293,12.78841929,12.40964506,12.59144884,12.63146736,12.56396002,12.28991809,12.28298551,12.05259377,11.91610116,11.80323683,11.55400245,11.33184692,11.53614309,10.15357185,10.27126372,10.27199699,12.80224939,12.442381800000001,12.76340198,12.17809298,12.82901781,12.85206845,12.79220897,12.79717219,12.82361223,11.99938983,12.36781762,12.07464314,11.95806946,11.9365374,11.93435477,10.54715307,11.87084694,11.96958153,12.03000705,13.17399751,13.48271075,13.18382846,10.81406956,10.60170069
Ga0242637_111818,13.55681929,13.48659024,13.61004833,13.71674494,13.70993331,13.78474387,13.70972954,13.78276214,13.78763266,13.08431281,13.30361486,13.33052806,13.45432401,13.31655875,13.18422688,12.79929909,12.69069963,12.4235746,11.73921571,10.96235348,11.1956837,9.806074456000001,9.079493981,9.667563427000001,13.77656716,13.65815798,13.72836123,13.52181001,13.73211147,13.81999622,13.54942721,13.36280418,13.67406633,12.92525459,13.1382891,12.9969619,12.95485596,13.05111555,12.95780641,11.92806608,13.30024176,13.21621577,13.70536844,14.04613579,14.376463699999999,14.14282558,12.01616259,11.89568362
Ga0242637_111819,6.153735218,6.094336532000001,5.652586326000001,5.8320685789999995,5.704514842999999,6.309261059,6.340137045,6.084121432000001,5.903080129,6.907575631,7.3062766429999995,6.892334516,6.296928519,6.121076189,6.433797295,6.73823992,6.902944475,7.109223944,7.1113485139999995,7.52348185,7.779509718,7.371314461,8.011040587,7.655142282999999,7.092291181,7.143949516,6.669049772,7.394586964,6.916088004,6.890736153,6.742434605,6.898553529,6.747059475,7.129143996,6.61775802,7.061276253,6.375740119,6.846441292000001,6.229287113,6.170220277,7.432813335,7.013526688,6.778769051,6.595669797999999,6.1205945879999994,6.42856251,6.514223714,6.414566467
Ga0242637_11182,5.764010054,5.500861604,5.89993998,6.187506394,6.114599127999999,5.769079584,5.799848765,5.425134765,5.200592728999999,6.1429633710000004,5.816465234,6.125419706000001,7.413927741,6.266672602000001,7.313825302000001,6.2721494589999995,6.271554855,6.086995849,5.4401634770000005,4.988943819,4.924884106,5.5023955010000005,5.629148799999999,5.07047746,6.443302782000001,6.59597934,5.35488028,6.5088783139999995,6.395663035,6.65915035,5.565573306,5.605065865,5.800240818,6.755715147999999,6.961558734,6.83145992,7.640341822000001,7.364395791000001,7.80001558,7.189838854,6.2900204639999995,6.414785426,6.068599891,5.63493947,5.636034024,5.657304546000001,6.790335682,7.018792362999999
Ga0242637_111820,11.66618175,11.76327439,11.54263247,11.22665767,11.23132348,11.34046197,11.5417021,11.61340572,11.58822962,11.58970476,11.16837139,11.34557666,11.26186472,11.38983081,11.47658404,10.64039565,10.73993981,10.8094562,9.880250536,9.054950836,9.177776535,8.071636004,6.939819689,8.128450401,12.05091082,12.06254571,11.86048699,12.35420496,12.26307971,12.14020203,11.47351124,11.41974927,11.63818155,11.24745555,11.25693768,11.21956245,10.40536171,10.45808268,10.62992091,9.780435907000001,11.4334266,11.12186854,11.77773996,11.92994407,12.10525133,11.83686038,9.830721743,9.916234152000001
Ga0242637_111821,13.33016211,13.24712197,13.32041556,13.07414812,13.09506452,13.2147919,13.32644154,13.38599279,13.391646900000001,13.53053116,14.03718704,13.74721772,13.24676375,13.12454362,12.9989827,12.93399418,12.80826876,12.79421721,12.21003734,11.59933831,11.78552297,10.37440268,9.515314612000001,10.42730464,13.41472511,13.17303445,13.49347418,13.69647063,13.79490738,13.71550271,13.58041999,13.57378805,13.55484297,13.19260861,13.32296058,13.02650459,12.51018645,12.39777921,12.50513573,11.27930124,13.27363422,13.18019239,13.53453261,13.78421059,13.99938281,13.65657701,11.45740815,11.37679179
Ga0242637_111822,12.89903998,12.75094482,12.92397199,12.55070102,12.56540522,12.57095065,12.38695188,12.53118919,12.60482153,12.84672041,13.48475639,13.22929577,12.66132306,12.6885192,12.39758304,12.59964237,12.49790864,12.44957115,12.48497006,12.57398979,12.54866482,11.54847789,11.14904808,11.52102951,12.574326699999999,12.42920309,12.56512278,12.86129565,12.96692289,13.1263334,12.71095049,12.72331245,12.76422475,12.67553248,12.70000408,12.37718523,11.80809707,11.58543923,11.63374399,10.49837443,12.14474964,12.32794327,12.29051452,12.743085,13.06319171,12.862163699999998,10.57517058,10.44033655
Ga0242637_111823,9.055585555,9.213377744,8.876222468,9.038059772,9.131745638,9.197815412999999,9.521021232,9.325367729,9.448876788,8.904585958,8.386908315,8.804132096,8.991372297,9.286746099,9.252086765,9.350567437,9.415412386,9.66570377,9.782932477000001,9.745521289,9.684288414,10.35215,10.73947753,10.46202042,9.606188576000001,9.599215482,9.802956301,9.605607616,9.666577862999999,9.931509173,9.630637622,9.618172855,9.53240371,8.714431077,8.644437576,8.994290756,8.827034865,9.063727167,9.357502827000001,9.778102446,9.69597082,9.512076463,10.00985372,9.775010963,9.030536131,9.435726535,9.606725913,9.62113491
Ga0242637_111824,5.716073102,5.983894141,5.353272905,5.452719867000001,5.586746145,5.539340915,5.590140635,5.733916842,5.661855816,5.587727367,5.118479175,5.46731071,5.631803786,6.178834235,5.88069198,5.78534409,5.559229,5.51956703,5.011617463,5.363454685,5.57952102,6.602629057000001,7.13208112,6.380475612000001,6.312439793999999,6.341326334,6.562378034,6.4797929839999995,6.1748033079999995,6.266254644,5.662190797999999,6.144042988,5.902877171,5.462924877000001,5.4427701079999995,4.8594032380000005,5.540984152,4.966460517,5.704960286,5.394172671000001,5.479739868999999,5.175324517,5.809527223,6.309007232000001,5.139386515,5.933209697000001,5.408498381,5.541826584
Ga0242637_111825,8.436191883,8.609465718,8.359894412000001,8.041379966000001,7.8022537860000005,8.019988278,8.30599961,8.351764221,8.072911462999999,8.245844668,7.945531464,8.460340704,8.194779172,8.311284518999999,8.416186836,9.366737877,9.486364222,9.53567012,9.607587432999999,9.876068186,9.67492153,11.19317818,11.46606493,11.24258671,8.21536801,8.025432279,7.957219522999999,8.329417728,8.492436759,8.933295543,8.404813191,8.807511932,8.25579063,8.319142064,8.820462614,9.2343022,9.804570499,9.563011686,9.737292996,10.93320113,7.915013619,8.269087016,7.859323609,8.534102213999999,8.287758259,8.41813832,11.190454199999998,10.97814462
Ga0242637_111826,9.663036167000001,9.717401091000001,9.658365381,9.763770751000001,9.679028442,9.720587752,10.20063655,10.29196888,9.823868389,9.736502468,10.35248285,10.39098698,9.718291707999999,9.531997537,9.543887066,12.13609358,12.33741022,12.54949036,12.40611681,12.39028589,12.25969966,12.4232394,12.723011999999999,12.74822844,9.73222469,9.774959453,9.661715208,9.698353722,9.837372954,10.51586798,10.11551343,10.14226222,9.698020932999999,9.735543058,10.8006242,11.26320963,12.60588705,12.46211927,12.48381851,13.27985068,10.58667151,10.81514924,10.08664797,10.70614125,10.6521978,10.49447377,13.50089862,13.23566204
Ga0242637_111827,7.684623161,7.794193454,7.435319747,8.747407847,8.552308196,8.825160955,10.43623838,10.32020415,9.513717929,8.721509174,9.739793236,9.716620897,7.956074654,7.82568003,7.839851299999999,12.59724593,13.05802554,13.43830505,13.15148613,12.85140012,12.77210524,12.63242538,13.07287709,12.85563978,7.409006884,7.693160195,7.344054214,8.389220923,8.259564408,10.27101332,9.635086757,9.740563911,9.14280415,8.533048843,10.55607941,11.28127222,12.96866889,13.03878149,13.42301388,14.15606353,11.48647695,11.65289311,11.0488252,10.91163638,10.12008386,10.463100599999999,14.28636103,13.88859377
Ga0242637_111828,8.8441948,8.901187092,8.83487048,10.69947788,10.50063945,10.67622936,12.64320316,12.52495902,11.67421428,10.68675286,12.10274069,11.98999842,9.732391886,9.163704525,9.387853601,14.68386153,15.11029103,15.39629945,14.94049375,14.95798428,14.88720122,14.79291184,15.14430067,15.04106522,6.820189791000001,6.628940236,6.803902386,10.31785088,9.890466551,12.55032634,11.71153382,11.94726928,11.12238304,10.36749668,12.6130983,13.19520023,15.15586816,15.168360199999999,15.28550356,16.17856557,13.80059626,13.68052951,13.16765512,12.70402971,12.41181254,12.1983041,16.16461444,16.17766953
Ga0242637_111829,6.445354453999999,6.168325499,6.532662844,8.355930277,8.195772211,8.254306349,9.506209275,9.474700185,8.760182826,9.879871032,11.21373189,10.51170562,7.54756921,6.719730384,7.183519037000001,11.90594595,11.955748,11.60366378,11.57972876,11.57433533,11.58821553,11.529673599999999,11.43740285,11.20599379,4.815079697,4.7662066030000005,4.555234673,7.76344643,7.269940597000001,9.248490241,9.002160708,9.282900739,8.34206811,8.905701084,10.30625912,10.3823741,12.6424578,12.76697288,12.151222099999998,13.38613576,10.85696389,10.6901121,10.45208082,9.063108383,9.167698646,8.819622421,13.33209748,13.47694149
Ga0242637_11183,7.008488627,6.600966907,7.040772955,6.828480807999999,6.854783167999999,6.7209691639999996,6.938752195,6.600570836,6.712886817,7.95520193,7.708633982,7.261765471,8.242857107999999,7.395856156000001,8.374146362000001,7.120624715,7.386807221000001,7.279659597999999,6.609726987999999,6.368489265,6.457165661,6.192437593999999,6.739535199,6.2038558429999995,8.653543564,8.83154018,7.830923328,8.439117534,8.176485424,8.260043166,6.731384782999999,7.045870187,6.961478997,7.910994947000001,8.357502965,8.108129544,7.559172932999999,7.861317143,7.755608973999999,7.694454717999999,6.843720942000001,7.323459194,7.185603978,7.436179311,7.397428217000001,6.93673013,7.6574153570000005,7.642223548
Ga0242637_111830,8.005842191000001,7.8669498010000005,8.219509769,8.749722557,8.769650846000001,8.854894768,9.41399428,9.280424315,8.935408945,8.765204687,9.578426822,9.444345006,8.128075932,7.829284046000001,8.264884705,11.01030422,11.21143225,11.04840766,11.0741153,11.21295261,11.0484123,11.31008384,11.75663697,11.29670868,8.305927699,8.207206331,8.346509457,7.98119845,8.176485424,9.185686577,9.112634751,9.145054088,8.897322287,8.438926221000001,9.152649663,9.521769915,11.68121752,12.2248335,11.60705203,12.76949306,9.981161275,9.87507133,9.912367788,8.80939935,8.639692526000001,8.800156249,12.71730887,12.77468588
Ga0242637_111831,12.19310676,11.91249193,11.97422225,12.03718301,12.105272300000001,12.10444032,12.58816325,12.86323022,12.44325351,12.41033323,12.65935586,12.40244349,11.91637723,11.76058124,11.948717199999999,12.40629423,12.55255456,12.47151558,12.9101422,13.38614362,13.28375681,14.00182304,14.03425954,13.95208363,12.78695226,12.83515262,12.44796499,14.22694776,12.76586886,12.820673900000001,12.06421482,12.01297775,13.13072195,12.25363057,12.46151666,12.49005871,12.33945927,13.28937486,13.02831202,14.92316014,13.64270175,12.07940058,12.03568707,12.13533236,12.33152728,12.40087796,14.60466389,15.25085942
Ga0242637_111832,9.538170738,9.942348641,9.437288557999999,9.690963723,9.53769817,9.746442776,9.814560233,9.623406401,9.825328787,9.37218333,8.85699252,9.116407636,9.005375495,9.545203814,9.417131167,8.96513565,8.901096218,9.025628966000001,8.903586022,9.003429344,8.855908825,8.831623459,9.352914087,9.011812706,9.778335012000001,9.866375083,9.962037966,9.874662617,9.890466551,10.05711737,9.453880761,9.508202162,9.698020932999999,8.986560307000001,8.918187026,8.973931045,8.791946613,8.575832663,9.285163434,8.998086434,9.479062925,9.420027597,9.670957377999999,9.889917804,9.321614327999999,9.705331767999999,8.710436394,8.709346812
Ga0242637_111833,10.52640222,10.47756611,10.51967099,10.64953221,10.68593884,10.75597249,10.81732544,10.9181817,10.91146323,10.63430897,10.95069757,10.77261436,10.39022814,10.45073697,10.28622447,10.9320507,11.06280756,11.12102447,11.41410901,11.56230538,11.52380452,10.54462404,10.50862229,10.68831679,10.33033473,10.39499327,10.23128408,10.34930394,10.36921156,10.42168402,11.01764389,10.96171758,10.96402338,10.42442067,10.39850943,10.47884328,10.64704559,10.68872066,10.81842541,10.50262068,11.00547241,10.87679664,11.0516312,10.92067455,10.93265506,10.94521672,10.56908726,10.50989549
Ga0242637_111834,9.237810161,9.299668599,9.116438973,9.009368886,9.009502685,9.206712154,9.219680803,9.180680222000001,9.232587591,8.914968842999999,8.871000524,9.051389435,9.157340372,9.339498163,9.190439581,9.221363786,9.270366937,9.444150026,9.680734547,9.631364871,9.677268957999999,9.097915063,8.636258846,9.246123691000001,8.913547008,8.695700086,8.907946959,9.07542906,9.187527627,9.028401112000001,9.51309078,9.489948959,9.549847645,8.677437499,8.828863984,9.019342847999999,9.156209882,9.202894283,9.302627152000001,8.940821019,8.818928849,8.88345243,8.820847394,9.548864711,9.722632213999999,9.543549482000001,9.033906319,8.738619769
Ga0242637_111835,12.00165542,12.16481587,11.98926585,11.98631873,11.92288152,11.85341595,11.82522662,11.70001327,11.82124919,11.50074366,11.70405697,11.53534737,11.66981205,11.92430817,11.7821711,11.62595037,11.618569099999998,11.68207629,11.45575234,11.37230047,11.43365302,10.85052401,11.16011662,11.10605749,11.73990661,11.64240533,11.90442858,11.85803425,11.94759837,11.96629168,11.79209656,11.78195329,11.7976786,11.08699455,10.8112625,10.805532800000002,11.11992167,11.34616598,11.65278199,10.28980019,11.85728634,11.61958202,12.04838594,11.85442576,11.57028697,11.779930199999999,10.39432015,10.26534397
Ga0242637_111836,6.598235477999999,6.5354457870000005,6.405323735,7.040093271,6.63591885,6.958795025,7.001592707,6.643318809,6.9985130060000005,6.633276347000001,6.304380712,6.445752672,6.26618501,6.465312632000001,6.711291715,6.834485387999999,6.870639231,6.980264117000001,6.1904604910000005,5.804834614,6.245292997000001,6.985989784,6.71788509,6.4872149420000005,7.083408523999999,7.016969696,6.562378034,7.425391856,6.985684795,6.924123613,6.697717175,6.79521804,6.4818457920000006,6.882587632000001,6.537919477999999,6.816279252999999,6.554101254,6.665550105,6.600042576,7.752672717,7.242652929,6.893391251000001,6.5647277939999995,6.295147957999999,6.3290014789999995,5.8969019629999995,7.754986968,7.682959076
Ga0242637_111837,10.14996499,10.03108298,10.17933603,10.10032469,10.08785025,10.23018663,10.20647934,10.18494406,10.30306929,10.29794273,10.919867800000002,10.74032002,9.998186422,9.940404846,10.04499142,10.56531715,10.74662521,10.68539755,10.58176676,10.66836217,10.68301491,9.622190395,9.486824138,9.885399699,10.79059274,10.82902182,10.55939629,10.76497535,10.60914386,10.66720264,10.3997412,10.4218742,10.49337374,10.54637705,10.45929432,10.50745508,10.31350641,10.26775233,10.17988304,9.972274845,9.674614707,9.942792965,9.653823712000001,10.26914913,10.35812292,10.26169383,10.17474168,9.939529991
Ga0242637_111838,10.48070088,10.57305754,10.36165867,10.21783601,10.2851632,10.41809758,10.5489294,10.58401899,10.54385372,10.85728028,10.54497262,10.47602266,10.44434005,10.58361024,10.46173279,10.103575099999999,10.24575533,10.37865638,10.49347296,10.44795498,10.60625105,10.31915714,10.61043762,10.518085800000001,10.68964922,10.77917797,10.612930300000002,10.23009755,10.31873341,10.17150272,10.6554491,10.87294663,10.67632737,10.23119745,10.2215952,10.18395975,9.890008565,10.00154437,10.092225099999999,9.976351602000001,10.30680376,10.18895217,10.04595014,10.52019798,10.47028577,10.37127777,9.942238836,9.939529991
Ga0242637_111839,7.319463545,7.0471811220000005,7.1320158,7.135280667999999,6.952886391,7.206117884,7.348317514,7.299912331,7.386799205,7.806962874,7.083661257999999,7.11031001,6.716118402,6.780611617000001,7.36052325,6.815744047000001,7.2001676020000005,7.315736935,7.492597141,7.554507195,7.5730877439999995,6.830653764,7.358723352999999,7.088175727,7.551048763,7.718878834,7.269776471,7.410071694,7.269940597000001,6.9019515160000005,7.395061376,7.60979784,7.514119077,7.443187955,7.0214645120000005,6.96133283,6.985673822000001,6.565798803,6.649465658,6.894570085,7.495074702999999,6.954710971,7.2651612629999995,6.93622799,6.697752363999999,6.96324555,6.806988873,6.414566467
Ga0242637_11184,7.9241336460000005,7.7419552529999995,7.728907522,7.628485638,7.68160268,7.7053305,7.92765015,7.648101304,7.685960187999999,8.165501512999999,8.306723306,8.064098677,8.136584504,8.261472806,8.123163807000001,7.946196121,7.878596087000001,7.996054427000001,7.149351592,6.458832903999999,6.839382229,6.574910802000001,6.4553886270000005,6.656842683,8.41610039,8.695700086,8.31813516,8.051984606,8.263070212,8.459059939,7.380997152000001,7.489968043999999,7.583538408,8.212838324,8.257314676,8.114344397,8.430568203,8.208326037,8.424601709,8.859278645,7.859303392999999,8.136526856,7.734467112999999,7.791970991,7.571269564,7.887795859,8.741063197999999,8.694484512
Ga0242637_111840,10.2039692,9.934966099999999,9.986229439,9.952428824,10.35136485,11.79414865,12.45163374,12.29240194,11.96928004,13.05586109,13.15947986,13.39513818,9.657518315,9.500704459,9.472634464,9.385906145,9.161174984,9.220833138,8.979346767000001,9.029420089,9.05317239,8.475138391,8.39182438,8.699033398,9.871522628,10.03039536,10.24426694,10.01792786,10.13963043,10.17265981,10.13658576,9.869000183999999,10.45937334,12.40140568,12.244767999999999,11.01183045,9.400950802999999,9.283514682,9.50727391,9.66141097,12.47321916,10.78594519,11.00895704,10.04261643,10.04101459,9.609336785,10.41617377,10.05262361
Ga0242637_111841,7.826313742000001,7.858053486,7.734210302999999,7.816915325,8.057167397,9.577023616,10.14609014,9.931864255,9.645218836,10.17374844,9.984909279,10.41917709,7.31241343,7.624653335,7.553748248,7.009595233,6.985708971,6.915890085,6.261687055,5.62089209,5.361928221,5.5023955010000005,5.804244499,5.538322247999999,7.457925781,7.348953677999999,7.634490802,7.485094512000001,7.7313784629999995,7.703640035,7.747208644,7.540521484,8.320053723,10.02580118,9.544816825,8.425511762000001,7.412828432,7.567011883999999,7.955330012,8.233424735,9.711782961,8.026661495,8.492216953,8.215770706,8.082884413,7.716627197999999,8.808717794,8.214439829
Ga0242637_111842,8.391292168,8.122316105,8.300373378,8.195373467000001,8.418014257000001,9.731725264,10.11181049,10.05754797,9.664928673,10.29695073,10.19157669,10.45208395,8.242857107999999,8.193195322000001,8.252561229,7.692686315,7.724537455,7.432055462,6.238335006000001,5.2148792639999995,5.314116753,4.835778512,4.840645444,5.587314472,8.321112757,8.312295402,8.48056731,8.558530349,8.601689436000001,8.630552666,8.318922216,8.155186067999999,8.640338704,10.47415945,9.91334603,9.193796701,8.164026599,8.283440498,8.413927461,8.351137948,9.932510092000001,8.689811358,8.966736735,8.749787097999999,8.703328368,8.287923264,8.904598477,8.525624963
Ga0242637_111843,7.3432417029999995,7.304656941,7.049310683,7.2312125410000005,7.411917569,8.732095279,9.293688968,9.127156969,8.846144876,8.679496834,8.68924918,8.968703323,6.956303049,7.06381359,7.157305168,6.2160191320000004,6.203932956,6.13634207,3.991602028,3.00415308,3.469757717,3.500516376,3.7987871739999997,3.967222743,7.531593977000001,7.602117605,7.717544041,7.862428821,7.587768491,7.716394543,7.429633076,7.1518989920000005,7.481424896,9.028292615,8.306274194,7.6415720920000005,6.943631749,6.342794463,7.222954584,7.515464463,8.784451604,7.300030443,7.989918049,7.679299342,7.515619491,7.167064709,7.763538259,7.692965646
Ga0242637_111844,6.27426864,6.182676609,6.3648146510000005,5.883738445,6.080222297000001,7.483098179,8.315300215,8.14071193,7.849948382999999,7.504038492,7.569496947,8.123302821000001,6.26618501,5.932393488,6.117148726,5.6217700520000005,5.784770168,5.2157469,3.8692144980000003,2.654240015,2.653701924,2.8057856639999996,3.6101325589999997,3.390490989,6.637990255,6.753717872,6.462077826,6.795147653,6.725787601,6.809683649,6.490453652,6.199132313,6.893491971,8.056412723,7.6962603210000005,6.777612331,6.097225568,5.414567487999999,6.261458827999999,6.477363137999999,8.078444962,6.745059889,7.388713487,6.815331317,6.9704850060000005,6.42856251,6.9030559039999995,6.3400039260000005
Ga0242637_111845,7.335359154,7.356124111000001,7.148002073,7.184044703,7.071181994,8.331178298,8.688904914,8.507227967999999,8.324985783999999,8.085022902999999,7.870807737000001,8.426552892,6.634286400000001,7.0203130410000005,7.061608635,5.78534409,5.663882817,5.7058584020000005,5.011617463,3.942535777,4.2866031719999995,4.105023658,4.109167166000001,4.7619335519999995,7.290535693,7.362072571000001,7.118085895,7.644130791,7.507263062000001,7.664685287999999,6.709027419,6.84206254,7.164651779,8.505169796,7.9432784960000005,7.341214495,5.845938526,6.633061821,6.924988761,7.010509938999999,8.05383973,6.893391251000001,7.446732691,7.096460231,6.4528445229999996,6.96324555,7.282181959,7.081100124
Ga0242637_111846,10.44086658,10.68542418,10.752367800000002,11.09358553,11.13959183,11.03953387,11.20525348,11.21784599,11.34114025,10.25465864,10.40757784,9.992514959,10.40350705,10.3564946,10.26720999,11.27306208,11.26932271,11.45597433,11.3852216,11.38097795,11.47336712,10.84473977,10.98331752,11.05823776,10.55646073,10.49138297,10.57318156,10.65478496,10.77115898,10.74704763,11.17206907,11.13440581,11.12344257,10.38595788,9.496416391,10.59114997,11.30551542,11.50478464,11.47079903,11.19435113,11.98205395,11.63896102,11.86805966,11.29415659,11.32333634,11.21745523,11.2471814,11.41355527
Ga0242637_111847,10.97676031,11.22452696,11.14805793,11.129577900000001,11.1781024,11.12226319,10.82819348,10.84461887,10.94342029,10.75624605,10.40637609,10.40948118,10.55716615,10.68552782,10.47372551,9.961743162000001,9.86787595,9.768160512,9.242091586,9.406172187000001,9.295527781,9.196588718,9.269884795,9.207673352999999,11.44171273,11.23441788,11.42213335,10.98892798,11.17164442,11.09829614,10.18694837,10.12934845,10.548844699999998,10.16770748,9.677879866,10.11125613,9.867715242000001,10.05457906,10.21821824,9.404320089,10.07787492,10.12541976,10.27130681,10.64269282,10.46478818,10.65884053,9.60909966,9.445873058
Ga0242637_111848,9.093451427,9.119735713999999,9.136598517000001,9.441787448,9.520216798,9.535256475,9.546252689,9.525515632000001,9.584420221,9.988315992,9.332357927,9.325634713,9.691115652999999,9.434823069,9.523519494,10.09194984,10.30734461,10.19627811,10.839677,10.8605508,10.84941883,10.06679151,9.722285074,10.26639605,9.41952593,9.621197886000001,9.337556007,8.940699465,8.807755241,8.957666191,10.39537682,10.64118128,10.0340273,9.272752755,9.386887064,9.471826604,10.17965323,10.30685199,10.15659666,10.05169836,10.65641741,10.29047788,10.79231764,9.310091081,9.553383925,9.462286565,9.870839592000001,10.01921904
Ga0242637_111849,7.8206797560000005,7.707699602000001,8.08071989,8.248721526,7.9708731660000005,8.040040814,7.975369679,7.778353485,7.7913641920000005,7.818071841,7.877763076,7.631687192,7.749694085,7.818444862000001,7.92385874,7.92013118,7.987985225,7.880400132,7.938247507000001,8.094364499,8.056990951,7.338747958,7.5906842999999995,7.689040317999999,7.92361754,8.025432279,7.711322438,7.611018937000001,7.477385759,7.382049995,7.873103747,7.6563839279999995,7.897846647000001,7.836871238,7.819440891,7.932847757,7.412828432,7.151673496,7.406518196,7.771567846,9.060363027000001,8.963892216,9.279187562999999,7.391352554,7.427896822,7.72697523,7.917061793999999,7.922914638
Ga0242637_11185,10.6905803,10.51553485,10.80873308,11.62709859,11.69186329,11.66357424,11.00286585,11.05096979,11.05031662,11.1781525,11.67241335,10.77848526,11.16330791,10.74587279,10.71622616,10.40701166,10.09906511,9.690635612000001,9.370914517000001,9.209096395,9.295527781,8.548147925,8.398638173,8.731920269,11.06594778,10.76196707,11.37765736,9.67451904,9.5263026,9.765052136,10.16044444,9.955349375,10.38180337,10.6352244,9.751904299,9.638472613,11.54385249,11.57586737,11.53459272,9.894699339,11.71678571,11.42763484,11.53934226,10.99956686,11.0944783,11.0930065,9.565762896,9.962455623
Ga0242637_111850,12.96786396,13.01814057,13.06449462,13.03483088,13.00653082,12.95493679,12.85157167,12.92914888,13.06364994,12.46346514,12.47246454,12.51899262,12.64873953,12.69680242,12.5442712,12.38144076,12.35282796,12.24761174,11.89590564,11.82966788,11.81140062,11.10156073,11.17507451,11.22344302,12.49830416,12.30208064,12.5124358,12.75318196,12.87584609,12.91201373,12.60871949,12.46754195,12.8075517,12.27153029,11.96122056,12.33224297,12.4249632,12.27892818,12.17354029,11.794754300000001,12.33712419,12.34198589,12.27778925,12.71446165,13.07466623,12.93117672,11.93096986,11.89405851
Ga0242637_111851,13.64531762,13.66857301,13.75547888,13.92839845,14.04466016,13.93991938,13.83119009,13.89191717,13.91277016,13.02878022,13.38075071,13.51778137,13.50448355,13.48349468,13.30893485,13.49895764,13.25022826,13.20394753,12.99776056,12.4277597,12.44468318,11.71546648,11.34254277,11.7314729,13.52137869,13.22700364,13.786837099999998,13.371667,13.55219371,13.69178885,13.49529413,13.42813103,13.73823872,12.97627694,13.1767791,13.23343713,13.22252388,13.46096157,13.43746792,13.01466152,12.97211581,13.1632579,13.08925668,14.14831902,13.92693057,14.1710408,13.098021800000001,12.98063616
Ga0242637_111852,9.754506394,9.946550335,9.741008198,9.991092887999999,9.988493782,10.11771157,10.01335018,9.913448389,10.07777114,8.679496834,9.099369962,9.343849792,9.726768341,9.967635027,9.932663348,9.746289788,9.772099699999998,9.8939506,9.882131474,9.411828993,9.554950938,8.849064881,8.583415117000001,9.397279018999999,9.781082771,9.765120877000001,9.946234392000001,9.473715647,9.724937828,9.74185263,10.31724352,10.44290224,10.2979487,9.220563021,9.237133278,9.688267071,9.649866473,9.698557316,9.925646959,9.892543698999999,9.32309837,9.250185299,9.40739802,10.70614125,10.23219105,10.68095933,10.02811969,9.985022631
Ga0242637_111853,7.262406447999999,7.291497787999999,7.148002073,7.024874407,6.92415056,7.148152056,7.384124419,6.9963961679999995,7.019092433,7.289304144,6.890756098,6.916895597000001,7.0938052439999995,7.3210194070000005,7.301910534,7.089765333,7.531521432999999,7.662422122000001,8.255162504,8.135976053,8.127365532999999,8.429490363,8.516083422000001,8.431799251000001,7.251423521,7.413385829,7.327875679,7.440550915,7.507263062000001,7.541077971,7.668351166,7.775732533999999,7.392778342000001,7.539817622,7.178804906,7.2538071529999995,6.761999476000001,6.817827167999999,7.2552182720000005,7.835816606,6.881523865,7.056114464,7.239127099,7.509923929,7.163949333,7.4678767310000005,7.6846872479999995,7.523876547
Ga0242637_111854,8.716548819,8.721596798,8.83487048,8.960245058,8.780371515,8.914758034,8.909631166,8.801587429,8.991123,8.848814827,8.490354353999999,8.561098114,8.884305399,9.027614165,8.952167766,9.196247362000001,9.085845694,9.300376887999999,9.394827122999999,9.549056392,9.418489287,9.017927176,8.946328777,8.957232348,8.857370347,8.847946207,8.992454267000001,8.827094252,8.889410396,8.869077517000001,8.979013135,9.013226807,8.997808603,8.44480884,8.302257114,8.603933861,8.629186868,8.626168997999999,8.840541147,8.75871645,9.441623906,9.312954512000001,9.570191165,9.246815214,9.181171083999999,9.097915602999999,8.816955802,8.867881741
Ga0242637_111855,9.634424618999999,9.652009202999999,9.607274415,9.771764731000001,9.733830588,9.828272975,9.95999825,9.940449867,9.945695572,9.254477223,9.992937742,9.886226534,9.198553145,9.509714817999999,9.42949906,9.92726867,10.01048999,9.960380911,10.32393466,10.22190715,10.26137988,9.442367791,8.978518145,9.483488052,9.415994585,9.56276387,9.429469973,9.866270463,9.76998343,9.921907813999999,9.887147598,9.933904217,10.13203907,9.271098356,9.531153029,9.886450721000001,9.822067701,9.617938353,9.740144117,9.947569368,9.674614707,9.865131983,9.497963966,10.28498414,10.24721325,10.27673628,10.07179991,9.803021155
Ga0242637_111856,8.402648805,8.443968688,8.478371875,8.022357944,7.937732238,8.055884487,8.248900232,8.251820789,7.991984606,8.667265086,9.054043342,8.983301925,8.312096471,8.073712267000001,8.255651983,8.322926763,8.570244042999999,8.753236191000001,9.138888787,9.122053803,9.174456762,8.555249677,8.432232528,8.905318799,8.302106324,8.501964037,8.00377787,8.646110748,8.542338336,8.637274096,8.690681304,8.904417493,8.706883296,8.53580734,8.592752269,8.746783642999999,8.352438823,8.592807361,8.403173632,7.817750045,7.623262539,7.89215112,7.780309673,8.401566237,8.407228607999999,8.301832778,8.01341443,7.589630387000001
Ga0242637_111857,8.948602967000001,8.931181469,9.052091654,8.486579412000001,8.347670873,8.485372577,8.066318052,7.95825428,8.058079542,8.225131807,9.128815346,8.391954594,8.853671419,9.121712641,8.857701339,8.029826422000001,7.867731953,7.861003328,7.587904797999999,6.99985293,7.413228318,7.218596184,7.047854924,7.419691114,7.282797707,7.274584456,7.269776471,7.781414945,8.150220402999999,7.796657436,7.415903727999999,7.6563839279999995,7.514119077,8.116617047,7.779538548,7.712939732000001,8.41527722,8.592807361,8.223304231,7.61298344,8.118543228,8.328170181,7.824739651,7.726461193,7.963197561,7.792485761,7.562593172000001,7.30644456
Ga0242637_111858,10.73392897,10.79083667,10.83364332,10.90658063,10.88964695,11.0275336,10.854479199999998,10.85487378,10.93397497,10.71673452,11.40577554,11.08971742,10.68519031,10.69296324,10.50392817,11.33519123,11.33684271,11.30763029,11.15101231,10.97291504,10.98160456,10.12283324,9.968814405,10.19350208,10.96262924,11.02776944,10.87255564,10.70270684,10.79254078,10.73769631,11.24761706,11.20044028,11.07223551,10.87409707,10.47454489,10.95497053,11.05234322,11.07887258,11.03821038,11.34619882,10.67938316,10.77749143,10.58456432,11.03589321,11.25490878,11.0550182,11.46004046,11.36276032
Ga0242637_111859,11.41415135,11.49040876,11.40730636,11.45232006,11.49359736,11.61059633,11.72963695,11.70001327,11.78305589,11.89682599,12.19680025,11.90169195,11.22144775,11.3179151,11.17417199,11.77273016,11.91708926,11.98273904,12.25137047,12.58467158,12.50836258,12.2730506,12.14739547,12.37502346,11.67454179,11.65478009,11.69027648,11.65337193,11.60393466,11.55927641,11.97957288,12.121594400000001,11.95593059,11.45586392,11.18022336,11.61835034,11.51006695,11.61585689,11.59765089,11.84355274,11.89931877,11.72280737,11.82497389,11.87868816,11.79648054,11.79229807,11.98999087,11.94150847
Ga0242637_11186,10.90737327,10.9336702,10.94927784,10.90398523,10.98135023,11.01086852,11.23168818,11.18751286,11.175827,11.35107676,11.61998303,11.42257791,10.82399806,10.78582672,10.87687538,10.92114271,10.98075462,11.06014724,11.81698545,12.19046478,12.13971536,12.12222414,11.98429744,12.14917539,11.02364883,10.93483548,11.01192702,10.90811244,10.98896327,10.94218276,11.69387222,11.86680109,11.47428057,10.55863471,10.83439424,10.85553978,11.17995932,11.19735785,11.41569162,11.05866432,10.65096015,10.67426139,10.84070764,11.26207068,11.27494252,11.12122306,11.09376252,11.09686344
Ga0242637_111860,8.781783242000001,8.954318615,8.817492533,8.837216009,8.706411196,8.692106745,8.917794768,8.949281506,8.822938271,9.036441539,8.724394672999999,8.72294983,8.488627498,8.683916156,8.841337513,8.769808627,8.973811331,9.23408472,9.46678393,9.638619734,9.580258311,9.498706391,9.694870019,9.750145351,9.056489389,9.312195063999999,8.974386667000001,9.207529124,9.068365764,9.120023801,9.009033166,9.10723426,8.904736692,8.757606348,8.314274945,8.662357864,8.780058266000001,8.532500862000001,8.695308809,8.845971496,9.724828634,9.283404767999999,9.67823854,9.046688903,8.851123289,8.996802228,8.674619101000001,9.038434096
Ga0242637_111861,12.71601975,12.67716921,13.07314948,12.55385017,12.70240949,12.56698333,11.9176755,11.96039503,12.06726489,11.08640167,11.83442927,12.00008305,12.18315285,11.971131699999999,11.96956992,10.33651341,9.994351962,10.04014404,10.72698129,11.47110612,11.4126741,11.30482687,11.29312347,11.30674803,12.761091,12.15043486,12.34149038,13.82092869,13.543301800000002,13.9846054,12.00757984,12.01553209,11.78266705,11.51016907,11.93810981,11.73711559,10.254589300000001,10.31965322,10.12313266,9.313782111,11.84359706,11.43168118,12.91094166,12.23719581,12.56910206,12.16302272,9.352818107000001,9.431006844
Ga0242637_111862,9.637631846,9.69884028,9.49776365,8.786261519,8.631416605,8.681933968,8.913718742,8.841099421000001,8.96750853,9.178949308,9.143315679,8.968703323,8.47862352,9.069348995,8.90570769,7.996953935,8.202037039,8.306792003,8.207946967,8.25405863,8.283451153,9.355541957,9.603467658,9.047085092,8.993911636,9.257102837,9.00776269,9.508285741,9.703167274,9.536076686,9.298008314,9.445175287,9.161493495,8.96010765,9.012170346,8.874924274,7.9472493879999995,7.91630075,7.989283892,7.826811618,8.391545365,8.012320642,8.648675172,8.76742993,8.437484108,8.592350446000001,7.6846872479999995,7.589630387000001
Ga0242637_111863,9.271234312,9.320862929,9.281245174,9.300528415,9.348954438,9.284406178,9.378944255,9.177052042,9.26308213,9.82174047,9.714768746,9.245547354,9.413330138,9.374446479,9.41298486,10.44253612,10.55426438,10.69569705,10.88070829,10.74654564,10.76144179,9.7265275,9.411351192,10.11880167,9.245423628,9.441369116,9.221988849,8.864093225,8.800536313,8.676957955,9.460580944,9.656319989,9.104683006,9.313507877000001,9.40946831,9.110760177000001,10.06676136,10.200135000000001,10.42813713,10.39404885,9.630929988,9.460198361,9.424817893,9.206734373,9.064857856,9.047212926,10.27979228,10.39049193
Ga0242637_111864,9.353507791,9.521491393,9.387687199999998,9.204236397,9.121242599999999,9.270896197,9.033131683999999,8.901710734,8.883077063,8.165501512999999,8.194224763,8.378763239,9.592526562,9.569105735,9.591137857,9.137141237,9.222143917,9.192020236,8.581180307,7.459353332999999,7.670592123,6.488400766,5.629148799999999,6.927000692000001,9.32477891,9.25534684,9.357608593,9.180706085,9.213125352,9.27889566,8.743834373,8.401642488,8.813144944,8.482471978,8.269711238,8.450288074,8.849961667999999,8.811596323,9.06634699,9.182309192,9.20888942,9.184560201,9.549164922000001,9.37400183,9.10781888,9.443589197,9.051467816,9.080957671
Ga0242637_111865,10.58986784,10.58051176,10.79421249,10.65818286,10.74116941,10.70162581,10.5469571,10.60036462,10.61397315,10.41228788,11.00886561,10.72302812,10.85912084,10.55560584,10.59824034,10.66414188,10.55256977,10.41318596,10.16769889,10.19427425,10.23453363,9.058475443999999,8.884573361000001,9.047085092,11.27336659,10.92989026,10.88642453,11.24502277,10.92457075,11.20506629,10.67214201,10.41801777,10.64420585,10.29933379,10.05852604,10.3057078,10.50622153,10.50591096,10.32271924,9.817266936000001,11.43183638,11.15079343,11.76582823,10.89051617,11.25278369,10.91103155,9.917553277,9.993142074
Ga0242637_111866,8.458128273,8.704330567000001,8.400477847000001,6.621400072,6.63591885,6.541106094,6.511995389,6.556514126000001,6.339913881,8.165501512999999,9.803260742,8.92096951,7.304881331,7.759218282000001,7.6176143860000005,6.871251902999999,7.138209295,7.21235345,9.007192733,9.541335605,9.401552111,10.41595493,10.56118726,10.43896963,6.524365303,6.723522646,6.669049772,6.68482585,7.396676545,7.050434521000001,8.727259819,8.801603696,8.130682768,9.318322014,8.357502965,9.501762584,6.761999476000001,6.72840642,6.685450226,8.660783981,6.86274643,6.924377386000001,6.58555591,7.580079252000001,7.942247200000001,7.700964562,8.604966055,8.790791075
Ga0242637_111867,9.517428352,9.612889388,9.679130575,9.761478597,9.807740147,9.845464198,9.633102137,9.546757433,9.473302137000001,9.115093874,9.199902014,9.260007369,9.332326726,9.398901167,9.349316267,9.379544979,9.348623353999999,9.481140099,8.996813383,8.957754467,9.020263900000002,8.101052949,8.154819309,8.224024737999999,8.878052227000001,8.913993646,9.14562164,9.018500075,8.882589688,8.944177802999999,8.724478783,8.584806736,8.936432575,8.728966892999999,8.675825043,8.498599388999999,9.041389521000001,9.273022078,9.213114421,8.382200476,10.232022099999998,9.882973796,10.21734846,9.245017314,9.121859537999999,9.089921977000001,8.551660943,8.248758654
Ga0242637_111868,8.83304625,8.547188129,8.902361506,9.026651801,9.056565982,8.910407914,9.012315898999999,9.079366653,9.187874432000001,8.302306543,8.565499097,8.324757252000001,8.563103143,8.655780077000001,8.481002477,9.28400977,9.524900714,9.544814613,10.2775288,10.584446,10.4734329,10.78256244,10.66796519,10.65869299,8.6505414,8.487076842,8.593104806,8.105263121,8.205928351,8.094064775,9.071644923,9.140380479,9.076510764,8.479609472,8.113419726,8.786240374,9.109473525,8.936529785,8.712832133,9.918201196,10.15315117,9.709411929,9.926704192999999,9.044623265,8.782068105,9.199850475,9.938468443,10.34522066
Ga0242637_111869,10.14208239,10.01116204,10.14192979,10.03255477,9.942702185,10.10824707,9.924990079,9.900305948,10.01132089,10.51908292,11.33364125,10.87949008,9.708338937999999,9.759603485,9.736476973,10.03034664,10.140265600000001,10.26428813,10.60586931,10.75880415,10.65351323,9.861550878,9.384145992999999,9.880519467000001,10.09002518,10.06187869,9.704619047000001,9.976941814,9.830301387,9.97460521,10.32552534,10.43814998,10.30263346,10.02383774,10.29012484,10.03714836,9.732379038,9.642600581,9.553390609,9.48379359,9.245560459,9.295297397,8.771772365,9.779985997,9.995986662,9.937975095,9.616197556,9.312719905
Ga0242637_11187,8.479736045,8.479202272,8.721989369,8.948202173,9.025361666,9.06713165,9.153816425,9.117724724,9.203682165,8.922707257,9.194342225,9.233385627,8.874166184,8.391474817999999,8.371299612,9.420399847,9.276539704,9.365477501,10.211741900000002,10.74093897,10.72559927,11.15278573,11.17804757,11.23782455,8.538078608,8.632164832,8.684851327999999,8.501866411,8.631830109,8.439964997,9.715713737,9.847655991,9.400514846,8.740969175,9.067649347,9.143031599999999,9.669331002,9.674841118,9.636841567000001,9.684021741,9.40966496,9.486370597,9.641459584,9.219608565,9.563707065,9.272278336,9.832754354,9.848483037000001
Ga0242637_111870,10.37897371,10.37919407,10.40052306,10.26390553,10.18786573,10.30748489,10.06847038,10.09648165,10.18745096,10.17050237,10.5174078,10.43519351,10.02363574,10.2114769,10.06097849,9.622465802999999,9.718697314,9.721878501,9.621165743999999,9.564375099,9.54470236,8.981487718,8.784081647999999,8.95258938,9.985502436,9.941462354,10.15542245,9.888541957000001,10.08423213,9.871494035,10.0811441,10.04559557,10.06964368,9.636225795,9.875999382,9.839398314,9.353608667,9.427658242,9.364910681,9.622920549,9.399937566,9.395377016,9.051419125,10.28935208,10.47028577,10.48231163,9.616197556,9.567768089
Ga0242637_111871,8.087866594,8.319890317,8.169504977,7.955739452,8.03942433,8.198306314,8.245660782,8.114392457000001,8.012646013,8.038292658,8.108132662000001,7.907559107999999,8.782269583,8.580804797999999,8.732413387000001,8.948041259,9.040620362,9.156667491,8.799940312999999,8.272832272,8.295726814,8.248548482999999,8.225505546,8.398044766,8.508537386,8.378328544,8.562330872999999,8.147436634,8.107955426,8.290211272,9.12323073,9.165899957999999,8.493991904,8.473867361,8.34193317,8.543043278999999,8.872529779,9.501423252,9.219257867,9.379906273,8.371774562,8.444885757,8.424550832000001,8.679640061,8.474432313,8.572407693999999,9.327094139,9.492440912000001
Ga0242637_111872,7.303390683,7.244470949,7.262560199,7.423325926,6.792544611,7.220252229,7.119604227999999,7.107373715,7.088890139,7.447924152000001,7.6529585110000005,7.3364721489999996,7.37848768,7.26355924,7.011266357,8.116543236,8.322291088,8.380156048,8.485436946,8.836808991,8.505795292,8.97620612,9.185727821,9.119292316000001,6.913376835,6.991862832000001,7.127464824,6.672029281,6.933804968,6.6189221510000005,8.415198673999999,8.681274845,7.922409347,7.593773247000001,7.49271519,7.9044371170000005,8.009674187,8.797022606,8.523907035,8.406577673,7.543017475,7.413542242,7.32826078,7.2972869860000005,7.234604227,7.332099669,8.433401875,8.558828677000001
Ga0242637_111873,8.679682459,8.507920115,8.814992791,9.071752184,8.745234,9.084612076,8.630496088,8.789757258,8.814138632999999,9.221396445,9.532897318,9.113756253,8.612733833,8.715413707,8.597637445,9.993331525,10.00925499,9.932782152,10.25593145,10.34675547,10.46394675,10.0518067,10.07895337,9.93566946,8.817774,8.807774517999999,8.439761679,8.361621021,8.380695102,8.123088434,9.498514541,9.445175287,9.249532391,9.106446895,8.685109633,9.173109316,10.02204043,9.899509761000001,9.629171858,9.792046933,9.768321719,9.47334383,9.823222121,8.757374749,8.943617142,9.059545081,9.685319494,9.926869826
Ga0242637_111874,9.011763521,9.056992982999999,8.895279521,8.770389483999999,8.967903389,8.953329836,8.975638365,8.906100759,8.95154802,9.466961786,10.33237518,9.59262085,8.843313801,9.010258757,8.942611206,9.196247362000001,9.313031712,9.461959304,9.185331912,9.351296427000001,9.361241136,9.371722136,9.349401766,9.211564832999999,9.284679021,9.433625893,9.086772219,8.878074681000001,8.914147316000001,8.891739915,9.710101741,9.851950168,9.169722778999999,9.152103858,9.346498859,9.333519066000001,8.927452084,9.288732504,9.190361937,10.06324356,8.303843306000001,8.250879586,8.138107072,8.747248985,8.620041163,8.41494221,9.834784104,10.14843297
Ga0242637_111875,7.739401513,7.8889534029999995,7.775944827000001,8.045154447,8.065957739,8.379191571,7.441894287999999,7.217497324,7.098590852999999,8.776636695,8.238122183,6.664694803,9.570718575,9.354579801,9.180717146000001,8.431464882,8.857837477,9.097822627000001,8.455429257999999,7.969494816,7.9445388779999995,9.280397758,9.324573127,9.05577006,7.083408523999999,7.764047102,7.5037924,8.279723184,7.297563602,7.324887692000001,6.381520928,6.269445075,6.156420148,9.55561815,9.11421632,7.467988207,9.774928483,9.800704592999999,9.773925178999999,9.676524124,9.732599784,9.162004561,9.291900932999999,6.863038453,6.7469474510000005,7.18218988,9.440736199,9.732023797
Ga0242637_111876,8.120330727999999,8.073196055,8.393792742,8.355930277,8.441845781,8.548323697,7.987056862999999,7.792652648,7.705129618,9.434853684,9.163374357,8.329335792,9.818187792,9.487082515,9.421265591000001,8.930741868,9.059835696,8.961061528,9.305139177000001,8.957754467,9.20080347,11.05723006,11.11221833,10.74848065,8.358390376000001,8.751580281,8.642979208,9.046007419,8.539450254,8.575623046,8.266350787999999,8.381978869,7.897846647000001,9.844123872,9.90144686,9.245669333,10.02204043,9.836773928,9.983336722,9.336161959,9.319662874,8.831310737,9.814437567,8.0024523,7.844011281,8.002969217999999,9.268232381,9.448828005
Ga0242637_111878,7.194306599999999,7.424018648,7.473873642,7.084808475,7.439243757000001,7.095445811,6.970515075,7.028985796000001,6.934949771,8.148001449,8.21634047,7.696926675,8.123802748,7.829284046000001,7.56873968,10.324973199999999,10.53551325,10.97870473,12.5152823,13.21127354,12.89493164,13.92321289,13.62832038,13.7069134,7.251423521,7.315624371,7.445007645,7.410071694,6.96859828,7.247896425,6.567059952,6.506166765,6.883512183,8.390981096,8.465621599,7.89363715,9.975888725,9.789705564,9.91685402,7.752672717,6.372055156,6.779367945,6.409822867000001,7.806675157999999,7.457734758,7.534202055,7.932310778,7.382624555
Ga0242637_111879,10.14884154,10.14698281,10.23929129,10.2468014,10.21577696,10.05800507,9.981576359,10.03367323,9.986733627000001,10.35243332,10.22195055,10.02392108,10.63353345,10.55288424,10.32939618,10.88342626,10.83152737,10.83639251,10.6092799,10.28336901,10.48151453,9.823824875,9.467513021,9.647594554,10.25821373,10.18597692,10.33100188,9.72024966,9.735070215,9.655102505,10.45194998,10.54544546,10.37024596,10.28465027,9.995245046,10.35245758,10.59371311,10.30685199,10.32841398,10.18096461,10.88744977,10.56430073,10.8643073,10.21599219,10.43135529,10.25813152,10.31656845,10.23998068
Ga0242637_11188,3.981339932,4.2559482730000004,4.092030704,4.1604384130000005,4.325924049,4.4273871830000004,4.887640704,5.0938918289999995,4.625687201,5.736265317999999,5.210283856,5.129307492,4.965630485,4.30963189,4.997345056,5.860616327000001,5.531821900000001,5.889987305,6.933996844,7.357472189,6.983033213,8.938683366,9.04081903,8.821223372999999,4.629103398,4.595882851,5.031380373999999,4.666762687,4.72740258,5.015657664,6.118359976,6.199132313,5.324968256,7.34591595,6.8667530160000005,7.357029268,5.422921493,6.172248402999999,6.0194734620000006,6.30625242,5.322784787,5.618061775,5.447991032000001,5.199576963,4.079391123,5.200017905,6.119789277000001,6.508326178
Ga0242637_111880,7.8868769379999994,8.006329367000001,7.908496937000001,7.885893931,7.812737543,7.7835424,7.348317514,7.266143571000001,7.262885316,7.818071841,7.366867463999999,7.491623078,7.917093979,8.00527023,7.927739581,7.7231575370000005,7.637666857,7.684660806,7.711563245,8.327730122,8.078466216,10.04677698,9.903253772000001,9.706690608999999,7.4783933110000005,7.788542408,7.580896624,7.535380139,7.565221961000001,7.504774547999999,7.176334751000001,6.984569414,7.035441787999999,7.567047819,7.320645139,7.298173299999999,7.104904802999999,7.549724815,7.469744716,6.928658781,7.730665319,7.663465197000001,7.618106103,7.240643952999999,6.92846714,7.248354859,7.157920715,6.986597971
Ga0242637_111881,11.77503966,11.89057907,11.62091935,11.76620807,11.7352102,11.89363813,12.3355115,12.36195944,12.38873623,11.52974485,11.7084517,11.84207225,10.97690937,11.36335841,11.3930967,10.22739953,10.37314815,10.52599636,10.81625798,11.16602735,11.11399667,11.03834922,10.97194214,10.97598211,11.58775098,11.76007391,11.79471889,12.13595273,12.23657958,12.209487699999999,12.47199474,12.60935499,12.55379181,10.7905309,11.60021592,11.67620083,10.24164496,9.933219135,10.53460822,8.902769607,11.03195523,11.00814764,11.04319676,12.78606484,12.73813593,12.70406911,9.327094139,8.64895614
Ga0242637_111882,9.956784144,10.01015874,9.945672315,10.12013952,10.24702798,10.28413887,10.80692442,10.66201043,10.79629489,10.05085145,10.21921556,10.34198876,9.610960272,9.66093979,9.904390688,8.740322972000001,8.816069306000001,9.051523622000001,9.614392564,10.08699098,10.06023675,9.38373928,9.313800059,9.460780031,10.15289786,10.2942671,10.32693934,10.66369064,10.62557644,10.8197531,10.62371284,10.53301913,10.92869939,9.529562274,10.26041346,10.27552742,8.399822399,8.394100917000001,9.132944562999999,7.117810401,10.02400951,10.23444425,9.707001172,11.34455823,11.01018428,10.96173653,7.6936644439999995,7.212159637
Ga0242637_111883,10.16782225,10.24405492,10.25505172,9.465920402,9.446410853,9.503839927000001,9.172700038,9.20225974,9.174185697,8.565487451000001,8.382025251,9.062431347,10.03049925,10.04327189,9.906358416,8.53812748,8.373106317000001,8.270500252,7.8640374589999995,7.8072479679999995,7.500686035,7.418824905,6.901929214,7.217718295,9.816335387,9.504821802,9.600768617,9.698353722,10.22927392,9.927402127,9.193290315,9.161293505,9.123869496000001,8.677437499,8.579536302000001,8.748782323,7.989164691,8.230189429,8.095532002999999,8.105243909,7.313481831,7.876400639,7.388713487,9.190011202,9.497043758,9.166032589,8.274977799,8.135934714
Ga0242637_111884,9.809574677999999,10.04094123,9.902765374,9.689758776,9.679028442,9.721829507999999,9.506209275,9.438791119,9.594732932000001,8.960788632,8.462869498,8.968703323,9.712612821,10.04482239,9.758430337,9.035608294,9.226401807,9.195895369,8.613243557999999,8.169758152,8.233276277,7.608328575,7.466447467999999,7.700164855,9.630769599999999,9.638815192000001,9.785299037,9.547305974,9.866470300000001,9.726176401,9.006745983,9.095209299,9.328836324,8.833553361,8.545956727,8.748782323,8.519058766,8.592807361,8.996525461000001,8.710581142,8.540653268,8.547897586,8.643724295,9.690344639,9.653434562000001,9.626016465,8.670078754,8.623027564
Ga0242637_111885,9.777949745,9.75262201,9.879029903,9.70415214,9.644239189,9.782592783,9.613132348999999,9.567690996,9.668187623,9.357033103,9.270294482999999,9.352871805,9.623119843,9.621999133,9.513226849,9.360291435,9.455864584,9.382579397999999,8.98285705,8.861822926,8.888692285,8.444867445,8.270775652000001,8.262050918,9.703544435,9.872115564,9.687293441,9.672915972,9.630393972,9.682979473,9.286741362999999,9.090371107000001,9.419617714,9.384085597,9.31494961,9.437543873,9.201479492999999,9.230271425,9.128599111,9.05702,9.545275152,9.576843899,9.626481381,9.560476666,9.659864219,9.637030067000001,9.106269692,9.01070607
Ga0242637_111887,9.806728161,9.856754511,9.743639249,9.718403318,9.670409463,9.740328716,9.697344468999999,9.588325139,9.513717929,9.48623731,9.444330208,9.325634713,9.666358551,9.662960469,9.711936042,9.43581024,9.694313245,9.552390993,8.738969786,8.351474163999999,8.462895965,7.621924089,7.928692011,7.906332902000001,9.334164431,9.403816671,9.22417487,9.45890828,9.562315098,9.527057694,9.140024059,9.220059724,9.241747212,9.049679902000001,9.21380122,9.251319488,9.928211666000001,9.741049591,9.596506256,8.907047448,9.343541287,8.8991241,9.344716639,9.671728044,9.722632213999999,9.634284539,9.047972578,8.781444653
Ga0242637_111888,11.1218029,11.05975397,11.31391185,11.33544589,11.4417834,11.35133404,10.77638646,10.88353966,10.88999099,10.42958948,10.56880152,10.66806695,11.59924335,11.30632703,11.11414444,10.61489877,9.935753442000001,9.314703749,7.871632687000001,7.34569445,7.071413057000001,7.067769123,7.164439814,6.7668268760000005,10.92647735,10.34054883,11.12152861,10.43691607,10.85890779,10.85765703,9.94443397,9.61985257,10.17047788,10.78937562,10.72986853,10.20157726,10.91505358,11.02985941,10.73584565,9.588710765,10.18936584,10.20795077,10.26648406,10.8210169,11.09329117,11.11680434,9.761986578,9.672597785
Ga0242637_111889,9.531289694,9.414839334,9.469433311,9.415787083,9.363286387999999,9.458376712,9.326252975,9.234035573,9.225968329,8.542232901,8.521771807999999,8.658916811000001,9.524468196,9.428897858,9.55772481,8.583113917999999,8.306288505,7.996054427000001,6.115517037,5.315634683,5.264641359,5.615986788,5.37497316,5.538322247999999,9.408905857,9.041735795,9.528314474,8.902904805,9.287301129,9.380534897999999,8.435747967000001,8.329562409,8.754167673,9.000605646,9.012170346,8.572681965,9.279548484,9.314542223,9.300697146000001,8.388333507999999,8.23255386,8.162733579,8.206857194,9.322078846,9.035489514,9.194268928,8.213898341,8.200480342999999
Ga0242637_11189,3.5882946430000002,3.6224631489999997,3.692998448,3.590839983,4.547988485,3.4349120319999997,3.581642131,3.8060999410000003,4.387612859,3.780802703,4.466516375,4.3575869030000005,4.216089736,3.797966011,4.217393007,4.583471988,4.470061133,4.868474378999999,5.06615415,4.385771447,4.2866031719999995,6.228496762000001,6.166412467000001,5.9284816639999995,4.227785699,4.235484963999999,4.436793403,4.2396179919999994,4.113784807,4.329301877,4.063137997,4.5671028389999995,3.910455573,3.999983807,4.467038435,4.359429817,5.152609088,5.162995195,4.236306217,4.934560538,3.761569239,4.754924248,3.9712646019999998,4.061615789,3.712631568,4.061967078,4.818322602,5.496599292999999
Ga0242637_111890,9.494615688,9.735726133,9.729108727,9.458864285,9.599538615,9.617615465,9.317023737000001,9.320442605,9.367012865,8.958280912000001,8.881417976,8.833434998,10.00749275,9.856370842999999,9.780054629,8.87304164,8.670531087,8.544180759,6.764734549,5.497973493,5.9350564210000005,6.427695064,5.1328806060000005,5.809865286,9.660918355,9.34723859,9.72019105,9.350769303,9.582096225,9.443244303,8.746578377,8.709947233,8.909658541,9.199842562,9.360087618,8.956742327,9.548398133,9.861496397,9.627633011,8.744443757,8.621007942,8.298931105,8.424550832000001,9.768767946,9.811942929,9.547932625,8.595419587,8.67442687
Ga0242637_111891,8.79333349,8.939637975,8.897644048,8.533011086,8.580185561,8.551120857999999,8.30910648,8.475084872,8.48878049,8.125823474,7.849738147,8.091311286,9.123500872000001,9.187763891,9.019167326,8.101159425,7.675539722999999,7.371645812000001,5.632178636,4.5628060999999995,4.718346846,5.56032048,4.919580587,4.672884133999999,8.737994732,8.687909542,8.762110751,8.866900377999999,8.763889628,8.623799771,7.837505772,7.726678944,8.113719625,8.369493327999999,8.55273547,7.882755691,8.575173557000001,8.690663091000001,8.569506123,7.664439853999999,7.445482586000001,7.477592549,7.638163467999999,8.65276888,8.856731406,8.7350134,7.772039137,7.672882577
Ga0242637_111892,9.235695213,9.381087926000001,9.270338413,9.255630798,9.152525053,9.051413651,9.231190763999999,9.140259354,9.076999413,9.231815909,8.543801143,8.893408446,8.991372297,8.882547136,9.079709352,8.449798753,8.494590477000001,8.472508138,8.595009061,9.080037587,8.978995422,9.241304968,9.915181672000001,9.527859112,9.231427927,9.305422501,8.953457031000001,9.233862519,9.354566421,9.071221767,9.569966147,9.657955896,9.527609436,8.894998872999999,8.615592794,8.869423617,8.561348185,8.422863671,8.715732102,7.410867456,9.425732931,9.206768596,9.183504107000001,9.071248568,9.190083313999999,8.990375201,7.512736099,7.332287833
Ga0242637_111893,10.47533326,10.47101815,10.45932733,10.40715184,10.24895887,10.30002194,10.0528031,10.06738034,10.33006767,10.17914238,9.357449836,9.350621586,10.33400724,10.58520941,10.50587612,9.57035734,9.559062426,9.598496752,9.689354038,9.947910302,9.853672151,9.426965016,9.594594172999999,9.546465312,10.59131965,10.73260763,10.39643302,10.10609871,9.979456062,9.787884465,10.20700975,10.16199522,10.21985637,9.923147727,9.515624962,9.855253576,9.89552848,9.309417088,9.471692407,8.850420866,10.43775398,10.334365199999999,10.35091916,9.973724646,10.25572766,10.08194607,8.766806935,8.970146579
Ga0242637_111894,13.59712099,13.66220013,13.89699342,14.07836415,14.21224937,14.224605800000003,14.42544253,14.54149994,14.56668302,12.15127683,13.26402377,13.60920805,13.38013993,13.25961249,13.15421636,13.62092907,13.59096391,13.59590302,13.73068452,13.39580924,13.53350426,12.66109592,12.42524662,12.60506307,13.37105347,13.10969727,13.40928194,13.66707969,14.00228005,14.11859832,14.11068102,14.0497934,14.35271551,12.5973179,12.70495674,13.6265782,14.01508973,14.05781459,14.10916992,13.32370879,12.86659827,13.11856761,12.92248442,14.93382551,15.27842986,14.98443019,13.65113838,13.38081043
Ga0242637_111895,12.85597471,12.580277699999998,12.64825968,12.73838377,12.4355776,12.76593324,12.72267093,12.56524258,12.75279258,9.32624681,9.541681107999999,11.56912579,13.10101233,12.81361632,12.5442712,14.25587603,13.74311457,13.30237128,11.53021,9.681399049,9.967377911,10.4002663,8.698322398,9.480265852,10.87339175,10.38378538,11.232104,11.62712161,12.19726857,11.98221731,13.02076963,13.22088577,12.39483576,8.992596491,11.3911021,11.6054492,15.0155859,14.81827226,15.12203307,11.3414655,9.457341742999999,9.770326265,10.18874365,13.6243282,13.82387754,13.48414448,12.46060264,11.36745266
Ga0242637_111896,10.36259204,10.26439342,10.24765649,9.586067652,9.347152891,9.681553393,9.681849701,9.473221685,9.83406027,8.302306543,8.47208943,9.55793162,10.45967717,10.39529809,10.27788896,11.0144156,10.85165006,10.67849015,9.756516454,9.142611742,9.236262015,9.164441627,8.960212263999999,8.966473691000001,9.542838699999999,9.629355692,9.48521742,10.15169942,10.43595257,10.41289795,10.84083879,11.15308617,10.17150268,8.153007243,9.237133278,9.426349124,11.91794993,11.77303943,12.14934657,8.823516432,7.915013619,8.089487059,8.253103884,10.84019743,10.89499773,10.7040539,9.589999412000001,8.58592628
Ga0242637_111897,11.37289042,11.07614589,11.01009206,10.03540347,9.729688161,9.786158457,9.611875011,9.412803652000001,9.549502164,10.22158287,10.21097936,10.97315256,11.40121382,10.88740204,11.55456248,11.38208301,11.37521722,11.36210078,10.67801817,10.8291887,10.65470495,9.920482729,10.67499748,10.04220785,11.91272732,11.72941122,11.52767081,11.64358394,12.05133755,11.88108609,10.08873267,10.08625835,10.242463800000001,10.03849883,9.985258346,9.781027006,10.50260905,10.56945643,10.71062981,9.556395875,8.814053692,8.945142763,8.942751911,10.40416084,10.14550573,10.02019293,9.770494644,8.994618857999999
Ga0242637_111898,11.62274034,11.39985032,11.45745039,10.46252726,10.23927846,10.36504367,10.25480752,10.1511322,10.23107456,10.19520423,10.94491522,11.57154304,11.58026894,11.05718487,11.05417517,12.05758301,11.82603502,11.831534300000001,11.33803792,11.14749961,11.05384244,9.878635622000001,10.43596896,10.18164821,11.47899695,11.13335718,11.77435196,11.33494332,12.13908194,12.05617929,11.04241841,10.89877316,11.24768036,10.20890358,10.13955214,10.53261334,11.26130699,11.25580722,11.30210942,10.13611605,9.798251915,9.970870827999999,10.31866788,11.268279699999999,11.26020784,11.12073276,10.41481758,9.7937543
Ga0242637_111899,13.42439631,13.25073682,13.44193236,12.16776123,12.03147289,12.06780061,11.63965328,11.63340035,11.80505715,11.07487315,12.10385316,12.57740865,13.086128800000001,12.97327327,12.90111224,12.57375672,12.00180515,11.56486076,10.9169397,10.22029626,10.30301709,9.178306762,8.88941878,9.215445845,12.84440227,12.43095426,12.88875275,13.15236938,13.43150711,13.51867416,11.70166997,11.41395224,12.05920264,10.996783800000001,11.11588687,11.68222637,12.06358339,11.89351924,11.48489071,10.80612256,10.49826614,10.72019811,11.20233143,12.24755878,12.95330658,12.45419624,11.02164689,10.76826696
Ga0242637_1119,3.698529345,3.188618776,3.3742476210000003,2.669405787,3.727858533,2.6922148339999996,3.4887793030000003,3.0574123839999996,3.3591003539999997,3.680174811,3.152346767,4.2014779110000005,4.000280065,3.154430736,3.456396836,4.4900135830000005,3.17815798,3.601460762,3.2071134580000003,3.00415308,3.64741757,1.764951351,1.764951351,3.1138557000000002,3.425532893,3.453203863,4.30716112,3.720385549,2.905376211,3.625076574,2.7457562139999996,2.80145218,3.129829243,3.8587559139999996,3.889328561,2.7892875010000004,3.7220789030000003,3.662028972,4.01929759,3.306485327,3.084464068,3.621276007,3.6742944960000004,3.0803301339999996,3.9089009,3.3514834060000003,2.638270533,3.866371795
Ga0242637_11190,7.709226355,7.641838784,7.486499171,7.163347551,7.228284135,7.417148458,7.907291364,7.816173937,7.815084229,8.364238869,8.766218979,8.400682281,9.81156192,8.908328772,9.81713431,13.15003119,13.19874642,13.30540094,13.11496288,13.67563069,13.598731900000002,13.45237314,13.58641641,13.560132099999999,8.298274797000001,8.621298129,8.068481465,8.28812542,8.115732665,8.029101827,7.816762442999999,8.214202496,7.474796136,7.500810089,7.802474905,7.443509708,11.52794739,11.43355473,11.61600434,10.79115759,7.327239317,7.357903407999999,7.278004095,7.345086954,7.412743016,7.112840309,11.10052668,10.44626296
Ga0242637_111900,12.47039028,12.43588725,12.45610843,11.31018483,11.20321662,11.21336284,11.17832536,11.00464348,11.21590609,10.84850531,11.53950172,12.10992642,12.25303843,12.02279095,12.03037842,12.490610499999999,12.18905743,11.99557888,11.23950625,10.29412872,10.39573757,9.615411822999999,9.741170269,9.742096665,12.38275938,11.78949189,12.60802346,12.36466928,13.09610864,13.18656808,11.55168113,11.32973544,11.82333425,10.76195678,10.83717305,11.43222557,11.82410508,11.76650931,11.81672469,11.066334300000001,10.00915696,10.15672105,10.77431093,12.02258172,12.08389329,12.01627419,11.18648593,10.9324315
Ga0242637_111901,7.960452035,8.243393532,8.047029495,8.232261237000001,8.183707978,8.385474262,10.08306223,9.873656342,10.02536642,13.03250991,10.89352035,10.75910475,7.866838039,8.067622754,7.802293917999999,10.37059032,10.85852434,11.51027801,13.412715300000002,13.92357137,13.93874665,14.04076442,13.88911063,13.93173428,10.06544135,10.72438032,9.521220447000001,8.5410608,8.533656684,8.45526112,13.70255604,14.22672427,12.84432353,10.77134947,12.25727086,11.30353701,11.55086552,10.90291225,11.95136954,9.469402777,9.644724097000001,9.00067551,9.859970986,10.76189607,10.45557872,10.11185887,9.500773531,9.129648297000001
Ga0242637_111902,5.506428846,5.632516237999999,5.880882811,5.519726584,5.6110890179999995,5.932982249,7.215486981000001,7.2932215760000005,7.059389872000001,10.01871962,8.035356188,7.913670263999999,5.451604304,5.381752594,5.692064792999999,8.342683691,8.458845464,9.060052902,11.28784055,12.12309779,11.99902097,12.16521063,12.14385172,12.0108729,7.000899692999999,7.9492628960000005,6.61670195,5.647517796,5.913695955,6.02047032,10.65763742,11.12910809,9.767443571,7.898188079,9.264229663,8.447829506,9.227974701,8.496873095,9.624550383999999,6.823872422999999,7.531180417000001,6.893391251000001,7.752979389,8.116989565,7.994063275,7.290835399,6.918462087000001,6.757720504
Ga0242637_111903,5.9822274239999995,6.032270997,6.094383639,6.013058472999999,6.275127016,6.295958527000001,7.733163858999999,7.556097384,7.679513324,10.25670092,8.832146352999999,8.622075031,6.312057136,6.109240475,5.848192787,8.610534246,8.767222289,9.28953759,11.44434017,12.43228925,12.37408893,12.86523125,12.72944388,12.60875636,7.43716347,8.302124425,7.26128205,6.357187197999999,6.745989976000001,6.6052589489999995,11.31432802,11.80723556,10.39940517,8.533048843,9.878699301000001,9.38454206,9.329341951,8.262375401,9.319881986,6.630266219,7.933115492000001,7.424416872999999,8.475595681,8.513339419,8.166551345,7.762619492000001,7.183644889,6.970226897000001
Ga0242637_111904,11.09113287,11.11726106,11.06844611,11.41379635,11.27461709,11.44001531,11.60721044,11.61340572,11.47648924,11.13661504,10.70991413,10.11953051,10.92321761,11.01192579,11.05772056,11.71516609,12.03889215,12.23942142,12.70282338,13.4172351,13.23678551,14.26535335,14.49169091,14.21040384,11.64844657,11.78918853,11.57339847,11.32170507,11.03017695,11.16841477,12.14182191,12.23635509,12.12680381,11.38229589,11.142528500000001,11.76799039,11.6619141,11.937368199999998,11.77040951,12.87725166,12.34178905,12.03620508,12.66775184,11.76441765,11.60235239,11.78921603,12.57034836,12.5263398
Ga0242637_111905,9.522641975,9.444851917000001,9.528602751000001,9.383359011,9.593472504,9.21731632,9.095635556,9.073523948,9.086774488,9.598387445,9.528485285,9.233385627,9.78474986,9.579840697,9.556472304,9.948911575,9.813725471,9.769461283,9.849817149,9.878112875,9.908651169,8.933242401000001,8.636258846,8.924413309,9.140202253,9.394273811,8.815282024,9.000718298999999,8.626396623,8.623799771,8.623602205,8.598502473,8.813144944,9.047748653,8.569544254,8.617123002000001,9.922815629,9.882355026,9.615262784,9.135680289,9.128705381,9.24099109,9.036387483,8.608705855,8.99537788,8.787855131,9.490510116,9.211961974
Ga0242637_111906,6.6243675920000005,6.771885875,6.660834089,6.747331858,6.670945735,6.69081805,6.906273113999999,6.97146084,6.934949771,6.261851396,5.787107708,6.08256884,9.248466663,8.86509978,8.974848469,9.527846865,9.841748754,9.980738926,9.981979244,9.874020595,9.953887281,9.367694073,9.137666878,9.431048736000001,6.9233683710000005,7.120977571,7.0991428889999995,6.830119956,6.942582398,7.157231528,6.848505369,7.197630121,6.883512183,5.884102434,6.394143377000001,6.463537405,9.636742672999999,9.638519377,9.902927345,9.419371544,6.547022713,6.6369394470000005,6.58555591,7.46736593,7.663769918,7.006381381000001,9.60909966,9.475153642999999
Ga0242637_111907,7.892258618,7.662425922000001,7.635641992,7.758334206000001,7.817950977000001,8.036052548999999,8.137958935,8.032423369,8.222297257000001,7.924694092999999,6.971043474,7.078010547000001,10.20040004,9.918582797000001,9.946116424,10.762751800000002,10.89709436,10.92660437,11.02218163,11.27401247,11.27143943,11.24789255,11.35398043,11.06685572,8.521741565,8.805376274,8.189781718999999,8.17488242,8.146428905,8.224774522999999,8.404813191,8.366052656,8.159896506,7.593773247000001,7.8582687710000005,7.6755972660000005,10.685789699999999,10.68674573,10.92687964,10.60622369,7.740978377999999,7.975831932999999,7.677460078999999,8.519302205,8.25415446,8.24537131,10.67937032,10.57083953
Ga0242637_111909,7.595047447000001,7.641838784,7.517587563999999,7.07005706,7.180497923,7.0877564689999994,7.15458496,6.95459423,6.934949771,6.907575631,6.602224679,6.707571502,7.356797727999999,7.462363578,7.343188325,6.976234924,6.733643871,6.962163197000001,7.018571166,6.824195716,6.856069484,7.418824905,7.811026153999999,7.485474644,6.893183402000001,7.097633469,6.894607038999999,6.747156146,6.735924223,6.39895528,6.731384782999999,6.818830758,6.801082084,6.41530189,6.74170554,6.433987098999999,6.243220588,6.495236836,6.561828564,6.198476607000001,6.449660959,6.861723825,6.262320027,6.453243495,6.817725212,6.41580927,6.09283893,5.823730594
Ga0242637_11191,3.5882946430000002,3.425456982,3.245552862,3.3965277680000003,3.522085263,3.3221123230000003,3.155796047,3.723610747,3.495777414,3.780802703,3.152346767,3.7054419960000002,9.41682684,7.530373099,8.814343908,13.99876833,13.86512241,13.81478707,13.92828716,14.29380396,14.24173989,14.42674813,14.07363908,14.127614600000001,3.5443074930000003,3.9026848060000003,3.0152714460000003,4.815949237,3.34059104,3.502034565,3.6315993030000002,4.096620832,4.137988429,3.416535432,4.135963082,4.223785943,12.87956316,13.84939379,13.65541426,15.45830691,5.377048301,4.823235936000001,4.510207018,3.465722858,3.712631568,3.6667322610000004,15.44183045,15.60595915
Ga0242637_111910,9.378644302,9.388828334,9.345008807000001,8.841562936,8.873432486,8.942718488999999,8.433897205,8.325782429,8.40139439,8.318040707,8.183038428,8.365450127999999,9.066760269,9.262963037999999,8.889882422000001,7.875614583,7.952436195,7.950899502,7.930996006,7.914760661,8.027850599,7.523947969,7.542266537000001,7.666530405,8.3473079,8.469006989,8.458452915,8.066711391,8.367727667999999,8.174827439,8.195815081000001,8.196299439,8.25579063,8.433019513,8.127110704,8.120532585,7.613790029,7.344481926,7.427903305,6.78717803,8.268638982999999,8.281098854,7.566706922000001,8.252031954,8.481709724,8.248965649,6.9030559039999995,6.414566467
Ga0242637_111911,6.4743867360000005,6.292599391,6.736829553,6.559340431,6.792544611,6.459972556,6.684780805,6.415620744,6.834014716,6.865335932000001,7.499064617,7.261765471,6.296928519,5.805987266,5.692064792999999,6.871251902999999,7.005677887999999,6.659190967000001,6.94844189,7.5129899060000005,7.343966892999999,7.43432001,7.316156717,7.406166355,7.01030417,6.931520365,6.643113826,7.013697155,6.795289529,6.967469501,6.94729695,7.065737563,6.62055302,6.9749807310000005,7.420411337999999,6.671931026,6.6089580539999995,6.565798803,6.368706081,6.630266219,5.905061516,6.071026256000001,6.097926172999999,6.4779820379999995,6.92846714,6.514802763,6.806988873,6.795387807999999
Ga0242637_111912,7.427218738,7.202903697000001,7.624262146,7.648476018999999,7.623236014,7.546162484,7.453175558,7.694532098,7.77331455,8.0665121,8.25957984,8.091311286,7.572872729,7.2312241760000004,7.117067985,8.19834054,8.070837138,7.811338225,8.219896544,8.961616431,8.743904826,9.169078162,8.932310374,8.914897647,7.771614702999999,7.56289183,7.5463595439999995,8.042082537,7.819741592000001,8.054435042,7.847766606,7.757532427999999,7.701781196000001,8.174408642000001,8.406974492,8.218981187999999,8.088914303,7.9297252270000005,7.476601722000001,8.01298899,7.699276052,7.86047623,8.058493022999999,7.4796540920000005,7.798106487,7.901564231,7.999003525,8.029411057999999
Ga0242637_111913,9.648801322,9.382639333,9.513265605,9.527918884,9.558088521,9.696789009,9.957030615,9.954293422000001,9.973622661,9.290808286,9.44900684,9.078837343,8.621852436000001,8.921892862,8.976722529,9.611650923,10.06023564,10.15208396,10.96742281,11.43822422,11.35372464,11.00890999,10.50231035,10.90446271,9.13591535,9.2483014,9.064984655,8.998160058,9.187527627,8.911281602999999,10.20800553,10.42763958,10.10440192,8.581912236,9.029282251,8.930569018,9.917399332999999,9.359867066,9.793271573,9.425348429,9.472890173,9.624758606,9.549164922000001,9.658281837999999,9.486230563,9.565333224,9.500773531,9.382378548
Ga0242637_111914,8.784679486,8.694370557000001,8.792298015,8.603814748,8.651994058,8.734558134,9.33846749,9.288853498,9.203682165,8.298346037,8.599550913,8.545442437,7.86171476,7.959961881,7.6128007989999995,9.059681243,9.257941598,9.401160242000001,10.55135657,10.9478256,10.94505671,10.70486857,10.27497119,10.6152894,8.056586243,7.953601738,8.121050873,7.657165512000001,7.994426624,8.123088434,10.0144078,10.31602551,9.790306224,7.83239006,8.302257114,8.415480833,9.070962694,8.826024275,8.950490764,8.442387985,8.078444962,8.507571279,8.519500414,9.37892886,9.26369338,9.183040626,8.590622556,8.525624963
Ga0242637_111915,5.419130355,5.967399061,6.077756391,5.917178237000001,6.02706223,6.155686639,6.616127077000001,6.144959018,6.147438318,6.515252153,6.105018361,6.146374915,7.760745592999999,6.465312632000001,7.548716262,8.994571899,9.394752814,9.23408472,9.221439039,9.291184589,9.071135622,10.00070249,9.59755807,9.521603333,6.342567085,6.327998564,6.184681404,7.3309290339999995,7.205782377,7.060477119,6.7202494999999995,6.35275835,6.298558283999999,6.439107343,7.221990955,7.0287260929999995,9.643319496,10.69659346,10.73298605,10.59830962,6.141944919,5.98529092,6.287979027,6.428072012,6.29629906,6.102121777000001,10.75205536,10.73839011
Ga0242637_111916,7.057237513,6.9994125789999995,6.979548796,7.024874407,7.155997172999999,6.99213366,7.486499162,7.5392339370000006,7.698768082000001,8.169843552,7.700810755,7.372421935,8.746588194,7.689544647000001,8.112974434,9.980779056,10.38271714,10.33539701,10.42674044,10.84181547,10.63310185,11.01536112,10.50231035,10.67428606,7.72670091,7.613131712,7.26128205,7.884763607000001,7.994426624,7.826376017,8.816149702,8.833803565,8.305188555,7.676110499999999,8.518518626,8.503342704,10.33803819,10.84564838,11.24203031,10.32539334,8.303843306000001,7.938395996000001,8.497715086,7.757066699,8.082884413,7.658346193,10.4759195,10.24678794
Ga0242637_111917,4.739094285,4.9110977160000004,4.693531291,4.795592988,4.739261539,4.739118302,4.953460831,5.3750155710000005,5.087212789,5.267307644,4.739976276,5.289520007,5.770013193,5.300425582,5.474722084,7.359248192000001,7.795047017999999,7.861003328,7.2460504420000005,6.754607339,7.127457992,7.218596184,6.374626861,6.888596116,5.4383337670000005,5.021994946,5.147612545,4.862341241,5.548714865,5.135602143,5.407155786000001,5.577533267000001,5.028947718,5.3156082389999995,5.5282672889999995,5.776699099999999,7.640341822000001,7.789501663999999,8.569506123,7.7902185820000005,4.870542887,5.067434938,5.353497345,4.972586967,4.982365562,4.824748111,7.954886124,7.57887756
Ga0242637_111918,6.558125456,6.703946649,6.858445215,6.601009441,6.647689439,6.617907858,6.703809415,6.8581230820000005,6.786779111,7.28129734,6.82025233,6.929020851000001,7.99870424,7.164292693999999,7.343188325,10.22029794,10.13348004,10.06683934,9.46678393,8.345574697,8.547455523,8.230915579,7.272294658,7.817184574,7.047319953,6.753717872,6.61670195,6.795147653,7.027534971000001,6.868039982999999,7.2400623060000004,7.406762023,7.097184052,7.207391983,7.906701749,7.729230942,9.750768392000001,10.23027777,10.83918362,9.711184362000001,7.1527909229999995,7.0838226639999995,7.618106103,6.844144815,7.457734758,6.825499923,9.90987195,9.748905096
Ga0242637_111919,6.430615562000001,6.31881479,6.337160317,6.131679505,5.894779528,6.268978306,6.226209227999999,5.848243122,6.419550429,6.430822582999999,5.630544265,5.92163303,7.102521811,6.528825552000001,6.738081898,8.715282665,8.948260363,8.917135696,7.651059274,6.05739422,6.366830345,5.721208933,5.1328806060000005,5.587314472,6.386606359,6.172605152999999,5.99237287,5.974503231,6.066362448,5.935518384,6.066467498,6.506166765,6.088432338,6.276822734,6.424071346,6.341508384,8.41527722,8.592807361,9.237532771,8.436480999,6.86274643,6.177912815,6.1548405939999995,5.656840735,6.193474781,5.721067526000001,8.454677601,8.390754503
Ga0242637_11192,9.68645316,9.571319293,9.864598884,10.13083398,10.22855444,10.08044358,9.514307371000001,9.595138119,9.751971608,9.798096624,9.319646388999999,9.343849792,10.60469677,10.15875243,10.00423102,14.40689535,14.41557943,14.42192559,14.57902775,14.90563566,14.84469333,15.272124900000001,14.90060996,15.00914261,9.868941988,9.801674598,9.851842575,9.61231427,9.347979287000001,9.386531076,8.887500602000001,8.725633473,8.965084787999999,9.394760529,9.077083774,8.849073163,13.07465479,14.17972752,14.09120842,16.04076561,10.03032838,9.517163125,9.954956552999999,9.492394396,9.453296005,9.510992948,16.00808034,16.26361279
Ga0242637_111920,11.52654391,11.72312117,12.18465556,12.64448595,12.86104946,12.84669438,11.46300157,11.55275368,11.69912083,8.818717503,8.490354353999999,8.694841025,12.54311351,11.97479648,11.79947976,9.501726006,9.178859191,8.815011967,8.445286348,7.914760661,8.214001377999999,8.497431864,7.769569364,7.915906467999999,12.38049637,11.96331707,12.56641562,11.40903309,11.48401919,11.72460641,9.905678802999999,9.467735817000001,10.52659125,9.831831781,9.716121807,9.087259002,11.098543300000001,10.80070125,11.30788591,8.142007279,9.905264897,10.00566918,10.16129329,11.35792833,11.37407504,11.50316571,8.350700381000001,8.106293669
Ga0242637_111921,6.905744264,6.941603901000001,7.612791768999999,8.154026216,8.47522197,8.369715925,7.248241447000001,7.217497324,7.201198889,4.89591963,5.118479175,5.211674346000001,8.084763438,7.356427236,7.343188325,5.224692397,5.189379758,4.34968863,4.392404915,4.385771447,3.8028251330000002,4.632374016,4.109167166000001,4.845648752,8.632396006,8.239544732999999,8.405494693,7.355131393,7.269940597000001,7.778527789,6.118359976,5.605065865,6.414086646,5.7185231739999995,6.363579272000001,5.316718516,6.943631749,6.665550105,7.07715465,4.864979065,5.905061516,6.253161323,6.313187963,7.02277669,7.701665685,7.325303806,4.8834059430000005,4.721248791
Ga0242637_111922,6.584989301,6.693973939,7.22537684,7.9436570170000005,8.126034202,8.019988278,6.575374116,6.8850806470000006,6.977635342,4.1921740110000005,4.023771416000001,3.82092602,7.9656573889999995,7.434235255,7.354768074,4.671023263,5.001430864,4.34968863,3.7340261939999997,3.00415308,3.8028251330000002,3.500516376,3.6101325589999997,3.1138557000000002,8.243536444,8.021304551,8.322222966,6.875466584,6.705297705,7.166559039,5.024950464,5.044266382,6.0352413689999995,5.596433381000001,5.975869282000001,4.766360622,7.412828432,6.697321291000001,6.821016694,4.545835038,4.7922398369999994,5.762726817000001,5.912241737,7.03115232,6.92846714,7.080913464,4.250125233,4.798593744
Ga0242637_111923,6.724395355,7.0234948170000004,7.262560199,7.77661395,7.918446917000001,8.098577946,6.873044736000001,6.96305222,6.977635342,4.042654659,4.609972668,4.3575869030000005,7.766239747,7.361415236,7.400178666,5.386834068,5.189379758,4.1660756469999995,3.7340261939999997,3.4707135389999997,3.8028251330000002,4.105023658,4.240772454,3.967222743,8.290581073,8.033652462000001,8.346509457,6.886583612999999,7.076201524,7.365947900000001,5.795880545,5.431291565,5.821364786,5.486061952999999,5.22071963,4.6666824469999995,6.85567705,6.874497956,7.07715465,4.453106302,5.146328175,5.2263368560000005,5.401527766,6.9887785870000005,6.92846714,6.93673013,4.145636678,4.552351294
Ga0242637_111924,5.226621028,5.136062347,5.40772777,5.583727362,5.770785618,5.915669562000001,4.629378226,4.92918289,5.0473067160000005,3.450563658,3.152346767,3.275040208,5.834414947999999,5.495645916,5.654928391,3.7318454780000003,4.347036161,3.698969074,3.409865375,3.00415308,3.9413868460000003,4.51831327,4.840645444,3.613718618,6.575975848,6.172605152999999,6.091745041,5.566548676,5.1819052469999995,5.41324651,4.134656991,3.7278747230000002,4.332374654,4.67152528,3.7955693239999997,3.9028094710000003,5.422921493,5.92592229,5.448837205,3.306485327,3.084464068,4.351588736,4.319533971,5.169295167,4.80563102,5.287173358,3.908340615,2.685057094
Ga0242637_111925,9.339789116,9.429923672000001,9.500877396,10.14233089,10.14288418,10.36345334,9.711501109,9.648513761,9.706731381,7.39696585,7.6201513279999995,7.056068182000001,9.345229857,9.352077118,9.328921163,8.255044623,8.563528081,8.206627931,8.00192066,8.215761968999999,8.167998865,8.709625075,9.137666878,8.630921096,9.493431177,9.741481778999999,9.712426059,9.157966162000001,8.962383841,9.384535117999999,8.550112992999999,8.341828684,8.834007139,8.286755913,7.520651021,7.654425807999999,9.922815629,9.613786678,9.862940304,8.191950777,9.858680662000001,9.244062342000001,9.859970986,9.333967817000001,8.678209893,9.186793112,7.886071404,8.106293669
Ga0242637_111926,6.135659831,6.431205219,6.174748645,6.267378167,5.87484486,6.227533759,6.1861335760000005,6.245591817999999,5.946807457,5.017927646,5.25404949,5.46731071,7.37848768,6.908855257999999,7.089605118,6.299413316,6.271554855,6.1524210120000005,6.115517037,6.246939936,6.270436562,6.80702934,6.604463303999999,6.656842683,6.400991392000001,5.96424484,6.534427166,5.974503231,6.42102919,6.39895528,6.048744573,5.877376281,5.9611066070000005,6.167008643,6.438804975,5.8681085479999995,6.243220588,6.981559298,6.708949726,6.30625242,6.785088255,6.861723825,6.236194534,6.402452117999999,6.360976475,6.550236877000001,6.17221836,6.288056674
Ga0242637_111927,6.516865246,6.524229557999999,6.798920884,6.680893997,6.433183635,6.826416382000001,6.684780805,6.764435894,6.648273819,5.933642772000001,6.031900167000001,6.207466191,7.681544935,7.770510147,7.422358543,7.025990104,7.092263417000001,7.024545734,7.390539899,7.584878938999999,7.726079061,8.176685337999999,8.314668023,7.999323485,6.613504208999999,5.819144914,6.768359053999999,6.523203402999999,6.609303126,6.672313727000001,6.686317367999999,6.696693296,6.667851638999999,6.736642322000001,7.040892058,6.637788707,7.813657267999999,8.007749132,7.8589242960000005,6.8418748460000005,8.371774562,7.672614546,6.778769051,6.765989407,6.863048794,6.80609677,6.806988873,7.081100124
Ga0242637_111928,6.760183736,6.579456316,6.660834089,6.738026389,6.5631991439999995,6.7209691639999996,6.731888897,6.600570836,6.725468564,6.8437422660000005,6.533343557999999,6.620501636,7.851413271,7.462363578,7.307880228999999,6.942083727999999,6.870639231,6.7983644110000006,6.351476382,6.564324514,6.457165661,6.396353526,6.531855815,6.380475612000001,6.563245716,6.380583992999999,6.838589513,7.158277805,7.092065152000001,7.166559039,6.338445395,6.446752199,6.357482551,7.248347204,7.506750769,7.124250299,8.069508682999999,7.774699189,7.55643847,7.410867456,8.664991945,8.162733579,7.966315472000001,6.502302327000001,6.906989471,6.596164566000001,7.429194995,6.885458696000001
Ga0242637_111929,5.740242287999999,5.753059007,5.60685945,5.562710944,6.228823567999999,6.184858116,5.6504501860000005,5.587854455,5.087212789,4.665563422,5.377795913,4.8995810760000005,7.482296497,7.220282574,6.84873645,6.033129442000001,5.68889131,5.544226111,5.2654368069999995,5.363454685,5.695750143,5.56032048,5.8843656179999995,5.680529589,5.57198214,4.549828091,6.03295117,5.420473985,5.477676901000001,4.837999339,4.9879069110000005,5.3683184960000006,5.1002818780000005,6.1087839420000005,5.660281949,5.695796852999999,7.142552369,7.682543879,7.448975807,5.182918672,8.789427663,7.60731531,7.115777473,5.471438399,5.211812222,5.7620501520000005,5.824370985,6.462210128
Ga0242637_11193,9.670884141,9.359191193,9.785096276,10.00181337,9.314334306000001,9.922007537999999,9.561963935,10.00735512,9.560066609,9.172473124,8.754932083,9.065178669,8.399530396,8.916821262000001,8.986056482999999,7.529850665,8.103615872999999,7.656808442000001,7.809720379,8.142796071,8.056990951,10.27897218,9.461018107000001,9.543380896,8.793483757,9.089825092,8.382189249,8.935360476,8.587778127,8.74076403,9.040678709,9.023415808,9.59025916,9.112002641,8.918187026,9.192328829,9.688536402,8.789680158,8.864257546000001,6.38209156,9.363698557000001,9.454906449,10.08664797,8.80939935,9.005510833999999,10.01175579,7.144884355,6.508326178
Ga0242637_111930,5.666474096,5.500861604,5.89993998,6.043645428,5.658564936,5.4932897060000005,5.967035622999999,6.0042588189999995,5.687892007,4.665563422,5.070243604,4.948618036,7.597739813,7.088093816000001,7.003928826,6.000247085,5.917530311,5.6838572439999995,5.218180433000001,5.540133262,5.695750143,5.997163747,6.166412467000001,5.680529589,5.597273116,4.4528408719999995,5.90760089,5.222770135,5.056986526,5.135602143,4.786479382,5.197488063,4.833019414,5.794486489,5.9348228039999995,5.180067749,7.066247163,7.441409181,7.271083254,5.9879025189999995,8.903976472,8.005096383,8.020799038,5.5438145510000005,5.346438148,5.544273273,5.919555579,5.786702919
Ga0242637_111931,8.025565946,8.073196055,8.181199377,8.511346941000001,8.390287193999999,8.385474262,7.9675252720000005,7.893392788,7.844195911,7.215589351,7.8638186889999995,7.3364721489999996,9.88029408,9.562626203999999,9.327453277,7.459192233,7.409462326,7.364774649,6.66327232,6.954031085,6.967761387,7.892556282999999,7.759016224,7.733032594,8.199021269,7.596578839,8.39388904,7.663638949,7.75148796,7.7290372210000005,7.039745923,7.015545812999999,7.313262029,8.123968911,8.062077332000001,7.7691714670000005,8.827034865,9.001529964,8.712832133,7.398762882000001,11.207647,9.929500573,10.44356037,7.448735033999999,7.899410702999999,7.557583361,7.5428567520000005,7.682959076
Ga0242637_111932,9.319961898999999,9.123452005,9.250125966,9.018996057,8.963206317000001,9.011352656,8.79686161,8.987069023,8.970151531,7.647959768,7.661044982999999,7.8060852810000005,8.941262111,8.956903415,9.004545139,8.381403767,8.522562105,8.299606337,9.003741241,9.669642592,9.552395611,10.539261999999999,10.88969948,10.40878122,9.094541524,9.159080641000001,8.956089902,8.774245914,8.873444952,8.660555482000001,8.773735103,9.008105192,8.969805313,8.341387324,8.008839498,8.36945785,9.27107988,9.30427368,9.10667331,8.730028434,8.324560707,8.263043375,8.220222536,8.706019818,8.715725466,8.790323761,8.541753857,8.795441674
Ga0242637_111933,5.534379952,5.673836388,5.009507295,5.029684248,4.9074591430000005,4.77845092,5.2691012960000005,4.742600255,4.51177886,5.13022099,4.218583159,4.429408888999999,8.569401172000001,8.446476586000001,8.865814164,9.110500771,9.764799863,10.15308091,10.26749026,10.42296271,10.37997172,10.78256244,11.47495666,11.04084586,5.931125977000001,6.187447131,5.6707321020000006,5.820322182000001,5.821286186,5.645488592,5.590347098,5.831564123,5.264318318,5.439406105,5.076266476,5.338268365,9.534313347000001,9.299111867999999,9.621461156,10.53476664,5.377048301,5.275578888,5.252278774,5.10671788,5.582626785,5.107153384,10.11252422,10.35627898
Ga0242637_111934,6.795104112000001,6.924651892999999,6.868131067999999,6.601009441,6.433183635,6.798415299999999,7.009258482000001,6.902776068,6.786779111,6.41625629,5.92822546,6.51177938,10.44605225,9.774632333,9.967949134,11.40261867,11.4947561,11.56336171,12.04354902,12.32845077,12.30404509,12.63619749,13.39377863,12.90032347,7.219351136,7.5854370620000005,7.155240818999999,7.130498997,7.176324364,7.019879774,7.509371657000001,7.497299404,7.2447735579999994,7.214299187000001,7.187546267,7.270604904,11.37235948,11.29263259,11.19241031,11.85964279,7.566403966,7.60731531,7.807131587000001,7.391352554,7.557557126,7.048263126,11.81597837,11.89838809
Ga0242637_111935,7.913586724,7.556418422999999,7.9905463889999995,8.281089054,8.654909877,7.32859794,7.733163858999999,7.668922009,7.748891446,9.655229773,10.78766035,9.995398481,8.518229755,8.207111842,8.429932374,9.051701478,8.998917599999999,8.970141063,8.626769739,8.949999383,8.70301523,9.971803898,10.63228016,10.09160954,7.754935539,7.640304413,7.614625707,7.556405552999999,7.213053747999999,7.090191642000001,6.7964464179999995,7.085334714,7.035441787999999,7.281609402999999,7.247294762,7.501574507999999,9.011197379,8.962882346,8.527212351000001,9.879541778,8.00333294,7.811619916000001,8.138107072,6.815331317,7.350482686,6.796296265,9.683067999999999,9.989088064
Ga0242637_111936,6.060992991,5.967399061,6.190295742000001,6.073594029,6.999541192000001,5.627213106,6.073453281,6.245591817999999,6.3722996720000005,9.185396548,9.896942099,9.879998926,5.451604304,5.23622359,5.3405469839999995,6.326169633999999,6.427877125,6.387860775,6.764734549,6.523051353,6.752916,6.94329072,6.9209990370000005,6.67952201,6.250221922000001,6.5160011860000004,6.562378034,5.566548676,5.211486433999999,5.2461741669999995,5.260192441,5.431291565,5.492797981,5.794486489,5.68528209,6.208152165,6.661800464,6.565798803,6.245463007000001,8.544774964,5.790192407999999,5.829920795,5.736716005,5.007333227,5.582626785,5.721067526000001,8.05580279,8.714267077
Ga0242637_111937,8.120330727999999,6.8276722439999995,7.255199876,8.071302793,8.764260485,6.916006528,8.342847523,8.056322316000001,8.416977292999999,12.59821609,13.28526324,12.73407873,6.482175612000001,6.036100632999999,6.018456382,5.8968195439999995,5.830404259,5.152783744,5.011617463,5.872266967000001,5.4081854620000005,5.910951122999999,5.37497316,5.138108701,7.2671959820000005,5.819144914,7.482028047000001,5.647517796,5.7825859479999995,5.773543117999999,5.858317548,5.684617141,6.189243906000001,6.829576227,7.187546267,7.991423707999999,6.900325658,6.029579036,5.632826815,5.12479833,6.744630009,6.52003258,6.626329062999999,6.322734152000001,6.646816487000001,6.309494405,5.221123476,5.131981726
Ga0242637_111938,7.614716262000001,6.13918578,6.704750009,7.3335582310000005,8.121825035,5.880404005,6.655757792,6.403232152999999,7.039382035,11.67959944,12.64465248,11.78155355,5.040895261,4.99841835,4.735373538999999,4.389752078,4.409928452,4.34968863,4.701851585,4.71973642,4.718346846,4.51831327,4.994320674,4.999446763,6.008417962,4.918013547,6.129644375,4.666762687,4.551631663,4.520405555,4.697037544,4.3849201980000005,4.605178942,5.091927392,6.054598248,6.816279252999999,4.818200909,4.737982187,4.535009727,4.002277801,5.015163076,4.88837244,4.677691172,4.936962314,5.063055895,4.78509857,4.347120349,3.707348591
Ga0242637_111939,6.611360845,6.466798012000001,6.556831896,7.04764284,7.180497923,7.103094337000001,7.3663321470000005,7.181716403999999,7.44877415,6.854579569,7.253762881,6.543690071,6.867025961,6.758081747,6.665502854,8.183809212,8.180251015,8.191178968,8.424784014,8.518091916,8.361436692,8.248548482999999,8.490798403,8.30639729,6.297136007000001,6.287257392000001,6.321903885,6.404397687,6.204339683,6.366910684,6.9756598489999995,7.005294172999999,7.097184052,6.736642322000001,6.467827035,6.890631293999999,8.069508682999999,8.478723686,8.022456733,8.430549724,8.643167581,8.269087016,8.418766049,7.580079252000001,7.571269564,7.557583361,8.619168331000001,8.633454987999999
Ga0242637_11194,8.458128273,8.467553108999999,8.521940307000001,8.980095774,9.076275243,9.117063655,9.189655061,9.295561562,9.252265072,8.832475998,8.799559265,9.121695829,8.553604238,8.472058366,8.342518767,9.495856577,9.620204997,9.595566243,9.876481287,10.57691291,10.47072893,13.77331769,13.29087889,13.34073311,9.809622604,9.681285819,10.07413786,8.92462285,8.573731349,9.124814417,9.013596683,8.716242213,9.108968777000001,9.439636118,9.237133278,9.62439072,10.21540256,10.08188636,9.747247367,9.23770373,11.07130047,10.75074955,11.18284026,10.35583335,10.87579393,10.43340094,9.378091404,9.306217288
Ga0242637_111940,9.449704602999999,9.246131585,9.432404466,9.354754077,9.494405122,9.333970822000001,9.160711828,9.04594067,9.169593767,9.736502468,9.770008383,9.55793162,9.736595206,9.438366549,9.455265964,9.347311484,9.406058332999999,9.22273369,9.010635986,8.890467987000001,8.940425785,8.265968422,8.364242692000001,8.335221727,9.415994585,9.391078777,9.355615831,8.78912127,8.880308933,8.886107606,9.002160708,9.005537549,8.892358095,9.222276367000001,9.141451639,8.934086352000001,9.337476296,9.273022078,9.03185861,8.69582166,9.33335604,9.295297397,9.386805359,9.226913988,9.427150095,9.20541051,8.753992495,8.596624378
Ga0242637_111941,6.080026936,6.063639229,6.337160317,6.013058472999999,6.114599127999999,5.844248707999999,5.76393575,5.902157056,5.763272576,5.953985238,5.726522462999999,5.872127302000001,6.482175612000001,6.329198133999999,6.296254961,5.860616327000001,5.475376129,5.2157469,4.630727353,3.4707135389999997,3.2608517239999997,3.500516376,2.733434557,3.1138557000000002,6.117068775,5.8935302720000005,6.110819759,5.748802145,5.802066796,5.6184418439999995,5.228884131,5.044266382,5.264318318,5.698885129,5.471842435,5.180067749,6.018255341000001,5.8711413839999995,5.681317807999999,4.632733889,5.976825521,5.692222557999999,5.976844206,6.01967202,5.582626785,5.721067526000001,5.062331788,5.071312206
Ga0242637_111942,6.873435421,7.093416617000001,7.277169034,6.548731879,6.587849591,6.660021902,6.364273235,6.3133880179999995,6.2899247229999995,5.953985238,5.816465234,6.187389755,7.502190467999999,7.556703326,7.655555274,5.78534409,5.87462932,5.946455567,4.302796251,4.860785042,4.384474106,5.954705207000001,5.1328806060000005,5.434983135,7.0654772239999994,6.949020531,6.86125864,6.972559775,6.9771668689999995,6.65915035,6.101270058,5.943460536,5.862700526,6.138191375,5.995960243,5.981569492999999,5.751330366,5.414567487999999,5.860349009,5.292467671,5.575530368,6.301223246,5.976844206,6.538028848,6.949629269,6.550236877000001,5.117265012,5.669500702000001
Ga0242637_111943,10.99625502,10.86429801,11.09907454,11.68266686,11.72449496,11.73603373,11.54631667,11.46435691,11.53611893,11.25933174,11.48646581,10.45418141,11.38880425,11.03629249,11.22629846,11.66308719,11.53049094,11.50443103,11.504798300000001,11.21133169,11.1406091,10.19052642,10.01610086,10.52122466,11.55481322,11.59667881,11.76048699,10.61443238,10.41325832,10.68352907,10.84852186,10.72940241,10.78544373,11.30436949,10.54252258,10.35377128,11.95145987,11.95059639,11.86813008,12.05395742,12.81385245,12.57415958,13.0958418,11.44115338,11.36229606,11.408324,11.97442514,12.07228547
Ga0242637_111944,10.32329694,10.18215141,10.47682746,10.43833743,10.43091173,10.44391039,10.01525356,10.15298027,10.17031503,10.38920184,10.61426958,10.13399506,10.22554012,10.07168981,10.04141454,10.1658916,9.965350203,9.84296712,9.271091589,9.266420525,9.130589758,8.274600126000001,7.993142961,8.636721584,10.43610383,10.25877376,10.37888044,9.877449187,9.97304923,9.963951292,9.997229947000001,9.983020891,10.07293807,10.41546242,10.10768568,10.07666838,10.76331175,10.76744964,10.46909751,9.588710765,10.87696971,10.57775242,10.80678439,10.18162869,10.73217015,10.43261106,9.712066855,9.59736383
Ga0242637_111945,12.08800722,12.14598492,12.44503735,12.5440487,12.62200105,12.57095065,12.11229226,12.26745554,12.36081094,12.45459634,12.05407418,11.82758346,12.01541446,11.84710063,11.49075121,11.73523333,11.56578208,11.20225117,10.491010000000001,10.07812466,10.267624699999999,9.491320491,9.137666878,9.421000563,12.79240984,12.56227273,12.62404663,11.70839943,11.80938965,11.83980023,11.752718699999999,11.44223268,11.96423339,12.58688285,11.68980102,12.1544538,12.61176749,12.38504684,12.07027191,11.56974103,13.08695199,12.749995,12.94730694,12.2242506,12.85271374,12.59056759,11.53872492,11.72702692
Ga0242637_111946,9.770664538,9.734511679,9.755419954,9.805531621,9.900331852999999,9.972956801,9.733635496,9.810661185,9.689193223,9.278799309,9.151946429,9.100425742999999,9.712612821,9.595794833,9.460632424,9.249542817,9.18762066,8.994819077999999,7.973967952000001,7.209359308,7.424455125,6.85389689,6.843156365,7.036428583999999,10.33501699,9.941462354,10.31160211,9.382502074,9.611268466,9.777274331000001,9.477196509,9.320572002,9.623590984,9.821696125,9.617738476,9.466978669,10.14762895,10.55869809,10.33314249,9.297581236000001,10.434581300000001,9.933310913,10.17336714,10.30496808,10.238648300000001,10.13437921,9.369716072000001,9.486701476
Ga0242637_111947,9.220803121,9.202877993,9.409390821,9.405547912000001,9.361502662000001,9.440386095,9.014220704,8.955648564,9.067157649,8.765204687,8.612115917,8.715973812,9.620089545,9.30497671,9.134458751,9.02341948,8.950835921,8.615356647,7.677301022999999,7.087343419,7.181404511,6.94329072,6.4553886270000005,6.656842683,9.744947099,9.629355692,9.764421979,8.911087437,9.123402573,9.178792544,8.852266252,8.703624662000001,9.011609,9.409874695,9.340635691000001,9.232874988999999,9.616830367,9.829631845,9.523913903,8.624874015,9.597275837,9.304152969,9.365914487000001,9.69825022,10.00358959,9.763024459,8.779508541,8.790791075
Ga0242637_111949,7.745361502000001,7.722480354,7.428792649,7.4463490320000005,7.405004311,7.373553051,7.602490678,7.578279478,7.537010412000001,7.101979601,7.708633982,7.441738717000001,7.448517384,7.649331073,7.7016191439999995,6.852985968,7.225926855,7.398807548,6.435986131,6.114150367000001,5.4529875489999995,5.615986788,5.259079827,5.07047746,7.732392237000001,7.996286968,7.391528032999999,7.61770242,7.604449982999999,7.299678146000001,7.263251914,7.334920497000001,6.903403087,6.829576227,6.799894557000001,6.861349465,6.900325658,6.697321291000001,7.086151866,7.244976904,7.566403966,7.568629215,7.446732691,7.226128397,7.181940452,7.398352187,7.3855359179999995,7.280129452000001
Ga0242637_11195,7.076284421,7.039328875,7.115850186,7.077451646,7.172377202000001,7.411000683999999,7.822854266,7.768741324,7.815084229,9.353220555,8.210843254,8.296976536,6.984873426,6.8673633910000005,6.959101068,8.479846672999999,8.642126722999999,8.859667368,10.57014627,10.87085514,11.03566192,16.1330477,14.98210822,15.324779399999999,7.982111402,8.371859617,7.807783589,7.828264337,7.884910164,8.103804369,10.91710649,11.47878922,10.02157823,8.33189562,9.459019711,9.136940065,9.701199416,9.057626743,9.727269461,8.675904458,8.070289771,7.413542242,7.9014188889999994,7.84516866,7.251739681,7.404812992999999,8.919976831,8.776748635
Ga0242637_111950,10.10780333,10.12768467,10.010464500000001,9.859039094,9.828548835,9.806199149,9.822191101,9.749682611,9.742727245,10.3234981,10.06629844,9.958933456,9.969901736,10.11661518,10.15996281,10.02424303,10.09674132,10.14207644,9.754464275,9.945962247,9.730231722000001,9.560005149,9.621052548,9.615645537,10.18644807,10.23669496,10.0619681,10.04172355,9.991128529,9.924657586,9.385109649,9.393085917,9.522799176,9.689218749,9.40946831,9.352043325,9.41639245,9.617938353,9.667119035,9.964086605,9.775862683,9.675689422,9.562342192000001,9.8215951,9.725700055,9.662855243,9.848912956,9.875088022
Ga0242637_111951,8.276639638999999,8.386360002,8.293206638,8.100617393,8.138588496,8.113794748,8.062640867,7.999929295,7.960426654,8.071162122,8.078254131,8.102054171,8.227008533,8.425203227,8.298241197000001,8.555162231,8.911711207,8.854773376,8.831433998,8.741191286,8.70301523,7.869947838,7.965873042999999,8.246960536,8.243536444,8.571358734,8.153533255,8.138170738,8.227622704,8.098942794,8.117417496,8.23188605,8.079182805,7.965213581,7.47854162,7.819493313,7.836799837999999,8.40375237,8.50726588,8.388333507999999,8.331400902999999,8.328170181,8.297913685,8.212093932,7.83267135,8.05728081,8.637889766,8.575148247000001
Ga0242637_111952,8.670316745,8.229665505,8.766655627,8.960245058,8.539743188,8.669116274,8.27137492,8.472126941,8.397472217,8.88623412,8.728247391,8.584267572,8.648867404,8.816909849,8.730193209,9.324311699999999,9.286769312999999,9.136646147,9.544852066,9.906438343,9.916620905,9.934166298,9.81178185,9.582972915,8.74926461,8.700870504,8.358501055,8.897423817,8.521999266,8.828540898,8.383815166,8.223071374,8.657996286,9.161064375,9.029282251,9.219966157,9.461749778,9.140770794,8.601216352,9.05702,9.128705381,9.486370597,9.395666803,8.557470841,8.862317804,9.282835573,8.92379594,9.030566037
Ga0242637_111953,7.815023672000001,7.717570252000001,7.750002638,7.781147907,7.54992654,7.695248852000001,7.632569735,7.578279478,7.620156487,8.057166837,7.952136391,8.019461446000001,7.99870424,8.046104668,8.240131552000001,8.419111545,8.505143504,8.876666758999999,9.607587432999999,9.940102251,9.920589323,10.65781149,11.27379853,10.85556342,8.186638471,8.11724862,8.097392949,8.27550364,8.367727667999999,8.233672863999999,7.979583912000001,8.044463336,7.82675832,8.229973511,8.052542756,8.479468592,8.029896101,8.186126118999999,8.43167424,8.488792723,7.830619859,7.938395996000001,7.618106103,8.128738783,7.786398269,7.797403882,8.480838409,8.207476974
Ga0242637_111954,8.47256936,8.404801996,8.420349247,7.877449897999999,7.817950977000001,7.834953414,7.831523959,7.783135645,7.965734502,8.555567086,8.612115917,8.493355141,8.157638887000001,8.290520446,8.35121348,8.412894975,8.373106317000001,8.594957298999999,8.465501344,8.894514097,8.81385317,8.944103886,8.789276021000001,8.625097189,8.726636112000001,8.916218076,8.462162272,8.427755179,8.548097209,8.323933735,8.121651666,8.009005508,7.932118471,8.353946543,8.273819861,8.412962163,7.813657267999999,7.666595349,7.848391063999999,7.91442691,7.121547025,7.424416872999999,6.646290509,7.941581458,7.931656771,7.836156427000001,7.999003525,7.88849887
Ga0242637_111955,6.968265904,6.693973939,6.378444875,6.621400072,6.244424424,6.607183947999999,6.655757792,6.6327502560000005,6.450209912,6.788297608,6.61894186,6.187389755,5.813267869,6.474559397,6.646771556,6.67724492,6.582228827000001,6.828657112999999,5.923744665,6.246939936,5.213380113,6.192437593999999,6.580665552999999,6.4872149420000005,7.3509880789999995,7.568561275,6.768359053999999,7.194502378999999,6.870818067999999,6.856556353999999,6.686317367999999,6.631505491,6.584030227,6.626970511000001,6.5783923589999995,6.785429225,6.809599865,6.5998232429999995,6.685450226,6.994507531,6.172806286,5.92514813,6.18247369,6.164004831000001,6.29629906,6.102121777000001,6.63109689,6.832094877
Ga0242637_111956,9.425786331,9.564500815,9.134595193,9.330217827,9.240557625,9.353329492,9.321645737,9.214700312,9.328395977000001,9.49664368,8.777418246,8.733351007000001,9.132035455,9.471025956,9.50416015,9.170685887000001,9.368023532999999,9.518753169,9.041260928,8.672162568,8.761712457,8.796094931,8.978518145,8.607483042,9.207114798,9.234106444,9.329456271,9.392277103,9.250689933,9.344024833999999,8.821364902000001,8.661838322000001,8.909658541,8.634331513,8.198012139,8.36945785,8.445698785,8.99516017,9.323688528,8.332174178999999,9.758205389,9.634153497,9.673388518,9.496933834,9.005510833999999,9.298527966,8.459947858,8.029411057999999
Ga0242637_111957,7.934603992,7.798849867,7.801428541,7.648476018999999,7.715521267000001,7.9538796970000005,7.9154694,7.749322617000001,7.586093067,7.919546112999999,7.336890401000001,7.675506492999999,7.8041236220000005,7.54359832,7.776700984,7.447071651,7.558799347999999,7.706561702999999,7.347604102999999,7.403643794,7.479313968,7.145155066,7.227055767,7.053884947999999,7.76607639,7.545748491,7.482028047000001,7.732992201,7.685079721,7.710031391,7.263251914,7.351197561,7.468136756,7.506447627999999,7.464227319,7.520421121,7.586740087000001,7.600976356,7.619749893,6.051283375,8.086554298,8.026661495,7.9014188889999994,8.040269062,8.092424055,8.032467811,6.3646691120000005,6.149326563
Ga0242637_111958,7.8868769379999994,7.936211055,8.321662388,7.991391017000001,7.99408749,8.281511576,8.258575153999999,8.237956036,8.357652492,10.91143291,10.50959432,10.16377844,8.763166266,8.451161692000001,8.703281061,9.106654509,9.286769312999999,9.449028946,9.695785026,9.510032495,9.42409111,9.310087363,9.104713002999999,9.246123691000001,10.47140666,10.19882456,10.45344563,10.2180565,10.05520889,9.999597332999999,10.94663866,10.70587213,10.51291083,11.76208208,11.56879526,12.04119558,9.938943567,9.929883422,10.27239982,10.95402299,8.552410219,9.129157871,8.519500414,8.835919503,8.917023228,8.701304521,11.05249776,11.01449802
Ga0242637_111959,7.653266805,7.8491019479999995,7.963711925,7.6924660970000005,7.64686695,7.5235479000000005,7.695665076,7.390461198,7.779356235,7.610111516,7.856795602999999,8.080487779,7.820059771,7.762992071,7.678771149,8.491692741,8.395969026,8.462891395,8.718059837,8.014811191,7.960048835,8.350045451,8.452019878,8.254525462,8.405454176000001,8.21806656,8.462162272,8.349628885,8.280472541,8.477905400000001,8.104639887000001,8.196299439,7.718710082,8.037071559,8.080959443,8.457638733,9.080687212,8.797022606,9.285163434,10.6502681,6.499165323,7.288171693,7.13001608,8.266284988999999,7.973559705,8.002969217999999,10.76701363,10.72991251
Ga0242637_11196,7.159010652999999,7.264813479,7.140031105,6.548731879,6.53811905,6.447999274,6.013612885,6.084121432000001,6.220447202000001,5.362081109,6.262407139,5.46731071,7.528295805,7.616332661,7.706145617000001,7.135810064,7.054421832,7.17355671,6.261687055,5.659621767999999,5.4964242720000005,9.228035025,8.170829459,8.184968804,5.227274716,5.321969697,5.031380373999999,6.972559775,7.153828832,7.256656938,5.290825408,5.335755549,5.232993875,6.637293215,6.284199342999999,5.776699099999999,8.602433012999999,8.314472299,8.689420075,7.835816606,5.665297426,6.098503088999999,5.353497345,4.4188348369999995,4.079391123,4.658919033,8.034764335,7.835284427
Ga0242637_111960,8.000868814,8.022343895,8.055526163,7.95974454,8.0703329,7.962310903,7.733163858999999,7.778353485,7.8727315120000005,7.57124289,7.739509225,8.23975644,8.128075932,7.882290557,7.8274405410000005,8.555162231,8.583582882,8.658121664,8.195897561,6.754607339,7.207638899,6.574910802000001,6.100925536,6.8085711820000006,8.641497235,8.315669852000001,8.589717723,8.450391083,8.671941699,8.816746657000001,7.591051534,7.629947892000001,7.583538408,7.483763981,7.506750769,7.780941041,9.09994177,9.30427368,9.699706348,10.68804464,6.398391844,7.31179242,6.455809351,8.40800838,8.639692526000001,8.443455405,10.77549209,10.73233977
Ga0242637_111961,6.516865246,6.478469212,6.556831896,6.159864192000001,5.87484486,6.268978306,5.982730022,5.7536165210000005,5.968181014,5.688446836000001,6.240951495,6.59026719,6.371028016,6.528825552000001,6.559326391,6.5916770510000005,6.555368662,6.714322657,6.394351991000001,5.106417025,4.859361138,4.737776482,4.109167166000001,4.24518793,7.056427191,7.065907785,6.959073255,7.281269958999999,7.276896138,7.519405797,5.858317548,5.735294446,5.734932025,5.84892586,6.30042989,5.940066684,6.85567705,7.303809337000001,7.9003043129999995,8.907047448,5.015163076,5.618061775,5.143286713999999,6.844144815,6.794517034,6.607421062,9.019701551,8.957752974
Ga0242637_111962,8.781783242000001,8.643512065,8.83487048,8.960245058,8.915374745,9.013382349,9.101022761,9.320442605,9.360983767,8.727412285,8.238122183,8.019461446000001,8.909345967,9.033873809,8.955972734,8.730358949,8.583582882,8.804897978,9.319091879,9.278855693999999,9.334719172,9.391695454,9.373810305,9.397279018999999,8.839027222,8.786045421,8.971787009,8.349628885,8.483448555,8.439964997,9.894588669,9.693484349,9.930079844,8.873353265,8.727664656,9.64062691,8.588867677,8.140674108999999,8.336910524,8.13472919,10.0366197,10.03256069,10.42924684,9.708724054,9.750010715,9.698776697000001,8.345014632,8.221369232
Ga0242637_111963,8.078455307999999,7.9860578470000005,7.884851807,8.255253401000001,8.187740612,8.165823742,8.16221555,8.133240962,8.299990886,8.182791782999999,7.636648227,7.398807862999999,8.230987033,8.115633787,8.211766835,8.219866657999999,8.149186922,8.244541522,8.958103776,9.28194781,9.286330385,9.297437991,9.579682655,9.414262687999999,8.601637042,8.786045421,8.439761679,8.119458423,7.981715397,7.65146294,8.797746575,8.542921583,8.649194514,8.256973299999999,8.184980897,8.554514957,8.26983383,7.53222795,7.9003043129999995,8.02878047,9.216298581,9.00067551,9.481410282,8.88292326,8.510457671000001,8.555091675,7.89388166,8.021492483
Ga0242637_111964,6.9885176389999994,6.916100485,6.988456019,7.308645022,7.537337531,7.483098179,8.917794768,8.951406983,8.880269454,9.375946156,10.12884046,9.976551732,7.178685359,6.922424455,7.343188325,7.762809346,7.967778916,7.960044301,8.850774012,9.502099423999999,9.316763043,10.32332275,10.72328651,9.952044183,7.3509880789999995,7.656365579,7.164381771,6.972559775,7.107756029,7.230214011,9.142109546,9.197739732999999,8.902269456,8.964208996,9.485830177999999,9.305278898,8.12695937,8.208326037,8.099978569,8.800706288999999,8.126430816000001,7.930790766,8.253103884,7.89647349,7.750692193,7.767640359,9.051467816,8.974254232
Ga0242637_111965,6.502844646000001,6.845797579,6.568765872999999,7.142348804,7.348471206,7.386143996,8.807884908,8.647554365,8.747913556,8.651828086,9.149075246,9.24069496,6.8042773,6.817395326000001,7.033057359,7.49495429,7.85678535,8.321056823,8.795954814,9.397645168,9.233074285,10.56235494,11.07761133,10.38829885,7.525050268999999,7.759097709,7.391528032999999,7.255783728,6.804950083,7.050434521000001,8.997560812,9.235480754,8.698375689,8.657312689,9.176983552000001,9.171620231,8.029896101,8.441725063,8.2354803,9.588710765,8.172871403,7.9978357529999995,8.226859048,8.116989565,7.786398269,7.6255348320000005,9.355648216,9.639356477
Ga0242637_111966,4.786832832,4.643131277,4.398382944,4.514300356000001,3.9047313960000003,4.268645649,4.7827385,4.742600255,4.387612859,5.759588345,4.914784288,5.251130599,5.607412015,4.945647534,5.026910207,5.705893862999999,5.896240317999999,5.544226111,6.680687091,7.101422267,7.401913389,10.43725197,10.01610086,10.30333131,4.629103398,4.502186862,4.6108539319999995,5.53850578,5.453188999,5.015657664,5.164115448,5.233337442,5.354349848,5.208172581,5.555664486,5.294837022,4.615431697,4.856866072,4.9093304369999995,6.081954045,4.7922398369999994,4.351588736,4.5964761439999995,4.936962314,4.982365562,4.900834924,6.271662857999999,6.365290169
Ga0242637_111967,9.210070997999999,9.213377744,9.212634416,9.185550431000001,9.250229715,9.243490645,9.146887906,9.119616113,8.988518179,9.512113827,9.490428002,9.221120499,9.425531692,9.397688228,9.419888766,8.798703637000001,8.879628996000001,8.970141063,9.148297799,9.342437784,9.352454547999999,9.577549415,9.292009527000001,9.561789244,9.067785763,9.155319106,9.42187152,8.619724835,8.800536313,8.643964351000001,8.885012205,8.813396069,8.854571918,8.736180239,8.730656797,8.619309515,8.561348185,8.642564862,8.940609186,8.067518867,9.152073475,9.074996141,8.893551696,9.278800046,9.207744278,9.277566612000001,8.117137159,8.164978834
Ga0242637_111968,12.25314789,12.14575654,12.22121958,11.8746364,11.80610215,11.84944498,11.65285684,11.71916235,11.6620066,11.45567417,12.53455867,12.77827885,12.41062497,12.3847939,12.5778387,12.20516575,12.35453092,12.60427717,13.82475977,14.24838963,14.17489051,14.00003515,13.708644699999999,13.916765900000001,11.60297184,11.63296958,11.82564016,12.49194749,12.42027887,12.6388055,12.026612199999999,12.10069588,11.81679925,11.98886023,12.78575172,12.49184969,11.90979039,11.92903857,12.00035044,12.63444774,11.37917613,11.22727658,11.48225055,12.27490831,12.41133629,12.34928506,12.64800957,12.65281011
Ga0242637_111969,8.413916725,8.493632661,8.173413656000001,7.927388007,8.043880603,7.857729582999999,7.911386179,7.709682621000001,7.730298764,8.368022747000001,8.382025251,8.342984852,8.270179857999999,8.336826192,8.701015552000001,7.575102911,8.094326291,8.202781176,8.283906112999999,8.633950474,8.656180134,9.936887505,10.0511162,9.664727597999999,8.440640169,8.966455545,8.5273495,8.52693121,8.539450254,8.543780402000001,7.752679678,7.929955262999999,7.907721987,8.229973511,8.210926696,8.073460731,7.104904802999999,7.128566922999999,7.332852503,6.859655011,7.600787457999999,7.597740665,7.926098597999999,8.077119502,7.5848528129999995,7.663742888,7.105052362,7.280129452000001
Ga0242637_11197,6.724395355,6.974920926,6.915606733,6.159864192000001,6.33463195,6.080054989,5.88587872,5.9541164339999995,5.968181014,5.33118652,6.081057114,5.767668373999999,7.282045953,7.390986119,7.130605601,6.523987701,6.697256922999999,6.887395462000001,6.214597157,4.926323084,5.104939347,7.869947838,6.580665552999999,6.787850294,4.815079697,4.918013547,4.990409729,6.579118769,7.0682037310000005,6.685357821,5.024950464,4.2484376169999996,5.264318318,6.637293215,6.496275108,5.7608803889999995,8.352438823,7.995034777000001,8.314128635,7.37424447,6.110405722,5.369221982999999,4.962237235,4.4188348369999995,4.80563102,4.470605637,7.62961768,7.722575325
Ga0242637_111970,6.257656398,5.967399061,6.15903142,7.474620292000001,7.204589082,7.94113974,7.959637963,7.64284881,7.3547830439999995,6.645812063999999,7.777196217999999,8.629519047999999,8.869069726000001,8.565762589,8.267949192,12.09494769,12.32803033,12.48484056,12.03681044,12.56608476,12.60338438,12.89597181,13.13743246,12.74252443,5.29084043,5.375044513,5.184328131,5.509900869,5.240463367,6.100672285,8.266350787999999,8.507063556,7.3997942320000005,6.016764481,6.409185214,6.753903761,12.52895356,12.45633462,12.66351379,12.06930651,8.818928849,8.293011482999999,8.567346723,9.686375542999999,9.176694237000001,9.324308483,12.21275466,11.67498201
Ga0242637_111971,7.245680772999999,7.145547293,7.334167221,6.954327086,6.971730011,6.880836341,6.930700823,6.839866905,7.227959864,7.603705742000001,6.890756098,7.078010547000001,7.076212309,7.466998732,7.307880228999999,7.150837057,7.2001676020000005,7.235139867999999,8.445286348,8.437187516,8.378849954,9.453812901000001,9.609353137000001,9.276162716,7.380289362,7.462935151,7.4965740620000005,7.410071694,7.648012842999999,7.497402861,7.888095067999999,7.823172184,7.632005207000001,7.4894684410000005,7.554826387,7.602308776,7.502405071,6.902018501000001,6.993546783999999,8.44827088,6.765001227999999,7.189616189,7.185603978,7.417138271000001,7.127278905,7.18969335,8.006226977,8.433153017999999
Ga0242637_111972,9.991040191,10.018165699999999,10.05563053,9.578274945,9.601051165,9.689191313,9.596700853,9.549566187,9.594732932000001,9.802297325,9.084418775,9.262403342999999,9.786102364,9.969268937999999,10.09674543,9.366737877,9.400416648,9.353384388,9.151420547999999,7.392238797,8.020472574,7.0068739110000005,6.4553886270000005,7.278369412000001,10.54599822,10.61429379,10.32286533,10.31990093,10.37812915,10.11484157,10.43418892,10.66821864,10.03289999,9.327902358,9.484058231,9.492250488,9.296337997,8.854454349,9.257570341000001,9.773424169,8.764373917999999,8.356828295,8.82522707,9.658281837999999,9.797436506,9.491403881,9.637284087000001,9.828202284
Ga0242637_111973,10.18983741,10.20249697,10.19480041,9.811083388,9.719975989,9.795624059,9.647900137,9.637995451,9.744272092000001,10.01871962,9.384556025,9.554025263,9.900415909,10.14291387,10.00239244,9.441928597999999,9.669509932999999,9.709733475,9.876481287,8.832597505,9.038638995,7.811825626,7.012735715,7.8966953570000005,10.33781907,10.21065294,10.12883323,10.04792089,10.36105654,10.07826393,11.41391554,11.72963058,10.84703156,9.530945431000001,9.809637488,9.869100253,9.562346735,8.882334924,9.348189193,9.75929762,8.417491822,8.368133988,8.383561512,9.724293592,9.740942158,9.694829309,9.560866346000001,9.710024903999999
Ga0242637_111974,8.799074117,8.755521355,8.871418606,8.358965944,8.407678967999999,8.261155913,8.255357385,8.251820789,8.208931476,8.864970666,8.453590254,8.733351007000001,8.825007067,8.643551704,8.612178353,8.526658181,8.451588922000001,8.718635805,9.639073616000001,8.870065435,8.95210534,7.449650332,6.259363603,7.584857438999999,8.644518262,8.450707892999999,8.700637797,8.551567897,8.854979706,8.34050384,10.37335465,10.64118128,9.59025916,8.229973511,8.774809722,8.689665765,8.252729566000001,7.496584004,7.8641622,7.880016897000001,7.121547025,7.4671131729999995,7.14411537,8.45231531,8.633171772,8.208926505,7.9247064410000005,8.113761236
Ga0242637_111975,10.60223268,10.46663628,10.61830154,10.24105466,10.19889534,10.19127209,9.998994227,10.03266982,10.04555522,10.7741783,10.50623269,10.5326993,10.32844841,10.40800407,10.29751401,10.27444208,10.21822779,10.27623318,11.02388642,10.77425673,10.80931492,10.02903355,9.540175595,10.05742302,10.59288431,10.58313454,10.41568866,10.16772358,10.54939195,10.32404684,12.35976628,12.72292176,11.62440173,10.18450313,10.65703643,10.5872461,10.20210016,9.654775374,9.906738881,9.785091537000001,8.931246782,9.256282379,8.716260336,9.938560763,10.06301226,9.945746763999999,9.718676922,9.680161291000001
Ga0242637_111976,9.074642728999999,9.294733062,9.060557606,9.133323115,9.125452996,9.227843107,8.763277101,8.76096262,8.71992009,8.790800466,8.673349818,8.607070749,9.468285082000001,9.430084849,9.231829009,9.047694982000001,8.844048694,8.926495046,8.69256111,8.549224447,8.547455523,8.041606533,8.162846599,8.161017305,9.067785763,8.896073627,9.208802696000001,8.321253295,8.590571143,8.620411431,8.724478783,8.52868516,8.756901422,8.662370275,8.556112933,8.563627061,8.827034865,9.087874116,8.938128179,8.571971858,8.77945832,8.827220675,8.962766856,9.095397098,9.074515926,9.154581464,8.633232137,8.689496187
Ga0242637_111977,7.640530806,7.441993517,7.571911216,7.758334206000001,7.848841867999999,7.690181471,7.235228853,7.487426786,7.50089928,7.7844848529999995,7.8638186889999995,7.407496925,8.210983874,7.829284046000001,7.83158934,7.902489097999999,7.552028101,7.569869951,7.703073711,7.727823514,7.735122792,7.182343406,6.781882584,6.869002875,7.793557665,7.739128489,7.5463595439999995,7.238539037000001,7.092065152000001,7.109666259,6.984991397000001,6.931414317000001,7.539750871,7.6095739039999994,7.554826387,7.571013849,7.349860838,7.403416726000001,7.189952047999999,7.37424447,7.470491879,7.743791592999999,7.771257012,7.700450825,7.726387292,7.647491823999999,7.407530735,7.16978384
Ga0242637_111978,5.588691932000001,5.405818514,5.559620534,5.917178237000001,6.3776980210000005,6.155686639,6.043844971,5.937005012999999,5.857976777,6.107106016,5.695239995,5.712434593999999,6.782738421,6.144458896000001,6.4006253939999995,9.353816058,9.562434523,9.911730979,12.05443252,13.30030854,13.06053308,14.43242367,14.24704437,14.36939963,5.717420712000001,6.111654136,5.863257924,5.724145387,5.659780544,5.56276213,6.697717175,6.491541595,6.28344191,6.31593178,6.409185214,6.443904811,7.215019439,8.140674108999999,7.455932075,6.710858849,6.954277387,6.845625117999999,7.315859932,6.3631455610000005,5.962696894,6.069892649,6.806988873,6.365290169
Ga0242637_111979,6.958032263,7.244470949,7.148002073,8.181722331,8.142749092999999,8.194733055,8.268185611,8.223956709,8.420846855,8.349003301,7.253762881,6.735462563,8.609681445,8.248073435,8.143329104,11.17546231,11.41586331,11.92467028,13.25654083,14.27336461,14.033406,15.24184249,15.11544808,15.194193700000001,7.846997257000001,7.878005065,7.9145335029999995,6.897615492999999,7.002571027999999,6.809683649,8.584260912000001,8.684488955,8.480823183,7.725281526,7.627276862,8.364252347,9.41639245,10.23298705,9.787770455,8.786845041,9.625375201,9.356174317,9.495218176,8.959474284,8.684530636,8.824448194,8.633232137,8.643807576
Ga0242637_11198,9.001841828,9.18164641,9.275802101,8.583195772,8.780371515,8.298257897000001,7.733163858999999,8.048399922,7.976291947999999,6.607872536,8.248890914,7.3545591120000005,9.872675445,9.7338818,9.575146666,9.432741303,9.419137091,9.12449859,8.465501344,6.954031085,7.141135131,6.364313645,5.259079827,5.850504926,6.234237257999999,5.780451694,6.166569065,8.377457001,9.052247434,8.79286488,6.603886066,6.234718755,6.801082084,8.571195852999999,8.19368146,7.357029268,11.0865281,10.75807542,10.85176032,10.24149874,8.358441848,7.323459194,7.01196139,6.179181621000001,5.876712489,5.9686206770000005,10.478518300000001,10.37037339
Ga0242637_111980,7.167916015,7.278217386000001,6.915606733,6.3057086579999995,6.3917714189999995,6.348445606,6.889754745,6.937527792999999,6.8797500970000005,7.1986833589999994,6.890756098,7.271318325,6.760872462999999,6.8813272439999995,7.123852691000001,6.635096769,6.647264568,6.818630182000001,6.66327232,6.43677346,6.734981756,7.552627071,7.453414029,7.632092599,8.070132043,8.159176813,8.00377787,8.325341288999999,8.107955426,8.492806476,7.19253277,7.511851217,7.441187283,7.069443157,7.390442871,6.654961094,6.243220588,6.458614121,6.673555041,7.948034975,6.110405722,6.370431002,6.778769051,6.725261135,5.920349227000001,5.951024488,7.720265484,7.7323116270000005
Ga0242637_111981,8.559691045,8.638326186,8.636798186,7.963738536,8.025972293999999,7.983175761,8.296638644,8.342075812000001,8.012646013,9.155059804,9.050970322000001,9.158180135,8.161813131,8.351936876,8.304223997000001,8.615956313,8.642126722999999,8.525824161000001,9.054666076,9.062163107,9.123721004,9.038343773,8.752516378,9.060093015,9.469782176,9.3538181,9.325389284,9.417386477,9.437569643,9.650126631000001,8.626584477,8.632183487999999,8.972159796,8.709553072,9.218071577,8.795938201,7.8819997310000005,8.626168997999999,8.290981128,9.045424323999999,7.577956478,7.4459230860000005,7.4353141570000005,7.8499088960000005,8.044082042000001,7.959753367,9.16553137,9.073318764
Ga0242637_111982,8.877132626,8.968851357,8.842254559,8.228946517,8.407678967999999,8.271369653999999,8.88485945,8.743896426000001,8.73864263,9.161614456,9.372298131,9.510342374,8.909345967,8.7056444,9.056859944,8.969377782999999,8.988927464,9.02344995,9.503904918,9.720669207,9.800827041,10.23984113,10.00943981,10.15158027,10.03698702,10.10931065,9.973778064,10.33112445,10.3446069,10.60684862,9.022680633,9.135691677999999,9.034320272999999,9.351578513,9.591645997,9.104530537,7.989164691,8.69852582,8.310296422999999,9.175232886,8.00333294,7.923145217,8.401271182,8.473968644,8.510457671000001,8.133152117,9.155821945,9.385466314
Ga0242637_111983,9.055585555,9.152842634,9.128568474,8.714605753999999,8.628452859,8.553912605,7.676543531,7.820832504,7.911755877,8.721509174,7.119325861,6.841918981,8.936397662000001,9.317858951,9.208095625,6.656325108,6.412987867999999,6.260199411,6.764734549,6.458832903999999,6.6224148529999995,8.526630441,8.384978246000001,7.925416898,8.867748351,9.010845011,8.794836547000001,8.011961757,8.297667406,7.895297141,8.262521334,8.03442117,8.367333972,8.610978272,8.145165492,8.445366741,6.172077286,5.0681414689999995,5.81764587,4.934560538,7.394123495,7.498325509,7.252202963999999,8.128738783,7.798106487,8.097710091,4.750068729,4.552351294
Ga0242637_111984,10.45366083,10.51553485,10.52120522,10.553437800000001,10.497394400000001,10.59859462,10.5337391,10.69091916,10.66787662,10.66846016,10.59857086,10.39754145,10.33585544,10.37633472,10.30125765,10.33979373,10.45978156,10.65897159,10.79844081,10.91732957,10.96824704,10.91266559,11.12562667,11.03975187,10.79875086,10.76628908,10.87255564,10.8159782,10.89493985,10.86983578,10.69291798,10.61447026,10.72669741,10.62035824,10.64836071,10.67918963,9.901027356,9.725742274,9.91685402,10.03615961,10.98826468,10.79957777,11.50699558,10.9888642,11.11918514,10.91273186,10.29461544,10.13381845
Ga0242637_111985,9.608506833,9.568595768,9.677755488999999,9.660533939,9.655929071000001,9.596108696,9.779152872000001,9.779896192999999,9.951056864,9.995671512000001,10.00727734,9.830801224,9.352551587,9.360817577999999,9.456609452,9.516295944,9.721716546,9.550878897,9.895229815,10.47522565,10.37274807,10.74579112,11.11221833,10.67569529,9.858573012999999,9.774959453,9.8276065,10.05532272,9.989013275,10.02544532,10.09305114,10.02419208,9.894524693,9.661703437,9.649704118999999,9.859883917000001,9.183541757,9.283514682,9.215165145,9.460698876,10.10207339,10.18895217,10.41914219,10.00167736,10.03854957,10.01175579,9.456640585,9.551365334
Ga0242637_111986,7.057237513,6.991294871,7.014851951,7.121039531,7.114213524,7.282195487999999,7.032014072999999,6.725184894,7.039382035,7.207161145,7.3062766429999995,7.252148878,7.162104601,6.93586702,6.98914069,6.5916770510000005,6.955226809,7.067506816,7.6332956329999995,8.022227391,7.905018121,8.148785899,8.248318202,7.944251647000001,7.152982271,7.041646512000001,7.286616586,7.255783728,7.409391277999999,7.452363179,7.71393922,7.720428227999999,7.267966541,7.437297012999999,7.49975006,7.566487174,6.71277151,7.056937216000001,6.873940732,6.894570085,7.840244568999999,7.346513211,7.859323609,7.12020721,7.31831415,7.31847575,7.1708402,7.018792362999999
Ga0242637_111987,9.353507791,9.228985457,9.429139194,9.26698688,9.23277299,9.049436803999999,8.807884908,8.796866997,8.991123,8.721509174,9.319646388999999,9.366299906,9.503243977999999,9.355829516,9.311207176,9.253026806,9.10678322,8.942729198,9.132581846,9.212341537,9.123721004,8.421739908,8.028718824,8.192865056,8.79620296,9.053909242000001,8.659228027000001,8.927314759,8.852654842,8.854730565,8.735570901,8.713098157000001,8.786635621,8.897145676000001,8.851031329,8.78429296,8.26983383,8.272946405,8.099978569,7.972736822000001,8.922213838,8.926146403999999,8.81645438,8.835919503,8.948877596,8.951199853,8.123793828,7.789388002000001
Ga0242637_111988,11.09405428,10.93684159,11.04783726,10.73729286,10.75618101,10.8176675,10.66622774,10.63977754,10.74783179,11.08467825,11.40276554,11.32623928,10.87064095,10.85462661,10.87084189,10.48018265,10.48220942,10.41817046,10.06214861,10.11846599,10.23930765,9.495018168,9.421422312999999,9.410881912,11.4321299,11.52160344,11.22829741,11.59319873,11.72897283,11.54594411,11.02613763,11.05033261,10.89930917,10.96797011,11.05691479,10.96789647,10.20210016,10.06069218,10.00127312,10.02832702,9.690661357,10.10360496,9.519744152000001,10.77690496,10.91663642,10.66759452,9.986731292,9.935322269
Ga0242637_111989,5.561794167,5.35580836,5.144354881,5.684408297999999,5.681724431,5.539340915,7.076474622999999,6.902776068,7.136753537000001,11.20695568,8.68924918,8.599509673,6.084221612,5.730621097,5.831662502,8.694932671,8.919621502,9.397799659,11.35574393,11.45954597,11.4780871,10.63453292,9.477200892,10.65298074,7.70370827,8.925081656,7.200376567999999,5.450910518,5.821286186,5.773543117999999,10.87572169,11.28967122,9.99981897,8.479609472,9.519090117000001,8.885863062,9.726196791,8.84030935,9.744410262999999,5.701982144,6.804898923,6.277393187,6.70456582,7.7671258629999995,7.486967624,6.945622944,5.7224077289999995,5.541826584
Ga0242637_11199,5.94116114,6.279310178999999,6.638363267000001,5.519726584,5.536779121,5.516501086,4.9209356710000005,5.473550621,4.828841676000001,4.808272022,5.901091802000001,5.129307492,7.462124154,6.994852872,6.856906311,7.618977966,7.409462326,7.315736935,7.210544355,5.161685736,5.996681476,5.721208933,3.6101325589999997,4.577747215,3.2934309839999996,3.453203863,3.19503281,5.910445054,6.705297705,6.231072713,4.328871157,3.925246862,4.205940684,5.918436255,5.913850367,5.4213454379999995,8.872529779,7.9297252270000005,8.302601316,7.258438003999999,5.790192407999999,5.796717903999999,5.025201303999999,3.465722858,4.079391123,3.917989517,7.846372742000001,7.184048004
Ga0242637_111990,9.689546902,9.788174575,9.320545616,9.036164698,8.956131907,8.692106745,11.55909425,11.59890384,10.36362293,9.753957731,12.23012504,12.06774097,8.851088978,9.262963037999999,9.287245011,11.93388994,12.21660662,12.37098964,11.47768753,10.28952724,10.38141212,8.98675005,8.969394242,9.450937524,8.531565977,8.889295809,8.194249386000001,7.845447752,8.468342622,8.290211272,7.965518611,8.275169044,8.057169624,10.14168899,8.814834393,8.666592875,11.63906206,11.86236219,12.02130415,12.84445095,10.92636797,11.20931843,9.138461137,8.372215147,7.855262732999999,8.049057152,12.66920797,12.76108034
Ga0242637_111991,9.59701972,9.804470619,9.467842971,8.976147424,9.020848291,8.778185285,11.62165021,11.56008444,10.31143042,9.835469728,12.30651783,12.21848786,8.765910848999999,8.873849836,9.011874759,12.18296383,12.31933667,12.5130695,11.99570431,11.27633991,11.35225632,9.906668129,10.25446116,10.34997548,8.339871991,8.703448781,8.068481465,7.7513418110000005,8.187597075,7.790639511,8.432343351,8.58824288,8.320053723,9.915754988,8.797816762,8.760716596,11.79190945,12.13281289,12.34977767,12.55694283,11.75544101,12.13463991,9.859970986,8.591828912999999,8.12067013,7.990139891,12.54453748,12.45097207
Ga0242637_111992,11.09580429,11.13163268,10.99912382,10.54279953,10.430061,10.14758736,12.86033384,12.82128273,11.73141488,11.56189564,14.01823479,13.76083852,9.60637388,10.11587778,9.806637006,13.26707757,13.41620271,13.4894223,13.34102027,13.498397,13.3697225,12.92675561,13.18574562,13.11860919,8.54779275,8.596544538,8.636428082,9.157966162000001,9.054272101,8.863355847000001,9.732419915,9.9162422,9.605505523,11.28687504,10.30324766,10.05502608,13.03456653,13.18025571,13.11447037,13.76629142,13.49290153,13.59666872,11.673513699999999,9.126978903,8.862317804,8.516844933,13.74828885,13.78630359
Ga0242637_111993,8.317212741,8.290438057000001,8.410447767,8.397858999,8.281288273,8.301583955,8.600380142999999,8.430066086,8.213400512,8.470131513,8.372209248999999,8.599509673,8.049151842,8.256127986000001,8.133281698,8.176488275,8.240441337,8.056986409,7.777738027000001,7.392238797,7.457620293,7.580746799999999,7.065098646,7.053884947999999,8.305927699,8.239544732999999,8.092614437,7.960318857000001,7.960277835,7.977060012000001,7.988885144,7.929955262999999,8.216606571,8.021409676000001,7.554826387,7.8863919739999995,8.108062281,8.140674108999999,7.837780327999999,7.559622449,8.546543722000001,8.630021438,8.503192342,8.056763385,8.18450281,8.03663307,7.620231406,7.53504589
Ga0242637_111994,11.73180189,11.527344099999999,11.97841678,11.35761907,11.22004793,11.28777513,11.36079754,11.42666007,11.407479400000001,11.45122257,12.11566647,12.11192062,11.53312182,11.77373096,11.91564128,11.80334885,11.8593159,11.83028835,11.98917435,12.62449518,12.56903365,13.12739169,13.57912512,12.8251686,12.276507,12.2361721,11.98075312,12.74957426,12.92466452,12.92340029,11.32767439,11.38015951,11.35666635,11.69333455,11.84385057,11.77266336,11.07927065,10.97427298,10.91241822,11.42437639,10.27167644,10.77855086,10.21234159,11.30627661,11.50035727,11.43696429,11.38237716,11.344630300000002
Ga0242637_111995,8.77597325,9.007574919,8.727316577,8.690710435,8.628452859,8.67682055,8.971722762999999,8.903907416000001,8.998909362000001,8.870315985,10.11860326,9.456951689,8.630913757,8.802316609,8.741260088999999,8.899959575,8.876922991,8.910076117000001,8.562533294,8.589716057999999,8.612687657999999,8.657782187,8.559292942,8.384318647,8.49855432,8.539966652,8.462162272,8.480030099,8.598917886,8.731371192000001,9.095517616,9.310206055,8.765071722,8.589897599,8.915559975,8.921737978,8.460672297999999,8.682757269,8.869475321,9.526124244,9.005825445,8.760151541,8.820847394,8.290893831,8.139198127,8.266804202000001,9.361291831,9.623752125
Ga0242637_111996,4.739094285,4.875814748,4.648502583,4.641876781000001,4.384900493,4.47645793,4.669329099,4.92918289,4.780754992,4.042654659,4.388768833,4.497658663,4.280950425,4.918501658,4.839425193,5.105299126,4.687392958,5.24621047,4.555764506,3.00415308,3.2608517239999997,4.632374016,5.06529812,4.577747215,4.629103398,4.7662066030000005,4.08603391,4.088157498999999,4.685497855,5.096740307,4.498806175,4.728067906000001,4.554766425,4.127524908,3.7955693239999997,4.40180063,5.540984152,5.0681414689999995,4.638428239,4.353666799,4.7922398369999994,4.351588736,3.9712646019999998,4.567563977,4.982365562,4.78509857,4.250125233,4.252491295
Ga0242637_111997,10.04397052,10.08353469,9.927274349,9.9229916,9.880540178,9.906801965,10.14609014,10.02360762,10.05554465,9.729166644,10.040192300000001,9.799796966,9.900415909,10.0678821,9.969832108,10.3414311,10.38652704,10.61116569,10.54305849,10.57186891,10.51864153,11.10881853,11.032330300000002,10.95524425,9.825681116,9.782294602,9.844756485,9.524376335,9.863009447,9.903905395,9.965784771000001,10.24379093,9.939735895,9.484586129,9.280654874,9.381968934,9.630135727999999,9.682789916,9.923140154,9.9245449,9.968054647,9.871103805,9.930774277000001,10.05498286,9.938972778,9.810008007,10.24205405,9.980945708
Ga0242637_111998,12.10258686,12.15031736,12.20579892,12.1551571,12.14935676,11.94292095,11.94189356,12.05657938,11.88215565,11.23519505,12.56314936,11.86037645,12.05129001,12.11202321,11.84404726,12.2894349,12.30908559,12.35244807,11.79269227,11.58125446,11.62759047,10.33161805,10.23174893,10.562944199999999,9.886910274,9.576892928,10.31160211,10.82394501,11.23057347,11.2474141,10.53444441,10.22183842,10.85598335,11.5406992,10.60662678,10.81223769,11.70498916,12.13208737,11.91965415,12.25694637,13.40181739,12.8798118,13.15357558,10.65966218,10.6521978,10.70339916,12.37183075,12.33677615
Ga0242637_111999,10.31530783,10.29931012,10.20438214,10.09122719,10.13350806,10.11771157,11.69621363,11.99943617,11.02702545,13.80599857,11.918603,11.96924858,10.73295896,10.39772692,10.81327803,12.74218667,12.99843305,13.39355833,14.83556689,14.41335436,14.531794199999998,14.16288297,13.08057675,14.19020928,11.78748436,12.22589761,11.23427469,13.62841916,11.61905917,11.83029998,14.61783421,15.16160578,14.12052351,11.6930257,12.79095662,12.57107313,13.294797699999998,13.4028983,13.78875811,14.47985979,12.13060526,9.772454916000001,10.17851088,11.59621634,11.47049376,12.00250128,14.29403457,14.68674295
Ga0242637_112,2.493146696,1.764951351,1.764951351,1.764951351,1.764951351,1.764951351,2.4060372180000003,1.764951351,1.764951351,1.764951351,1.764951351,1.764951351,1.764951351,1.764951351,1.764951351,2.697953195,1.764951351,1.764951351,1.764951351,1.764951351,1.764951351,1.764951351,1.764951351,1.764951351,1.764951351,1.764951351,1.764951351,1.764951351,1.764951351,1.764951351,1.764951351,1.764951351,2.4662029569999997,1.764951351,1.764951351,1.764951351,1.764951351,1.764951351,1.764951351,1.764951351,1.764951351,1.764951351,1.764951351,1.764951351,1.764951351,1.764951351,2.638270533,1.764951351
Ga0242637_1120,4.472236948,4.011185824,4.737150617,3.677498875,5.1934255810000005,3.720956082,4.502119858,4.5271795930000005,4.321039304,4.326727,5.25404949,5.129307492,5.30734308,3.666205171,4.318467398999999,6.157606328,4.527676153,4.656285493,4.103569772,4.067851648,4.384474106,3.500516376,3.6101325589999997,4.672884133999999,4.0874184730000005,3.824681115,4.859823026,4.005455174,3.904206087,4.578634773,4.498806175,4.4483658010000005,3.9907369210000003,4.5432024019999995,5.4427701079999995,4.072968604,4.818200909,5.69298164,4.587683268,4.791768251000001,5.082266081,5.010237392,5.252278774,4.613783816000001,4.80563102,4.19184173,4.347120349,4.871888998999999
Ga0242637_11200,5.920178385,6.394709184,6.323131073,5.741580793,5.346669737,5.151038858,5.1897550269999995,4.820237303,4.780754992,5.05635864,5.726522462999999,4.5626886739999994,6.846412032999999,6.824640647000001,6.781653378,7.165708966,7.545224902,7.662422122000001,6.714897079,5.904829262000001,6.055767905,5.997163747,4.994320674,5.264394062,3.5443074930000003,3.824681115,3.607398345,6.075292666,6.47045754,6.445721832,4.202547268,3.8303429139999996,4.270630967,5.901372141,5.955492894,5.081055200000001,8.655453538,8.40375237,8.533800348,7.515464463,5.429319039,5.175324517,4.896326773999999,3.570185443,4.079391123,3.8395838010000003,7.702586096,7.57887756
Ga0242637_112000,6.873435421,6.632641725,6.838875869,6.64150585,6.290235789,6.423749481000001,6.665497293,6.589682461000001,6.495007557999999,6.62063049,6.34516328,6.707571502,6.495484058,6.483747103,6.711291715,6.326169633999999,6.221139128,6.13634207,6.238335006000001,6.086052777000001,6.084423183999999,6.574910802000001,6.067026782999999,6.2038558429999995,7.083408523999999,7.400727739,6.57615247,7.00352241,6.755985848,6.833310691,6.639793323999999,6.336477515,6.495022844,6.31593178,6.5783923589999995,6.654961094,5.650022798999999,5.69298164,5.961851087,5.064189077,7.006528317000001,7.042057949,6.3623171329999995,6.085617447000001,5.527144606,6.17966487,5.221123476,4.798593744
Ga0242637_112001,9.858500532,9.958042292,9.908638723,10.00859425,10.12722329,10.11109294,10.10735617,10.10031784,10.13777297,10.03546988,9.657329452,9.845258086,9.8573164,9.898999624,9.820268664,10.2914832,10.29015961,10.41318596,10.20574635,9.815475315,9.942222618999999,9.007609488,8.752516378,9.102624663,9.761737642,9.702061286000001,9.765923259,10.22791573,10.02558976,10.03438381,9.831374443,9.726600658999999,9.94093837,9.655376084,9.498173231,9.492250488,9.569270784,9.729584357,9.86555383,9.23770373,10.23749412,10.24827569,10.11196132,10.305830699999998,10.39520373,10.28813441,9.361291831,9.006701054
Ga0242637_112002,9.697252356,9.517260327,9.699601114,9.792119557000001,9.838841698,9.592040237,9.814560233,9.877014589,9.825328787,10.26788203,10.20269586,10.17144794,9.592526562,9.451285348999999,9.529915304,9.592527575,9.610464348999999,9.613060665,9.580041288,9.574497942,9.560048054,8.374341716,8.357264065,8.15294426,9.620066901,9.622560728,9.540645694,9.941430424,9.572239565,9.553947259,9.87716609,9.775645614,9.802264876,9.544704558,9.448154438,9.410024005,9.090346615,9.051500411000001,9.198677147,8.293481856,10.292855300000001,10.19531288,10.03086158,9.743522156000001,9.471685727,9.780512711,8.268984942000001,8.060657615
Ga0242637_112003,8.239121655,8.524880328,8.181199377,7.767503044,7.68160268,7.797746339,7.652279393,7.572765867999999,7.4181197029999995,7.994900374,8.060025312,8.123302821000001,8.434452815,8.633281604,8.626574143,7.49495429,7.656727635,7.728134927999999,7.401076959,7.014808626000001,7.1945814,7.0068739110000005,6.802598221,6.982753397000001,7.933532764,7.788542408,8.023997613999999,8.223882121,8.27005636,7.843917557999999,7.888095067999999,8.304712406,7.800495736,7.431381899,7.506750769,7.511028611,6.85567705,7.240564003999999,7.420810127,7.231388892999999,7.040338294,6.9990463389999995,6.455809351,7.882661301000001,7.334488155,7.732121531000001,7.036116594,7.081100124
Ga0242637_112004,8.204932786,8.107379642,8.449652293,8.212257675,8.288816801,8.198306314,8.095402814,8.380445006,8.299990886,8.878297009,9.140427249,8.942047665,8.281733000000001,8.316429165,8.18607676,8.594144676,8.388388317,8.525824161000001,8.403986055,8.149583991,8.233276277,7.552627071,6.994849777000001,7.433090161,8.096847839,8.097779812,7.84235543,8.317153682999999,8.088326848,7.966422439,8.472677772,8.601906185,8.301448201,8.322341041,8.171830844,8.308429391,8.088914303,8.324669622,7.905394316000001,7.704322417,8.188025139,8.417940824,7.958361318,7.967984172,7.963197561,8.113569722000001,7.870322837000001,7.770612449
Ga0242637_112005,9.46963794,9.456684277,9.43891292,9.142160034,9.087109586,9.133952852,9.064722113,9.11013427,8.946188366,9.357033103,9.754979912000001,9.561827427999999,9.208674965,9.079974887,9.164366045,9.685705882999999,9.792344898,9.892757413,10.22662265,10.55407472,10.45713253,10.71282897,10.86162032,10.65298074,9.096748931,9.258856698999999,9.067421808999999,9.475555927,9.443760993,9.215185773,9.516310041,9.742107073,9.093912539,9.348444053,9.525995556,9.270922556,9.408692287000001,9.408612202999999,9.454435347999999,10.00457082,8.587116819,8.512674153999999,8.259591148,8.560365478,8.391859495,8.685476855,9.93468817,9.903366971
Ga0242637_112006,10.71279762,10.55528385,10.73660541,9.760331153,9.795902,9.630896179,9.306181132,9.415885411,9.469571204,9.069348744,9.384556025,9.788204265,9.896664382,10.11440183,10.01064765,10.03440141,10.27892981,9.552390993,10.53829522,11.38673408,11.68820431,14.69333378,14.47959237,14.48332477,9.407128219,9.17402946,9.625787828,10.05039239,10.27686599,10.0583699,9.065065035,8.842462022000001,9.354330904,9.435210858,9.875999382,9.571171785,7.813657267999999,7.151673496,7.441985809,8.267098032,7.7202779679999995,8.298931105,8.371633101,9.303195937,9.860201392999999,9.418276338,8.697108911,8.427171857000001
Ga0242637_112007,8.21355628,8.351924817999999,8.293206638,8.429968713,8.183707978,8.261155913,9.424058825,9.489402445,9.684372853,10.68599528,11.49214124,11.03331357,8.058137516,8.159237382999999,7.715156157999999,8.261978419,8.306288505,8.589075531,10.51787398,11.52755694,11.38206213,12.31810241,12.3781949,12.18227016,8.169960943,8.082013302,7.983270605,8.032112012,8.277008832,8.344616793,11.28961269,11.39690993,10.63902902,10.42218632,11.041335499999999,11.13269388,8.791946613,9.007871755,8.813724051,9.323416018,8.289864517,8.256974303,8.922455355,8.838306422999999,9.1125143,8.983919411,9.48276435,9.559590024
Ga0242637_112008,11.27948191,11.29047163,11.41351562,11.735590199999999,11.65265373,11.65059253,12.4255713,12.49685832,12.64051594,13.20793965,14.51990745,13.83906583,11.11030463,11.12068108,10.92425595,11.21886546,11.22426251,11.33292479,12.85638138,13.76839015,13.73172381,14.14239952,14.26637937,14.17770682,11.35308566,11.22682149,11.32465336,11.1328897,11.20483138,11.22193133,13.40916463,13.55865199,12.96537203,13.0366746,13.46660427,13.37553634,11.87668274,12.0863775,11.74473149,12.16528236,11.79926755,11.59753994,12.01379114,11.71071759,11.84171934,11.7758877,12.11091189,12.40872651
Ga0242637_112009,7.7864056139999995,7.687753252,7.64129841,7.721064489,7.8022537860000005,7.844107094,8.130952877,7.987552752,7.938997724,8.216762652,7.6201513279999995,7.967535689,7.989339299999999,7.9763073229999994,7.965984196,8.926384409,9.172252992,9.7759476,11.90008868,12.21574656,12.21717792,12.42275416,12.56467213,12.45270056,7.918634245,7.975102271,8.135061566000001,7.637568973,7.871191258,8.197745295,8.960223873,9.482582516,8.395677499,7.985535908999999,8.162997058,8.126694336,8.615871965,8.364752917999999,8.832548235,8.734849565,8.180468173,8.10983512,8.145131442,8.34561424,7.798106487,8.223615118,8.758276635,8.836635843
Ga0242637_11201,5.833033812999999,5.381033025,5.48569537,4.966678205,4.547988485,4.890225764,4.9209356710000005,4.573021305,4.569903974,4.561592913,5.070243604,4.3575869030000005,6.169799106,5.90525099,6.320112005,6.907103172999999,6.568861414,6.777809355,6.591426521,4.988943819,5.4964242720000005,6.038401672000001,5.197383578999999,5.07047746,4.354923841000001,4.549828091,4.08603391,5.291771675,5.877443975,5.748832695,4.063137997,4.5671028389999995,4.332374654,5.935299644,6.1292320160000004,5.203776183,7.9472493879999995,7.5840941310000005,7.82709094,7.1470552089999995,5.015163076,5.275578888,4.8271728110000005,3.991601604,3.712631568,4.419220102,7.3855359179999995,6.7385107710000005
Ga0242637_112010,7.627681306,7.727373793,7.841288314,7.749106696,7.472688807999999,7.807138495,7.869905208,7.9022114000000006,7.844195911,8.854220236,8.347372946,8.564985627,7.669866892999999,7.534794999,7.603125144,9.249542817,9.738210313,10.22879379,11.92721452,12.36024823,12.23401843,11.71784171,11.73929725,11.70549312,7.743707942,7.618607374,7.4374881010000005,8.188411913,7.889454282999999,7.928560598,9.286741362999999,9.669355595,8.813144944,8.250270588,8.298228814,8.563627061,9.38534208,8.584344981000001,8.974902564,8.3574042,8.028807421,7.89215112,7.859323609,8.234015282,8.552533053,8.395615385,8.837347319,8.347071866
Ga0242637_112011,9.951639279,9.940243195,9.875435658999999,9.875029941000001,9.693279955,9.706857425,10.08668725,10.10031784,9.883966831,10.722656800000001,10.38822867,10.20919555,9.736595206,9.771826324,10.11557803,10.56391526,11.12285106,11.55697333,12.77520642,13.02152463,12.98319359,12.58116483,12.60093983,12.76851211,10.17291226,10.31464559,9.890894033,10.67334364,10.18376187,10.19788391,10.75827515,11.16118338,10.46105062,9.808070186,9.892123616000001,9.911645403,10.86809798,10.29393616,10.64673186,10.61801399,10.25558573,9.925680142000001,10.16302433,10.05190117,9.978089106,9.869585341,10.72604616,10.75400327
Ga0242637_112012,9.125787857999999,9.227259582,9.120493482,8.966229007,8.965556765,8.938451998,8.998911373,9.113934489,8.778393257000001,8.249951783,8.143188552,8.622075031,9.032980578,9.314006342999999,9.208095625,8.503442315,8.447946916,8.229495467000001,7.753276982,7.087343419,7.308046836,7.163869192999999,7.287064152,7.2931416229999995,9.219322583,9.322294664,9.290348997999999,9.898178652,9.388663888,9.548609292,8.921894829,9.123902567,9.400514846,8.309502344,8.569544254,8.880404037,8.47549197,8.847399187,8.730145139,9.953785514,8.903976472,7.811619916000001,8.663426659,8.950676292999999,8.538643848,9.063632482000001,9.731806882999999,9.926869826
Ga0242637_112013,9.538170738,9.587553344,9.377558943,9.21767576,9.123349334,9.282724332999999,9.359597155,9.305565533,9.267386345,9.005197747,8.712774393,8.92096951,9.099767034,9.354579801,9.363709662,8.798703637000001,8.876922991,8.886291505,8.398739368,8.202767064,8.174661169,7.464819342999999,7.272294658,7.915906467999999,9.518346442999999,9.365260526,9.363570416,9.362751038999999,9.4728124,9.287466502000001,9.349454303,9.414535046000001,9.308483926000001,8.36018538,8.418153999,8.592850035,8.384200191,8.567269813,8.619913188,8.624874015,8.818928849,8.891309547,8.697271232,9.328884537,9.229520708999999,9.121634102,8.378797718,8.468528325
Ga0242637_112014,10.49137657,10.52820588,10.23181461,10.14056809,10.10820303,10.22844037,10.37233206,10.26829407,10.25727862,10.4573804,10.19436453,10.24839992,10.04299817,10.28547928,10.37629102,10.30999883,10.50253957,10.52907145,10.17845371,10.06022686,10.12013083,9.339178244,9.66974298,9.62734539,10.802136500000001,10.86861215,10.71749057,10.72066294,10.60293307,10.67457241,10.3419477,10.61699553,10.24830359,9.838549537999999,9.772374763,9.722229715,9.901027356,9.933219135,10.10776165,10.36324621,10.31545355,10.08830681,10.29990961,10.19099713,9.954746808,10.15559635,10.39569575,10.45216512
Ga0242637_112015,9.295803832,9.398062333,9.394400082,9.154441477,9.140093356,9.065176241,9.150356325,9.221761337,9.328395977000001,9.045920444,9.855272337999999,9.830801224,9.192445789,9.414577264,9.192053635,9.07156873,8.95340689,9.003689253,8.929284241,9.010903177000001,9.088877921,9.267484178,8.879711612000001,9.064403053,8.629349458,8.687909542,9.03541305,9.000718298999999,9.019460215,8.944177802999999,8.926742025,9.028483448,8.969805313,8.726554406,8.694334845,8.685498051,8.352438823,8.496873095,8.374098507000001,8.127414189,9.167444523,8.777213427000001,8.291596887999999,8.875969593999999,9.069694973999999,9.00107106,8.01341443,8.221369232
Ga0242637_112016,9.632818327,9.712474843999999,9.742324323,9.740683659,9.811664707,10.01103774,10.06479924,10.04466489,9.957730582,9.355128088999999,8.508390888,8.588093223,9.92026094,9.634410111000001,9.676631352000001,9.527846865,9.555682427999999,9.52954143,9.501459682,8.549224447,8.900796515,7.82363899,6.9583976089999995,7.689040317999999,10.01030393,10.15805482,9.829043478,9.295584801,9.349628892,9.27889566,10.50881447,10.40638624,10.51614145,9.699095617000001,9.632210729,10.22473752,9.694881803,9.505910693999999,9.734436228,9.698901079,10.27877066,10.24521347,10.53863283,10.30927602,10.24721325,10.05960899,9.709856752,9.784427535
Ga0242637_112017,13.33436834,13.43238338,13.451116899999999,13.58433337,13.66689207,13.73133643,13.51329058,13.46156725,13.58562516,13.22368567,11.98531474,11.7819711,13.65131949,13.51802192,13.41855442,13.43636548,13.22850289,13.24262851,13.47167713,12.71706978,12.854275999999999,11.66794089,10.820353599999999,11.676223599999998,13.65395225,13.57613124,13.77756436,12.81716811,12.87255115,12.79873373,13.96057226,13.90748773,13.91047407,13.27549805,13.15925944,13.73779361,13.65110341,13.20668319,13.52003347,13.29298525,13.89162034,13.69266342,14.20479343,14.16237729,14.17082487,13.93362289,13.35720304,13.29454074
Ga0242637_112019,12.89217492,13.34943358,13.05591984,15.35959387,15.77070887,15.53518861,15.88994525,15.87228054,15.95504971,12.46721794,16.04268363,15.39322613,10.70319993,10.95451701,11.06258128,9.214232175,9.486364222,9.766858568,11.06999571,10.71142778,10.8018042,10.41595493,9.515314612000001,10.26452423,11.6566989,11.88683939,14.23457938,13.78167797,12.0626962,12.85693522,15.47201335,15.685341699999999,15.05257523,13.71237493,13.05062135,13.56510208,9.669331002,9.309417088,9.194525533,11.88100201,9.104952512,9.321702681,9.069991059,10.00805179,10.00358959,9.561002711,11.89591851,12.30084066
Ga0242637_11202,7.202997149,7.459747019,7.140031105,6.863129449,7.008693544,6.798415299999999,6.930700823,7.05295318,6.8684516879999995,6.765507867,6.404246792,6.10415414,7.710332834,7.705321217000001,7.904296319,8.093405545,8.273740652,8.417145525,7.668606731000001,6.141708631,6.716821295,6.117484336,5.532841605,5.680529589,7.290535693,7.113238148,6.905553767000001,7.637568973,7.705840681000001,7.6042058379999995,6.352947775,6.199132313,6.46854692,7.13643564,7.464227319,6.883366457999999,9.345565032,9.197355952,9.532162474,9.095012603999999,8.070289771,7.752446676,8.166001592999999,7.181683359,6.817725212,6.971976664,9.136204819,9.026615857000001
Ga0242637_112020,9.6199032,9.716171105,9.581033994,9.283056335,9.222982749,9.493698552,9.60557183,9.462829533999999,9.424030756,9.08782123,8.612115917,8.905722862000001,9.372496821,9.667999818,9.761694716000001,8.412894975,8.539772871,8.839990982,8.771807772,8.798455517,8.880566003,8.222017624,8.011040587,8.900505417,10.18955376,10.18965936,9.936935054,10.05039239,10.232853599999999,10.1563754,9.633605236000001,9.636543031,9.645883566,8.860208262999999,9.181364132,9.072972301,8.533293443,8.617900646,8.758546247,8.163623742,8.36512361,8.557805437999999,8.613656797,10.074348800000001,9.710295193,9.877733237000001,8.262967081000001,8.113761236
Ga0242637_112021,11.65078834,11.584406800000002,11.74198056,11.44305333,11.43076828,11.42255707,11.40175187,11.52448069,11.45353601,11.90205451,11.82681373,11.75882461,11.72197581,11.58841263,11.56767689,11.67352446,11.64425555,11.65734655,11.78567556,11.96327172,11.97011495,10.67909606,10.56118726,11.04630338,12.1594288,12.02181138,12.03062667,12.01621448,12.13071169,12.03374947,11.70661033,11.69857339,11.64040376,11.52308441,11.56795908,11.48742852,11.34235918,11.41339354,11.38459728,10.50685448,11.22519651,11.35136708,11.17342448,12.29524839,12.47242368,12.1852331,10.67710955,10.47118205
Ga0242637_112022,11.01302226,10.92517892,11.04464037,11.19643282,11.12178922,11.20894192,11.24918079,11.22752467,11.30809678,11.85261445,11.62773808,11.35177778,10.92812641,11.01430193,10.90174684,11.15046171,11.26622424,11.229917,11.50113124,11.85324531,11.8103316,10.92642302,10.86285259,11.05823776,11.44127853,11.52561537,11.34939746,11.2455621,11.35815053,11.3039483,11.30085702,11.22271816,11.26506658,11.14369428,10.91485739,10.99214119,11.26770603,11.04072423,11.11215191,10.33970481,11.87436363,11.80048349,11.89017488,11.65764665,11.7369112,11.67897364,10.54201169,10.39968362
Ga0242637_112023,8.701302174,8.593476822000001,8.564231266,8.598687568999999,8.397269088,8.656183663,8.698413853,8.787379537,8.632524727,9.132993341,8.945703587999999,8.833434998,8.871620206000001,8.850988348,8.961661433,9.334213684,9.230647167,9.254665772000001,9.418349812999999,9.859605502,9.857817306,9.347383302,9.394408159,9.530976857999999,9.14873803,9.181446178,8.534413971000001,9.02102253,8.949387573,8.905725224,9.116882487,9.213399912,9.130208701,8.790315878,8.780595975,9.027597789,9.337476296,9.117500279,9.036504979,8.609206083,9.742896627,9.557223362,9.611346034,9.24321717,9.238140065,9.402227247,8.526764465,8.738619769
Ga0242637_112024,9.395793435,9.161905747,9.318782269,9.538667214,9.554970242000001,9.598814642,9.495340613,9.584221853999999,9.594732932000001,9.477507623,9.501725914,9.295535727,9.572287269,9.326808559,9.410214021,9.976570511,9.966623347,9.835534425,9.878367143,9.520542516,9.612507844,8.849064881,8.540932838,8.785118519,9.821683215,9.906086881,9.136365574,9.291411839,9.11178445,9.095829143,9.815781767,9.723479273999999,9.81805709,9.646470908,9.40572923,9.939035686,10.19316326,9.847421191,9.693835872000001,10.20200655,10.9364965,10.85285528,10.82876145,9.975894189,10.10602623,9.874246915,10.30636527,10.46243614
Ga0242637_112025,5.764010054,6.032270997,5.696895785,5.060162934,5.287340617,5.120951485,4.708165356,4.857499627,4.251042272,4.978420755,5.118479175,5.532647821,6.18631923,6.036100632999999,6.234820047,5.386834068,4.918637849,5.333866685,4.630727353,5.048901257,4.181123441,5.615986788,5.629148799999999,5.724953022999999,5.381157138,5.238446731,4.990409729,5.820322182000001,5.895684574,6.02047032,5.407155786000001,5.003218235,4.50244731,5.575031186,5.634836862,5.5188111179999995,5.540984152,5.335555734,5.26970062,4.545835038,4.621105128,5.539840324,4.896326773999999,5.199576963,5.687517277,5.567606414,5.0051764169999995,5.131981726
Ga0242637_112026,8.025565946,7.953018816,7.950105098,7.890097479,7.664339412,7.690181471,7.208845802000001,7.196135551,7.37088001,7.055782141,7.03469228,6.841918981,9.302393149,8.91173177,8.89979354,9.495856577,9.368023532999999,9.182286617,8.089197314,6.564324514,6.839382229,7.338747958,7.272294658,6.982753397000001,7.471603037,7.159063187999999,7.252737269,8.308919335,8.658694716,8.385113872,7.118163414,6.830493495,6.8531510860000004,8.127630837,7.280356599,7.388147615,9.118942713,9.262452597000001,9.050354964,9.728207129,7.730665319,7.538917829,7.32826078,6.8250000129999995,6.885186692,6.796296265,9.884621366000001,9.881663307
Ga0242637_112027,6.516865246,6.224889233,6.378444875,6.159864192000001,6.244424424,6.11078736,5.902481809,5.829811382000001,6.1285911010000005,5.933642772000001,5.695239995,5.532647821,7.5853598820000006,7.141273109,7.189998671000001,8.730358949,8.184634625,8.031187269,7.303350019,6.43677346,6.457165661,7.218596184,7.330485722000001,7.186407929,5.950842988,5.614282574,5.99237287,6.592764596,7.13863432,6.879432773,5.898480042999999,5.160708887,5.821364786,6.687824652000001,5.660281949,6.136525576,8.182208989,7.982207333,7.8693811479999995,8.763442803,6.372055156,6.540188594,6.337962407000001,5.520094777000001,5.280719161,5.4718936760000005,8.585809518,8.704409707
Ga0242637_112028,7.7274071179999995,7.812729564,7.775944827000001,7.80360629,7.68160268,7.659397407999999,7.6125869139999995,7.759064658,7.4787903060000005,7.017727132999999,7.09564781,6.495554635,8.692797581,8.597805985,8.621791491,9.869428771,9.905536751,9.928130588,9.402710714,9.010903177000001,9.154376071,9.442367791,9.58566577,9.736705817999999,7.557475788,6.840680637,7.164381771,8.006879893999999,8.45614293,8.24691828,7.255563427,7.085334714,7.275615332,7.753998912,7.213456654,7.539024539,9.304660042,9.469614129,9.428156414,10.71756945,8.504796282000001,8.310697957,8.20012779,7.005877925,6.697752363999999,6.844645121,10.53827988,10.76708369
Ga0242637_112029,6.760183736,6.590251801,6.838875869,6.7286603860000005,6.7163606410000005,6.760212871,6.445695456,6.754723003,6.737941312,6.555678718999999,6.304380712,5.872127302000001,7.572872729,7.3363008160000005,7.394579961,9.294191297000001,9.31702998,9.460349333,9.276822284,9.062163107,9.144229924,8.777997045,9.117159089,9.264971252999999,5.828255202,5.569536649,5.885600897000001,6.592764596,7.099931949,6.698284781,6.118359976,6.006632882999999,6.122828611,6.899833195,6.467827035,6.705282272000001,8.780058266000001,8.84030935,8.805580734,9.244480845,7.7512182,7.778104527000001,7.587486987999999,6.085617447000001,5.687517277,5.782109659,9.372513255,9.428015129
Ga0242637_11203,7.745361502000001,8.073196055,8.137848253,7.653430607000001,7.737698357,7.562893636,7.705131591000001,7.621645373,7.803272981,7.190155406000001,7.534710841,7.11031001,8.392443292000001,8.574377335,8.35121348,9.344048166,9.342752059,9.384278489,9.273959782,8.087311004,8.18129284,8.051685991,7.504855366,7.608668442999999,7.49857432,7.419673435,7.510974777,8.022072076,8.241906417000001,8.281656007999999,7.19253277,6.942203407999999,7.252546095,7.836871238,8.14067294,7.857041689,9.922815629,9.929883422,10.47167294,9.928758592000001,9.545275152,9.095545824,9.380867345,8.006703465,7.83267135,7.998705444,9.95535815,9.850718955
Ga0242637_112030,8.376009541,8.250208855,8.558265085,8.67861268,8.393782365,8.440819977,8.489728738,8.521604992,8.462740681,9.262630233,9.25167801,8.521635638,9.279528182,8.875593496,8.694197601,11.21172168,11.30196552,11.22802595,11.51876964,11.65465581,11.73007268,11.57317499,11.88651056,11.83726233,8.692013544,8.706022457000001,8.198703257,8.381388979,8.857300829,8.603349306,8.408283333,8.492466972999999,8.192574765,9.33425409,8.789232066,9.071376121,10.83113042,10.77118233,10.55256021,11.51544312,10.57230838,10.26349001,10.60889941,7.826050346000001,7.726387292,7.74745114,11.55851115,11.64823812
Ga0242637_112031,9.024070438999999,9.235868382,9.142591851,9.088307821,9.185161831,9.264093464,9.211402813,9.167941469,9.404622926,9.000330377000001,9.134632981000001,9.070657667,8.914302338999999,9.179318093,9.074468442999999,8.755141136,8.824520252000001,8.835029663,9.179225207,9.076480365,9.28325151,9.263153835,8.983058547,8.861408994,9.389230312999999,9.547060389,9.440793135,9.475555927,9.492357867,9.621601156,9.642471627,9.592739565,9.568639875,8.897145676000001,9.123352011,9.195263081,8.731500201,8.609584626,8.952950618,8.885530245,8.823787585,8.887386337999999,8.789811591,9.428879812,9.301194202000001,9.354649009,9.068818092999999,8.827582707000001
Ga0242637_112032,7.548082394,7.780133312999999,7.696674663,7.3761463439999995,7.611273706,7.477225875,7.975369679,7.658549237999999,7.646839412,7.42630507,7.154129029,7.675506492999999,7.882099565,7.864837313,7.6271936160000005,7.529850665,7.251233776,7.371645812000001,8.056251421,7.954067305,7.888901494,8.129881864,8.595326601,8.276985052,7.686219942999999,7.931775803,7.998678327,7.676499282000001,8.096210365,7.992870684,8.258681686000001,8.173603511,7.993682845,6.983093519,7.726557646,7.632938844,7.443309957,7.650468439,7.8951962810000005,7.752672717,7.137253651,7.276214564,7.101396765,8.266284988999999,7.7140794679999996,7.721810497000001,7.788892013,7.722575325
Ga0242637_112033,6.022150627,5.791084149,6.026686716,5.849499729,6.02706223,5.844248707999999,6.043844971,6.084121432000001,6.202539906,5.78253743,5.527653255,6.246796504,6.011885495,6.437210236,6.018456382,6.127484201000001,5.979566758,5.851066731,6.165911317999999,5.967815598,5.538577275,6.038401672000001,6.781882584,6.002435286,5.989481926,6.231074587,6.338170869,6.015672426,6.098190232,6.061131447999999,6.627923496,6.368856881,6.455123949,5.6587811420000005,6.054598248,6.136525576,6.311006991,6.126249389,6.12820921,5.778988445,5.575530368,5.692222557999999,5.773584463,6.440712818,5.831705172,6.149148229,5.824370985,5.669500702000001
Ga0242637_112034,10.00103587,10.19545275,10.18902067,10.19932696,10.13768275,10.27486285,10.16935389,10.07422334,10.07777114,10.09489493,10.45484499,10.16377844,10.228527699999999,10.34143338,10.15583342,10.411695199999999,10.37218775,10.40148805,10.3086313,10.07990229,10.14408814,9.419201516000001,9.352914087,9.499491978,9.956625745,9.981312347000001,10.04846172,9.979537838999999,9.997455747,10.04326726,10.13763134,10.16774805,10.0519454,9.81716843,9.651283959,9.669399369,9.970668418999999,9.946485389,10.12967043,9.756929688,10.67670021,10.43051005,10.62154435,10.21507413,10.1083787,10.110871699999999,9.797804352,9.729595976
Ga0242637_112035,4.638419917,4.684705087,4.452168233,4.422193692,3.727858533,4.088802371,4.205635493,3.8060999410000003,3.8326399510000004,4.1921740110000005,2.911501305,3.9268758439999996,4.342851821,3.7337995019999997,3.787498028,1.764951351,3.17815798,3.379426388,4.302796251,3.4707135389999997,3.64741757,4.393970655,4.572983816,4.365241902,4.227785699,4.235484963999999,4.497285518,4.005455174,4.503972568,4.739959922,3.907346379,3.925246862,3.8248971380000003,3.8587559139999996,4.208962548,4.072968604,3.19781202,3.347410348,3.149291978,3.042219942,2.713663973,2.984995328,1.764951351,3.917653608,4.230481,3.6667322610000004,3.442297762,3.707348591
Ga0242637_112036,14.14087503,14.16208525,14.04084369,13.56901475,13.67875851,13.48942223,13.413628400000002,13.40375788,13.49321505,12.27078376,13.14604269,13.58105219,13.03371838,13.31503366,13.03798332,12.66223086,12.50010831,12.4743101,12.50890544,12.75372346,12.70236235,13.038656699999999,12.91492434,13.01637422,13.77811529,13.27589036,13.67042376,14.313794,14.80500814,14.60871677,12.71533407,12.67928707,12.8823736,12.92630606,12.85987168,12.63162391,12.00988354,12.61533369,12.5097376,13.28704846,11.16807876,11.46364965,11.82223782,13.192772199999999,13.000297999999999,13.13051752,13.27643538,13.55426057
Ga0242637_112037,12.23075835,12.00705266,12.55003601,11.82747951,11.83980285,11.78556441,11.42162177,11.62177052,11.60533148,12.14219173,12.88275654,12.98462739,12.21663927,11.95225382,12.009934900000001,12.80761502,12.82591296,12.78620723,13.82573741,15.00575548,14.80344911,15.22579907,15.20992484,14.9274334,12.41385307,12.46154614,11.98172246,13.07117963,13.070330300000002,13.09600849,11.98916217,11.92909407,11.85716564,12.73209447,12.78341237,12.76941776,12.08064439,11.79703864,11.51266773,11.89129433,10.91616783,11.72939687,11.3117134,11.69401224,12.60077586,12.17747473,12.10377562,11.81439135
Ga0242637_112038,6.098811788,5.881951384,6.250854297,6.719233055,6.180978051,6.227533759,6.364273235,6.653810328,6.822350273,6.607872536,5.118479175,5.625366709,7.0128881970000005,6.483747103,6.618209472,8.021678278,8.334177578,7.851206205,6.66327232,6.05739422,5.996681476,6.117484336,5.429562132999999,6.038029805,9.576443966,9.743988425,9.124711344,7.663638949,7.161366427999999,7.617866652999999,5.816996737,5.710180182,6.386063106,7.710705475,7.983975179,7.7691714670000005,9.236699391,9.650728515,8.227374352,11.29489121,7.709815247000001,7.672614546,7.027258151,6.980152202,7.501364735,7.325303806,10.46416666,11.55258776
Ga0242637_112039,8.676567306,8.79567088,8.628280468,8.917647627000001,8.941878147999999,8.775795861,8.812270749,8.688906326,8.485089174,8.152396412,8.788531235,8.422273217999999,8.858822473,8.868606174,8.993480405,9.519192356,9.56411762,9.860162587,10.04713796,9.806914329,10.05121526,10.07175205,10.62358279,10.41385669,7.893456155,8.004674474,7.830923328,8.361621021,8.527839752,8.80485519,7.668351166,7.64982022,7.789855299,8.280190497000001,8.13616635,7.9044371170000005,9.262561267,9.123353194,9.447474306,9.824069284,9.441623906,9.129157871,9.585762147,7.84516866,7.2686738,7.742359356000001,9.714273577,9.803021155
Ga0242637_11204,9.480395687,9.538292646,9.669477334,9.319350581,9.389780962,9.307748416,9.242609617000001,9.485007479,9.513717929,8.837942863,9.140427249,8.810695487,9.853450952000001,9.687983008,9.616601091,10.80133496,10.83362209,10.96571312,11.06669155,10.70222461,10.75145076,10.92230955,10.79087758,10.49432406,9.31722628,9.153434654,9.091569536,9.415470427,9.714733773999999,9.751177249,9.078194935,8.876585327,9.123869496000001,9.414378238,9.625796532999999,9.659872168,11.91251537,11.7739699,11.71786517,11.1758579,11.25607776,10.58624774,11.21239716,9.624107583999999,9.478976475,9.787943262,11.28923479,11.21785474
Ga0242637_112040,10.54786914,10.71034768,10.63469448,10.81284296,10.75753799,10.60129587,10.64916824,10.64306865,10.63744044,9.795289346,10.34497528,9.648644629,10.91211137,10.91394527,10.95119265,11.46177543,11.59776766,11.82529376,11.79369188,11.52102917,11.67886305,11.33402219,11.79135076,11.81888583,8.720923085,8.481078673999999,9.072283800000001,10.02674042,10.37489276,10.37419426,9.277284547,9.248568831,9.537182103,9.864014995,9.627402757999999,9.440019842,11.36640912,11.550027499999999,11.51475042,11.70117457,11.41100237,11.02877377,11.3179422,9.647433903,9.529005384,9.528842074,11.70162617,11.80346723
Ga0242637_112041,11.36372023,11.37200465,11.5365766,11.83048949,11.85001588,11.70497576,11.57531194,11.60364141,11.61084622,10.88856715,11.7964019,11.05213015,12.28016753,11.93333492,11.96862858,12.86281265,12.773411099999999,12.76696269,12.30072234,11.04930085,11.32257172,9.953107835,9.629765261000001,10.10422347,10.33688564,10.15051675,10.31365652,11.34101255,11.45672696,11.5981191,10.38043838,10.24705519,10.57850703,11.56756721,11.32730939,10.80984667,12.97063141,13.00589375,12.81654812,13.12939942,12.81263098,12.47635011,12.53636045,10.91333536,11.13657736,10.89792881,13.11503245,13.25899768
Ga0242637_112042,7.303390683,7.230747977999999,7.505232536,7.653430607000001,7.709923288,7.7053305,7.323942343,7.421469387999999,7.17393157,6.40154095,6.776231467000001,6.543690071,7.97991315,7.624653335,8.025141283,8.745279292000001,8.813241286,8.771529021000001,7.966894292999999,5.904829262000001,6.602767117999999,4.51831327,4.470928413999999,4.475591067,6.35739723,6.157608203,6.148225393,7.339041722999999,7.434489171,7.452363179,5.937547792,5.831564123,6.37184384,7.431381899,7.1252130760000005,6.637788707,8.780058266000001,9.197355952,8.96518736,9.514956963,7.924092957,8.096301694,7.893097561,6.918276297,6.566864648999999,6.224257606,9.259192249,9.373075396
Ga0242637_112043,13.57836314,13.58074485,13.77329246,13.80125203,13.82983602,13.80582878,13.88403137,13.99886041,14.08587425,13.63421858,14.46541161,14.26111709,13.21611109,13.32304243,13.19211192,13.01240192,12.88568533,12.84352807,13.3590276,13.8244696,13.81349485,13.79372637,13.84442957,13.79302504,13.41073857,13.25528262,13.55544331,13.73490977,13.78724379,13.94045406,14.41767235,14.48985715,14.38752893,13.12358188,13.31001675,13.57928021,12.89411239,12.86148337,12.68290653,12.08354947,13.48218574,13.507630800000001,13.50190575,14.20588721,14.56350472,14.31101247,12.28021839,12.274434699999999
Ga0242637_112044,7.0857142810000004,7.237625797000001,7.140031105,7.452047812000001,7.721097597999999,7.654202221,7.215486981000001,6.97146084,7.192166986,6.8437422660000005,6.304380712,6.42876132,7.658093496,7.6121542479999995,7.533514062999999,6.613550644,6.62160184,6.7569566210000005,7.210544355,7.34569445,7.220579154,6.985989784,7.180350701,7.406166355,7.614065048,7.574208512999999,7.748255651,7.255783728,6.951306668,6.924123613,7.366794355,7.015545812999999,7.4275212370000006,7.200451515,6.930645001,7.413576067,6.375740119,6.817827167999999,7.07715465,7.010509938999999,7.7512182,7.79495959,7.618106103,7.66322959,7.762692725,7.492349531,6.871740189,7.155377075
Ga0242637_112045,8.518528709,8.577308711,8.761471992999999,8.858820828999999,8.979579592,8.959659378,8.375817283,8.380445006,8.510732181,7.577794197,6.324916617,6.635383967,9.376093785,9.330627174,9.269008518,7.49495429,7.092263417000001,6.659190967000001,6.476448887999999,5.315634683,5.803239861000001,6.228496762000001,6.032308005,5.850504926,8.895908786,8.746588774,8.924173785,8.300637708,8.348055273,8.089170202,8.425509914,8.270898727999999,8.718149279,8.516386157000001,8.314274945,8.68340967,7.766227193,7.240564003999999,7.399318742,7.231388892999999,9.152073475,9.135787313,8.68768211,8.972571474,9.010550745,8.935672983,6.918462087000001,6.919966869
Ga0242637_112046,6.724395355,6.771885875,6.431709405,6.880146112,7.01778812,7.000349148,6.340137045,6.427903526000001,6.419550429,6.27805993,4.218583159,4.7960525910000005,7.219321368999999,7.094100478,7.240812927,5.224692397,5.041072829,5.184614833,4.701851585,4.067851648,4.475808083,5.0133739969999995,5.259079827,5.138108701,7.101119415,7.0334677789999995,6.969542612000001,6.537387268,6.3435475,6.040944895,6.78580492,6.631505491,6.667851638999999,6.250145991,6.496275108,6.671931026,5.152609088,5.0681414689999995,5.556858237999999,5.394172671000001,6.843720942000001,6.9990463389999995,6.965071762000001,7.0641762660000005,6.422869211,6.80609677,5.117265012,5.748692192
Ga0242637_112047,7.944998869,7.948835204,7.760435586,7.919184155,7.937732238,8.083198881,7.719215845,7.68944634,7.685960187999999,7.12900344,5.4167632679999995,5.767668373999999,8.097894306,8.282656201,8.249463837,6.569465856,6.382738746,6.613512954,6.115517037,6.272086056,6.112517617000001,6.708453757999999,7.13208112,6.072762742999999,8.148839131,7.962240454,8.322222966,7.611018937000001,7.700678397999999,7.230214011,8.065613466,7.951462597000001,7.784505492,7.6860797629999995,7.36755044,7.780941041,6.661800464,6.078727864,6.661560741000001,6.357253717000001,8.35172899,7.778104527000001,8.058493022999999,8.073071199,7.689144099999999,7.964133695,6.3189180579999995,6.059163999
Ga0242637_112048,9.250435142999999,9.291433297000001,9.130580178999999,9.011299467,8.970246203,9.051413651,8.844746283,8.670960528,8.888675941,8.793616607999999,7.769737205,8.273410074,9.112761145,9.264294656,9.179090351000001,8.720325621,8.821708767,8.902981818999999,9.173092542000001,9.115135534,9.194261766,8.74732,9.092158601,9.176157724,9.024380677,9.081920712,9.030424972,8.756190607999999,9.191212372,8.831474453,9.416462956,9.499104428999999,9.352524729,8.694819295,8.647607236,9.116963031000001,8.41527722,8.304202369,8.294864935,7.922902637000001,9.223669884,8.971324292,8.901869148,9.069217823999999,8.99537788,9.011688198,7.99174371,7.8709780060000005
Ga0242637_112049,10.42052923,10.30750053,10.38712344,10.40274627,10.34956635,10.48251653,10.21478534,10.31526144,10.19988919,10.19200613,9.795937282,10.08880954,10.00284709,10.08682091,10.14086897,10.44100964,10.57694894,10.51518163,10.55253812,10.57186891,10.55355983,9.912209853,10.0227313,10.05525923,10.21110842,10.3230524,10.10767695,10.30445404,10.08026347,9.889902883,10.16660409,10.22183842,10.14252934,9.835194569,9.662294657999999,9.799462761000001,10.28434859,10.13789163,10.11656513,10.012533099999999,10.18936584,10.03433576,10.23720396,10.18068849,10.00358959,10.1821564,10.03166319,10.08527217
Ga0242637_11205,8.406414567999999,8.633121595,8.584920688,8.467017392,8.604521087,8.640509907,8.564431275,8.681242591,8.645811074,8.562188237,8.275466156,8.075045412,8.687016949,8.539605285,8.470400113,9.527846865,9.420995843,9.60142132,9.9661061,10.01448612,9.990215195,10.11324192,10.49438139,9.93566946,9.178221682,9.079937831,9.260839202,8.626366699999998,8.868850752,9.083577923,8.632530589,8.690895771000001,8.689817608,8.80411034,8.870152199,9.312053062,10.42457926,10.20566256,10.29777891,9.747418899,10.15121972,9.906424741,10.42924684,9.762497796,9.887852489,9.790411632,9.828686265,9.722287903
Ga0242637_112050,6.338861621,6.478469212,6.250854297,6.318261649,6.44672689,6.423749481000001,6.2651973110000005,6.464134765,6.109493207000001,8.009510013,6.82025233,7.182973767000001,6.312057136,6.408547782,6.508346877,6.889289082,6.902944475,7.165670434,7.325646891,7.34569445,7.25871707,6.038401672000001,6.198069137999999,6.294877003,6.625799302999999,6.812272595,6.681844582999999,5.820322182000001,6.0338128410000005,6.02047032,6.151941432,5.943460536,5.862700526,6.820548133,6.165142749,6.021905127,6.243220588,6.172248402999999,6.000522022999999,5.44242395,6.523292994,6.709914332,6.3623171329999995,6.834604227000001,6.510983842999999,6.281640101,5.612616484,5.351613692
Ga0242637_112051,8.83304625,8.776916107,8.946424306,8.788514763,8.692288736,8.570550562000001,8.524893725,8.63173656,8.697765497999999,9.964772972999999,9.050970322000001,8.959872718,8.701425325,8.906624257999999,8.919413802000001,8.755141136,8.885025826,8.862108152000001,8.961666069,9.014625622999999,9.012847821,7.835356363,7.578731438999999,7.806930249,8.945742302000001,9.145872133,8.74089192,8.880854784,8.609972275,8.673692348,8.171515216,8.159812524,8.406164358,8.986560307000001,8.432926488,8.412962163,8.088914303,7.5840941310000005,7.8797627210000005,7.10296237,8.82863001,9.05414949,8.910138917000001,8.698156421,8.517556017999999,8.580988371,7.363200292,7.16978384
Ga0242637_112052,10.12161285,10.12212316,10.12790033,9.882432108,9.816880902000001,9.647980324,9.576217128,9.68089774,9.713056399,8.901978517,8.649167282,9.183686746000001,9.750518474,9.967635027,9.991311484,8.812936954,8.638935878,8.688696039,8.581180307,7.183123469,7.532161574,6.656513704,6.067026782999999,6.265172641,10.18644807,10.24113784,9.99953009,10.23227608,10.38458022,10.27855641,10.09412874,10.17918534,9.994037881,9.028292615,9.51735858,9.489862632000001,9.938943567,9.532546108,9.86555383,9.526124244,8.759310527,8.57254077,9.134937333,10.03327154,10.03854957,9.942421174,9.378091404,9.457656703
Ga0242637_112053,8.325192181,8.560957321,8.639626285,8.045154447,8.126034202,8.176732752000001,8.196175135,8.159221774,8.177254376,7.861671202,7.6201513279999995,7.8449794939999995,8.234954588999999,8.115633787,8.224442292,7.640424769,7.36379037,7.371645812000001,7.833250085,7.014808626000001,7.154683676,5.954705207000001,4.840645444,5.380361131,8.653543564,8.368614241,8.462162272,8.606348649,8.923038416,8.589552792000001,8.926742025,8.953200954,8.567464096,7.981494289,7.948428831,8.233328353,8.460672297999999,7.995034777000001,8.435197543,7.602468065,6.638211925,6.861723825,7.212613994,8.644608937000001,8.703328368,8.617592542999999,7.62961768,7.780030784
Ga0242637_112054,11.65909751,11.68904602,11.69177378,11.39321672,11.41107156,11.42941373,11.43767784,11.48907373,11.55692592,11.22532189,10.91311439,11.22852901,11.34634514,11.31084457,11.15939763,10.69392636,10.60828292,10.79675425,11.62592135,11.35845348,11.49348777,10.73801103,9.661269096,10.68131848,11.67306328,11.53577748,11.6289017,11.49137539,11.90924277,11.79090744,12.44585379,12.68150044,12.14491717,11.44416606,11.47422822,11.58013763,11.72372842,11.20841297,11.75639599,10.61147572,10.45508005,10.4019209,10.60508421,11.95270359,12.1407348,11.92093074,10.79751385,10.77769835
Ga0242637_112055,8.260085344,8.601493422999999,8.376943157000001,8.238867911,8.29256638,8.198306314,8.235898548,8.199126091,8.116513432,7.603705742000001,7.376722865,7.578822514,8.186608032,8.537403947,8.35410011,8.368612219,8.35766067,8.510346503,8.524500142,8.785441021,8.457442716000001,8.51938602,8.840216231,8.565527111,7.982111402,7.9492628960000005,8.116350232,8.006879893999999,8.12732045,8.24691828,8.307817097000001,8.366052656,8.28259954,7.395372272,7.442485791,7.571013849,8.352438823,8.174896694,8.480234135,8.01298899,7.933115492000001,7.899962317000001,8.035995056,8.61149958,8.30427106,8.273878303,7.886071404,8.157772452
Ga0242637_112056,8.707420183,8.714222277000001,8.799902681,8.942142817999999,8.791013096,8.921258716,8.77455904,8.782612305,8.763233907,8.558881461,9.521841832,9.283789894,8.727003191,8.742420942,8.835152902,9.067617109,9.215733425,9.134628644,9.469288601,9.657789541,9.67492153,8.734864152,8.503496315,8.795526731,8.339871991,8.741579935,8.458452915,8.62304959,8.536556378,8.579118114,8.950736663999999,8.963821279,8.810515827,8.507982072999999,8.465621599,8.645292377,8.668409663,8.658776457,8.816428307,8.105243909,9.326525704,9.206768596,9.326295796,9.150219643,9.181171083999999,9.073800602999999,8.268984942000001,8.135934714
Ga0242637_112057,8.078455307999999,8.148088388,8.253140093999999,7.781147907,7.675871192000001,7.928286234,7.43052404,7.550498123,7.767247445,8.061847038,8.932405801,8.92096951,8.403060932,8.272103392,8.102712562,8.146827168,7.873174251,8.183391986,8.783931818,9.083586059,9.056782975,8.933242401000001,8.860099085,8.846470267,7.662567254,7.413385829,7.723738915,7.542422734,7.771320867000001,7.820481096,9.002160708,9.073308496000001,8.839175884,8.170863722,8.34193317,8.275532935,8.352438823,8.721860084,8.355624361,7.3493017929999995,6.936430594,7.323459194,7.057372902999999,8.204712146,8.488950603,8.332647251000001,7.396575276,7.096264975
Ga0242637_112058,6.68769462,6.643046963,6.8777522179999995,6.145840992999999,6.114599127999999,6.268978306,5.834883106,6.2175516570000005,5.946807457,6.907575631,5.726522462999999,6.776311537000001,6.716118402,6.483747103,6.598848245,5.823474616,5.355301328,4.82853269,5.3111713830000005,5.904829262000001,5.966199916,7.53835883,7.287064152,6.787850294,6.537442523999999,6.639761566000001,6.707098015,6.930213055,6.663421699,6.723795598,6.709027419,6.864925505,6.596307766,6.03251665,6.643416055,6.453754603999999,6.097225568,6.902018501000001,6.162698268,5.44242395,4.7922398369999994,4.754924248,4.962237235,6.440712818,6.539195511,6.573383941,5.824370985,6.1198970479999995
Ga0242637_112059,10.68516585,10.61919126,10.61399431,10.03635179,10.00344025,10.0171194,10.17191574,10.326768199999998,10.38853391,11.62174953,12.16268746,11.52640397,10.74204706,10.72957617,10.65727106,11.21619069,11.23169448,11.30673466,11.90055272,12.18221394,12.11611757,12.10236341,11.88226336,11.94051854,11.33590283,11.40329664,11.01382364,10.83186806,11.11020543,10.72434397,10.76370313,10.83512735,10.60378073,11.10753432,11.12102669,11.04758226,10.51341946,10.49240676,10.49970327,11.1758579,10.11203751,10.1287468,9.84279395,10.49545855,10.69508766,10.47004608,11.24107244,11.13955131
Ga0242637_11206,9.349601464,9.301310033,9.494643169,9.519804756000001,9.534535454,9.63617442,9.694971464,9.743563213,9.845620645,9.748162745,9.248998793,9.119054156,9.595615251,9.282809384,9.177461719,10.61489877,10.55933631,10.616235099999999,10.91234519,11.19747983,11.12177356,11.78129511,12.16748014,11.50526436,9.50511187,9.164704617,9.715537073,9.07542906,9.504255536,9.646799821,9.751669046,9.528017483,9.76472987,9.788543772,9.803967034,10.23831504,11.39396986,11.14940491,11.20174804,10.58502225,10.98501525,10.73991244,11.26975409,10.63722019,10.76981023,10.71903149,10.69286108,10.30501997
Ga0242637_112060,10.53588704,10.56829382,10.63185688,10.72616962,10.75005877,10.6908869,9.876601564,9.916715377000001,9.934912843,9.65368069,10.39187646,9.368525821,10.9027904,10.85815834,10.67238177,9.782902137,9.940944516,9.829311126,9.540094643,9.244397668,9.375767561,10.36635045,10.17930007,9.723139907,9.319118148,9.450606453999999,9.459469782000001,9.817770137,9.867622074,9.614806508,9.433591452,9.347179967999999,9.410965938,10.38289737,10.18933567,10.08064082,11.09614825,10.7988739,10.87464477,9.821805397,11.29595932,10.74317213,11.08397094,9.580575363,9.489843975,9.754200187,9.789456292999999,10.144793199999999
Ga0242637_112061,7.4047967770000005,7.441993517,7.09125655,7.2178928010000005,7.122667742000001,7.295606464,7.168342905,7.107373715,6.9457403289999995,7.248817774,6.550875412000001,7.056068182000001,7.603890144,7.552348212999999,7.660228449,7.586197478,7.300552336,7.496335687999999,7.801791045,8.442724631,8.313946608,10.25518513,10.54438962,9.895110912,7.243472088,7.381529723,7.47469963,7.563346434,7.741468267,7.664685287999999,8.167425136,8.59509071,7.56493492,7.919470107,8.180610854,8.041203712,6.497069943,7.032246855,7.347889896,7.010509938999999,7.7202779679999995,7.288171693,7.942320176,7.89647349,7.571269564,7.836156427000001,7.091526534,7.1981723639999995
Ga0242637_112062,10.9943799,11.05441058,10.83980426,10.95301894,10.7923787,10.82230577,10.86928735,10.7827039,10.77226683,10.73222896,10.40155906,10.58340562,10.6916997,10.91860396,10.9047028,10.46373908,10.6508793,10.863444300000001,10.54780609,10.55407472,10.63551823,11.32158218,11.59029315,11.12681232,10.94252045,10.92161036,10.79747253,11.11233796,11.17862161,10.95299796,10.99647633,11.10172276,10.86614641,10.54295358,10.37671037,10.52447035,10.31762411,10.39899629,10.46220715,10.04589093,10.70594181,10.38114756,10.49394418,10.8312383,10.71837567,10.82094219,10.12584747,10.02318937
Ga0242637_112063,9.629600369,9.778779231,9.496204254,9.427400691,9.403714925,9.431305947,9.548883141000001,9.351354796,9.478880508,8.901978517,8.853469162,9.44223314,9.151055635,9.453621842,9.430866748,9.527846865,9.760402165,10.12083192,10.51302668,10.01448612,10.12013083,12.00717906,12.35429985,11.75699311,9.800171921,9.679977365,9.712426059,10.71833347,10.95143428,10.85044474,10.04035622,10.43242653,9.605505523,9.000605646,9.38498924,9.639550164,9.262561267,9.319649215,9.656594051,10.44494967,9.376981945,8.760151541,9.447721936,9.23961013,9.103108127999999,9.125549547,10.36793156,10.5225725
Ga0242637_112064,10.23288481,10.20073914,10.01155648,9.840699241,9.797222157,9.958281552,10.12597261,10.12782933,10.18404002,9.926799399,10.43022293,10.76671946,9.546981152,9.75297881,9.68697041,10.4786955,10.69763091,11.03980938,11.32080551,11.03745743,11.11052678,12.39926876,12.60389068,12.15272164,10.40437754,10.28655034,10.33606402,11.31452614,11.49449495,11.41273535,10.57976897,10.922104800000001,10.25991272,9.921039379,10.30224244,10.06949029,9.933587596,9.939867511000001,10.15446096,10.67430783,9.983334182,9.438913236,10.20563861,10.01017036,9.885111107,9.797791501,10.67371173,10.70541262
Ga0242637_112065,14.18771203,14.22861558,14.04271431,13.9642811,13.88907363,13.89597401,14.23359575,14.21573459,14.29723223,13.53894655,14.137194899999999,14.25646726,13.29375567,13.58668931,13.52867657,14.08486018,14.18036715,14.46851965,14.77371398,14.83061296,14.83729944,15.83063541,16.06650985,15.70269598,14.28170948,14.07003299,14.18452077,15.30591344,15.27031545,15.368512099999998,14.12840873,14.42113858,14.01028952,13.17026057,13.69735691,13.35764112,13.2764049,13.17709383,13.53939458,13.29502677,12.41605509,12.50639544,13.05120654,13.95909627,14.01278752,13.7839672,13.63098543,13.24695271
Ga0242637_112066,5.6914885889999995,5.106036055,5.144354881,5.175905001,4.783241701000001,5.669202382999999,5.569458109,5.773048738,5.464967174,5.78253743,6.219170611,6.10415414,5.213194683999999,4.9722799339999995,5.495905865,6.352437029,5.638429098,6.245288737,6.859515342000001,6.543835915,6.6609235479999995,7.869947838,8.32900693,7.485474644,6.134403816,5.569536649,5.885600897000001,6.291727083,6.587072753999999,7.080354732000001,5.898480042999999,5.431291565,5.757034354,5.968442865,6.267783408,5.954034833,5.29418298,6.029579036,5.681317807999999,5.489094956000001,4.7922398369999994,5.762726817000001,6.126665356,5.95054898,4.896774386000001,5.8969019629999995,5.949929124,5.190157933
Ga0242637_112067,13.29935789,13.309212200000001,13.52533528,13.16496253,13.294263399999998,13.091968,13.16307648,13.30457781,13.40000154,13.38420044,13.79479321,13.86333901,13.24147407,13.12280129,13.05792531,13.45198577,13.34088775,13.31289162,14.0153783,14.70226646,14.61005652,14.67460535,15.02608288,14.65550285,13.58457493,13.4616291,13.609852900000002,14.15183089,14.19174179,14.10540457,13.21431182,13.0462394,13.22084553,13.44474003,13.512524599999999,13.40419043,13.08556201,12.92527094,12.893794699999999,12.65652887,13.0454398,13.32045783,13.25688009,13.44596118,14.17321454,13.5538122,12.79598737,12.89845549
Ga0242637_112068,10.7458665,10.74634134,10.74975266,10.60036248,10.5848413,10.57748664,10.58397727,10.57439781,10.65807561,10.66154015,10.45832837,10.50058579,10.37233064,10.46759752,10.39463031,10.53129002,10.63895078,10.69638107,10.95228346,11.06464313,11.12607601,10.65781149,10.81654289,10.68691984,10.94497286,10.93373801,10.76330658,10.76572755,10.9140182,10.76480333,10.48272095,10.34677891,10.5699831,10.24643231,10.16299839,10.23902612,10.11487764,10.23569125,10.1945083,10.26501865,10.17232479,10.2559029,10.51307233,10.28498414,10.57605468,10.36962799,10.35243039,10.32927455
Ga0242637_112069,9.553534126,9.571319293,9.68735368,9.110090533,8.995769112,9.115174813,8.951983726,9.094832487,9.141730941,9.676744071,9.884912247,9.709614475,9.856029068,9.709649458,9.871529599,9.340777448999999,9.344711814,9.374053792,9.764696099,10.26629708,10.08520088,10.21539448,10.33658281,10.10631511,10.17500297,10.22776795,10.02106359,10.29406345,10.336311199999999,10.09788735,9.565311244,9.547564315,9.416163227,9.752241786,9.809637488,9.688267071,9.12835015,9.180612228,8.935642898,8.725191135,8.564072117,8.971324292,9.013542195,9.117183657,9.396677039,9.231077702999999,8.869385794,8.772037279
Ga0242637_11207,9.536453552000001,9.525710086,9.573659478,9.716037876,9.854144595,9.856812248999999,9.883912035,9.951110526,9.948378708,9.809271425,9.559089854,9.372967373,9.508169662,9.240135421,9.120964966,10.55688531,10.71136598,10.68056584,11.01791082,11.23705039,11.13207797,12.55748969,12.84088113,12.37154945,8.97243425,8.721368823999999,8.963959806,9.318322787,9.556613168,9.517981962999999,9.763909223999999,9.33700413,9.799615952,10.373676699999999,10.13617135,10.46371349,11.46808095,11.29003315,11.25105332,10.70902028,11.61605823,11.16382552,11.78112533,10.27708836,10.366009,10.18121619,10.85063956,10.662783500000002
Ga0242637_112070,7.568397887000001,7.5003409,7.841288314,7.550951808,7.405004311,7.459464064,7.384124419,7.245495902999999,7.136753537000001,7.404356826,7.03469228,7.499771866000001,7.468879679,7.480815442000001,7.728567266000001,7.195000127,7.386807221000001,7.364774649,7.452637006000001,7.403643794,7.424455125,6.517819203999999,6.695904429,6.265172641,7.650593801,7.918519906,7.407011441,7.726823405,7.871191258,7.895297141,7.039745923,7.241954611000001,7.122856045,7.431381899,7.097650727,7.383007652000001,6.71277151,6.458614121,6.974289435,6.38209156,6.900059642,7.150848067999999,6.778769051,7.304213373,7.051013781,7.26265461,6.534373737,6.462210128
Ga0242637_112071,8.030455024,8.184124963,8.185076534,7.781147907,7.889026577,7.816469874,7.424805107,7.533568667999999,7.544125355,7.558050286,7.356944218,7.725000747,8.157638887000001,8.351936876,8.133281698,7.165708966,7.234411966000001,6.906454373,6.697893701,6.391612815,6.389951718,5.771053014,5.719373603999999,5.8900235279999995,7.3730196910000005,7.3943567660000005,7.47469963,7.781414945,7.960277835,7.855494485,7.308540957999999,7.406762023,7.447972029,6.991160875,7.134284602,6.9750660589999995,6.018255341000001,6.495236836,6.649465658,6.331979231,6.547022713,6.861723825,6.949096485,7.562857857999999,7.251739681,7.66911946,6.452022828,5.962955225
Ga0242637_112072,9.476818677,9.513016816,9.451842397,9.576972059,9.676161167,9.567385552000001,9.917885335,9.885931884,9.913102554,9.517233895,9.210957721,9.158180135,9.743573637,9.798725139,9.66853832,9.763491242999999,9.966623347,10.15008801,10.19670605,9.838759397,9.898626683,9.254453957,9.20529007,9.505844166000001,9.529827928,9.419582487000001,9.687293441,9.396168644,9.630393972,9.421994,9.773358079,9.790636409,9.921577454,9.121214933,8.78635911,9.199653299,9.38534208,9.617938353,9.612153582000001,9.980416872000001,10.47374689,10.13040744,10.519842800000001,9.959542529,10.06785541,9.877733237000001,9.789456292999999,10.03109741
Ga0242637_112073,3.1795039910000003,2.422088851,3.3742476210000003,2.669405787,3.522085263,3.880786982,3.4887793030000003,3.54034049,3.618475267,3.450563658,3.914464957,3.5782764410000003,3.416771273,3.666205171,3.632975974,4.163986673999999,3.586637633,3.8739550510000003,4.206860836000001,3.803921163,4.561457885,4.737776482,4.7570015539999995,4.845648752,3.844348227,3.453203863,3.349279727,4.088157498999999,3.743072834,3.73698757,4.134656991,4.3849201980000005,3.733234295,4.587308921,4.467038435,4.442900175,4.090071432,3.91283721,2.974604675,6.454130328,4.3167515430000005,5.067434938,4.418181822,3.351217807,3.9089009,3.080556652,6.17221836,6.178165077
Ga0242637_112074,2.493146696,2.422088851,2.725182339,2.669405787,3.273794517,1.764951351,2.664422505,2.8930991230000003,2.506512943,2.7737677119999997,3.152346767,1.764951351,2.963087176,2.587354007,3.1287230089999998,2.697953195,2.783394397,3.789455175,2.620112537,3.261710257,3.2608517239999997,4.51831327,4.360694114,3.8026455180000003,2.757788731,2.904468678,3.349279727,3.0165719139999996,3.071269312,3.0280757019999998,3.821877488,3.616358705,3.278155795,3.7001612999999995,3.176288832,3.70695293,3.7220789030000003,1.764951351,2.476742168,5.344228856,3.084464068,4.823235936000001,3.283209092,2.9134069030000003,1.764951351,2.7107655210000003,4.8834059430000005,4.459495233999999
Ga0242637_112075,4.529878847,3.942239546,4.3423987539999995,3.497605637,3.727858533,3.720956082,4.45695493,3.723610747,3.7300873130000003,5.712555859,4.388768833,4.5626886739999994,3.9197569839999997,4.175655838,4.77092408,4.035114441,3.979426665,4.459643842,4.954887797,5.2148792639999995,5.047435514,6.155449891,5.8843656179999995,6.038029805,4.629103398,4.235484963999999,4.497285518,4.767968562,4.955471727,4.6882346880000005,6.516444936,6.99496906,5.569841931,5.3911709420000005,5.555664486,5.59225673,4.615431697,4.122987674,4.301503826,6.5882120010000005,4.526930893,5.275578888,4.75442959,4.470215957,4.079391123,3.991945537,6.09283893,6.414566467
Ga0242637_112076,6.916354811000001,7.031433598,7.179452228,6.460924027000001,6.575577149,6.552331937999999,6.759431202999999,6.7350984160000005,6.786779111,8.670332761000001,6.834631907,7.252148878,7.102521811,7.111971672999999,7.068658919,7.074084212000001,7.120006364,7.165670434,7.945462727000001,7.07312565,7.679989496,6.682717975,5.844865089,6.849139407000001,7.42315392,8.025432279,7.146041514,7.4480710839999995,7.453029937,7.166559039,9.621697974,10.02672669,8.805243173,6.999183306,7.953560838,7.6286027579999995,8.12695937,7.875260827000001,8.598076515,6.019942892,5.429319039,5.894103462,5.773584463,7.448735033999999,7.486967624,6.989281726000001,6.065372936,6.08985168
Ga0242637_112077,8.352777635,8.490758109,8.497205425,8.10785388,8.155159352,8.372881395,8.535543486,8.566671556000001,8.691372611,10.26889421,8.595338137999999,9.017747348,8.345508351,8.574377335,8.435394122,9.08335906,9.040620362,9.305766149,10.442122300000001,9.749994211,9.849515051000001,8.813968573,7.21165498,8.671043066000001,9.127303136,9.36851319,8.821070757000001,8.849974931,9.040039387,8.930562102,11.34588291,11.71948285,10.55670989,8.672432557999999,9.48759995,9.155138044,9.833615707,9.694631592,10.45874959,8.005027932,7.840244568999999,7.884297382000001,8.065915025,8.944042407000001,8.845493285,8.814780449,7.939875227000001,7.523876547
Ga0242637_112078,10.33124205,10.32293535,10.27428575,10.22284299,10.29173444,10.35707442,10.80857168,10.64438299,10.79032529,12.34104256,11.41596283,11.259443,10.01212349,10.1217665,9.94420222,11.23920896,11.2343395,11.51687607,13.01286175,12.90978276,12.94498289,12.10720329,11.00021416,11.97755352,10.66457239,10.92216383,10.51276825,10.26987723,10.59252195,10.46954445,13.61038442,14.03782817,12.77336616,10.46333413,11.47957366,11.25092353,12.13765339,11.80889017,12.64575859,9.550938979,9.48827281,9.591386144,9.810025149,10.78001225,10.55551216,10.45612153,9.689811967,9.59202775
Ga0242637_112079,5.561794167,5.713996002000001,5.380760691,5.9818052029999995,6.290235789,6.227533759,9.148623158,8.841099421000001,8.897033723,11.87106199,9.93411008,9.791525982000001,6.482175612000001,5.959031692000001,6.089636481,10.67327199,10.78321247,11.30359557,13.13422816,12.77938505,12.90347858,11.56967261,10.49279035,11.70411271,8.351011527999999,9.599215482,7.909107805,5.9321173179999995,5.9664109860000005,5.913470117999999,13.96536482,14.42552698,12.89452688,9.203316706,10.84754618,11.09391356,11.74834138,10.94152047,12.04599578,8.13472919,7.905876757000001,7.239736213,7.6871191439999995,9.178753741,8.828470221,8.498844634,7.502554396,7.7323116270000005
Ga0242637_11208,7.449297286,7.556418422999999,7.5237255979999995,7.351964566,7.4256454110000005,7.506351083999999,7.354347442000001,7.421469387999999,7.508194229,7.7844848529999995,7.253762881,7.242467689,7.31241343,7.429493375,7.253241405,7.884628517,8.061333303,8.08651346,8.670962357,9.2348554,9.277073975,12.40320964,12.06145729,11.87762002,7.953161015,7.962240454,7.7901818039999995,7.714406071,7.642638922000001,7.624648828,7.560181374,7.467747577999999,7.539750871,7.710705475,7.7145149989999995,7.8041958629999995,8.768071128999999,8.441725063,8.259528342000001,8.88118802,8.833456235,8.51775904,9.051419125,7.6739626329999995,7.77459421,7.436689682999999,9.016128396000001,9.103634647
Ga0242637_112080,7.6595928660000006,7.626203202999999,7.612791768999999,7.469010218999999,7.377014883999999,7.392398466,7.441894287999999,7.493275932,7.50089928,7.49714249,8.096255424,7.475186006,7.572872729,7.7363657660000005,7.868400997999999,7.575102911,7.6504019979999995,7.6735843379999995,7.728393821,7.209359308,7.424455125,7.338747958,6.843156365,7.186407929,7.656592956,7.887107241,7.445007645,7.432991311,7.3902768739999996,7.308130413,7.232248773999999,7.375273631000001,7.1563890489999995,7.500810089,7.196234926,7.190484122000001,7.104904802999999,7.364395791000001,7.2065477829999995,7.284988808,7.285566544,7.335032292999999,6.900079306,7.290327153,6.722560023,7.064680778,7.418403562000001,7.065773967
Ga0242637_112081,7.9029621,8.057739341,7.860812512000001,7.910933367,7.923292479,7.9325834770000005,8.010150878,7.719695249,7.79733088,7.823594397000001,7.543486369,7.363518192999999,7.669866892999999,7.913183775,7.943159345,7.7231575370000005,8.253018844,8.198924134,7.745030214,7.789972286,7.542502545,7.64873647,7.880825756,7.584857438999999,8.239545907,8.687909542,7.876117817000001,7.732992201,7.700678397999999,7.40587083,7.87811819,7.81145778,7.882905672000001,8.195497116,7.88537654,8.241868644,7.968359313,7.9430258910000004,8.095532002999999,8.351137948,7.801354187,8.075760425,7.618106103,7.946015615,7.350482686,7.652929222000001,8.143581454,8.157772452
Ga0242637_112082,5.260571412,4.363461633,5.009507295,4.7587211819999995,4.783241701000001,4.47645793,4.708165356,4.820237303,4.780754992,4.665563422,5.020303588,4.9960046369999995,4.616297193,4.2664301039999994,4.542587383,4.4900135830000005,4.687392958,4.1660756469999995,5.73610727,6.344987747,6.389951718,8.460082325,8.011040587,8.30639729,4.857950788999999,4.988179731000001,4.373513282,5.033966346000001,5.120823571,5.135602143,6.858695086,7.616545862000001,5.569841931,5.3156082389999995,5.22071963,5.610042742999999,4.377864054,4.3045167,4.363716926,5.489094956000001,5.266368163,5.175324517,5.025201303999999,4.191477412,4.079391123,4.614185235,6.704052000000001,5.449890901
Ga0242637_112083,11.3013863,11.52137088,11.149050599999999,9.812191183,9.518617028,9.302778205,8.842603846,8.686356269,8.897033723,12.11346155,12.05714048,12.07865848,8.760416451000001,9.690956754,9.636889997,7.937560045,7.80647056,7.92311194,7.186378151,6.086052777000001,6.52137848,7.2884756070000005,6.580665552999999,6.67952201,11.63787487,11.02776944,11.72735076,11.01636645,10.18929974,10.97173162,9.817087613,9.952686099,9.819365337999999,13.20446696,12.46982194,12.75233605,7.559172932999999,7.007125982000001,7.399318742,8.01298899,12.38516334,12.27787621,12.66347804,8.019382287,8.139198127,7.946531986,7.797245161,8.150529882
Ga0242637_112084,14.45569873,14.49398907,14.33566185,13.00728592,12.95896043,12.62653773,11.96497338,12.06715345,12.10412708,15.99182523,16.18219193,15.80084273,11.77402412,12.49849272,12.24500446,11.05589523,10.85989528,10.78586895,10.90865901,10.41734958,10.4734329,10.94411377,10.17533805,10.27385914,14.78855953,14.06490444,14.882343099999998,13.80235353,13.087113800000001,13.84923608,13.18262313,13.34361916,12.95959934,16.354955599999997,15.82470923,15.97297405,10.28013467,10.24377356,10.35097079,10.26501865,16.19539183,15.9583465,16.4202036,11.06828038,11.25914959,11.04678293,10.32525696,10.31315022
Ga0242637_112085,12.56607341,12.55968194,12.38184079,11.11842644,11.05824165,10.80951448,10.11003041,10.12782933,10.16916537,14.80456605,14.86290588,14.30760698,9.972280089,10.49621253,10.37273735,9.214232175,9.138760442999999,9.217024506,9.484225989,10.10805044,10.04213699,11.02817748,10.65094649,10.26452423,13.01836978,12.27308671,13.13066148,11.64930167,11.08567007,11.81741158,11.38559076,11.72807403,10.90424931,14.52303765,13.98387615,14.01516425,7.968359313,8.020352377,8.306454001,7.948034975,14.16374944,14.08092505,14.44533374,8.703403446,9.015573109,8.775448213999999,8.062747957000001,8.005523692999999
Ga0242637_112086,12.12132275,12.197795900000001,11.98064889,10.64518736,10.51113574,10.15863318,9.304625515,9.411260301,9.591303546,14.83478441,14.69152914,14.03658497,9.534159656,10.09806599,9.847151543999999,9.129579743999999,8.945680197,9.025628966000001,9.708561632999999,10.74430559,10.68884354,12.01105784,11.82145108,11.28012845,12.2573953,11.641397300000001,12.38194705,11.14334625,10.556551400000002,11.05941601,10.74117989,10.97358944,10.40986408,14.06907317,13.41476282,13.5223693,7.473160292999999,7.53222795,7.632085278,7.336666713,13.61948914,13.60609836,13.95682541,8.124833002,8.228427643,8.002969217999999,7.822018151,7.662735163
Ga0242637_112087,8.387486665,8.601493422999999,8.576090104,8.472633664,8.424863537,8.584270417,8.679332876,8.770624838,8.668771719,8.572063326,8.867511255,8.787591769,8.556777495,8.483538138,8.427193726,9.063654632999999,9.109090964,9.176414764,9.376262789,9.459036802,9.404388819,9.587974467,9.518445766000001,9.606807954,8.846917139,8.579802958,8.794836547000001,8.908365047,9.080337414,8.98953287,9.12955116,9.193233993,9.076510764,8.692348968,8.66960195,8.970509648,8.948848583,8.759930833,9.027197227,9.083719515,8.36512361,8.51775904,8.087954576,9.23961013,9.154099201000001,8.992520727,9.139492921,8.986507473
Ga0242637_112088,10.58986784,10.56214583,10.63681902,10.81891786,10.73360462,10.80013998,10.87663481,10.91328348,11.02639071,10.94664824,11.18598692,11.08904268,10.48820982,10.50243239,10.28999747,11.40731644,11.35251001,11.40332185,11.66413667,12.20601255,12.07175188,12.21930001,12.46717079,12.19165839,11.02306865,10.83020188,10.92858985,10.98247145,11.01726154,10.98496543,10.9773315,10.98079667,10.98457673,10.75190958,10.66174674,10.9597235,10.8596507,10.88407572,10.95660096,11.27599756,10.80754152,10.99544668,10.83528982,11.00541966,11.18418888,11.02231635,11.514237699999999,11.34700805
Ga0242637_112089,11.00062083,10.99022404,10.87142374,11.00819501,11.05658897,11.06519701,11.33626421,11.26773647,11.27267387,11.10748955,11.29520131,11.11975852,11.01027538,11.05910413,10.98044025,11.68904014,11.63227195,11.86599105,12.29508615,12.51345406,12.50671363,12.91576276,13.20117233,13.0230325,11.18016315,11.10292372,11.31494336,11.20509696,11.26856335,11.48251045,11.38603076,11.44886269,11.27415886,11.00028297,11.12671621,11.13956497,11.18447574,11.41339354,11.48063502,11.93698368,11.129358199999999,11.13019213,11.29444422,11.47029994,11.41740899,11.28246323,11.93806791,12.00009269
Ga0242637_11209,12.54038683,12.38338848,12.51138259,12.47892426,12.53308652,12.56732875,12.10917675,12.15944613,12.49119264,12.93162043,12.47160298,11.98855199,12.565142199999999,12.443424499999999,12.29317276,10.97065036,10.89308258,10.95660598,11.212850900000001,9.546487385,10.01269659,8.291710092,6.976738986,7.796602482999999,13.22205029,12.91058423,13.19685174,12.872338099999999,12.66613586,11.91224597,12.31933116,12.05238158,12.52601743,13.53590709,13.00254086,12.84048424,10.01698477,9.995174856,10.21309695,13.0250304,14.04966327,13.81903389,14.21003581,12.74388088,13.19852244,12.90065723,12.90770742,13.28051135
Ga0242637_112090,9.114322162999999,9.246131585,8.984739517000001,9.068047208,8.949022632,9.063218177000001,9.434053641,9.325367729,9.299265007999999,9.835469728,11.03553936,10.47602266,8.848501906000001,9.281494755,9.076217529,9.392239384,9.375711139,9.458737563,9.542475315,9.543913795,9.497660855,10.42179447,11.16910995,10.52122466,9.274964861,9.513662865,9.476074497,9.043528313,9.048189553,9.291732903,10.46367037,10.78884338,9.716394661,10.09195372,10.56281035,10.20667543,9.27107988,9.763710273,9.671606342,10.40618808,9.018595284,8.929965741,9.10643267,9.226913988,8.613430763,8.979599445,10.14396833,10.33247791
Ga0242637_112091,7.561657812999999,7.677675643,7.473873642,7.939606938,8.030470262,7.834953414,9.07388327,9.121505026,8.769316778,10.00177259,12.03786831,11.05351426,7.39276843,7.599545859,7.737439207,8.674291477,9.050260023,9.23408472,9.394827122999999,9.693060474,9.772563018,10.15590945,11.01469952,10.35701951,8.626296461,8.972881139,8.238181029,8.267027337,7.893984128,8.315576746,10.43248593,10.89877316,9.602469114,10.35271216,11.04614707,10.51334511,9.393167552000001,9.982350826000001,9.388726825,10.54578204,8.809162002999999,8.384928089,8.55685052,8.252031954,8.211017903,8.205230859,10.24510971,10.52677354
Ga0242637_112092,7.076284421,6.809315872999999,6.9062359639999995,7.4463490320000005,7.0447323829999995,6.853883387000001,6.606046514,6.511065787000001,6.786779111,6.938461869,6.602224679,6.776311537000001,7.022106689,6.846160434,6.93615299,6.777513377999999,6.709488375,6.42801408,6.307282713999999,5.872266967000001,5.837348212,5.0133739969999995,5.674972682000001,5.434983135,7.235476542000001,7.450706567,6.629968471000001,6.864263078,7.08415517,6.868039982999999,6.541974993999999,6.252186814,6.596307766,6.616573237000001,6.822527351000001,6.713500741,6.172077286,5.754864724,6.30840501,5.955130093999999,6.936430594,6.87764457,7.212613994,6.765989407,5.962696894,6.453734663,6.008811897,5.449890901
Ga0242637_112093,7.311449518,7.115989655,7.454725573999999,6.954327086,7.088549121000001,7.162863561,6.74112833,6.8581230820000005,6.913123087000001,7.008054222999999,6.651804752,6.841918981,7.162104601,7.279458739,6.746902315,6.777513377999999,6.527997551,6.346553939,5.73610727,5.76988924,5.361928221,5.0133739969999995,4.240772454,5.138108701,6.625799302999999,6.886816532,6.707098015,6.38883245,6.28947145,6.414713711,6.437018356,6.38477716,6.298558283999999,6.626970511000001,6.551537317999999,6.777612331,6.311006991,6.126249389,6.056641552,5.701982144,7.1527909229999995,7.027862944,6.866449232000001,6.8816874420000005,7.199709733,7.031656237999999,6.065372936,5.786702919
Ga0242637_112094,9.979711648,9.691348571,10.15878415,9.839613131,9.733830588,9.808538679,9.384845383,9.392610135,9.431721366,9.42399019,9.154811909,9.372967373,9.535768589,9.596852195,9.451227978,8.658614409,8.746617938,8.680421635,8.393473527000001,8.559454407999999,8.413058227999999,8.341854891,8.503496315,8.547165572,9.076759601000001,8.896073627,9.163957486000001,9.314215175,9.639862476000001,9.611397145,9.042912761,8.974363987,9.186041841,9.567798056,9.179175505,9.428844364,8.49016093,8.487826936,8.363042437999999,7.057477574,9.536423175,9.569517433,9.113611813,9.219608565,9.292944526,9.275806006,7.144884355,7.1981723639999995
Ga0242637_112095,8.670316745,8.714222277000001,8.729972821,8.768107726,8.725953201,8.829775469,8.222778595,8.315917315,8.458982034,8.169843552,7.326757889,7.242467689,8.684117922999999,8.629153002999999,8.587861428,7.058230551,7.208805278,7.235139867999999,7.124127892000001,7.448382325,7.308046836,8.176685337999999,8.497161332000001,8.335221727,8.798917046,8.703448781,8.691186663,8.236961739,8.031901609,8.165557351,7.691325351000001,7.902612039,7.5958087,8.149409262999999,7.620838847999999,7.351776932999999,7.813657267999999,6.9555306670000006,7.5884416660000005,6.081954045,8.697121595,8.201171893,8.653609115,7.811543415,7.31831415,7.787550809,6.612265337999999,6.48545294
Ga0242637_112096,4.638419917,4.076708291,3.946745494,4.1604384130000005,4.13185483,4.151463913,4.669329099,3.956726771,4.321039304,5.2342578269999995,5.337731785,5.433484136000001,4.616297193,4.175655838,3.989110611,4.753392565,4.409928452,5.276034084,5.769137488999999,6.114150367000001,6.055767905,6.708453757999999,6.580665552999999,6.380475612000001,6.281667517000001,6.443721711,5.81749875,5.773041302999999,5.324007009,5.748832695,5.130586303,5.400153078,4.653823782,6.03251665,5.975869282000001,6.208152165,4.090071432,3.91283721,4.480248635,4.864979065,6.110405722,6.151927777999999,5.620042009,4.824331003999999,5.063055895,5.007762584,5.363917751000001,4.552351294
Ga0242637_112097,10.79696212,11.06266023,10.78338515,11.10854135,11.1354227,11.15342671,11.24229044,11.22796307,11.11622703,10.22992318,10.41357163,10.4873327,10.79473348,11.05372375,10.914023599999998,11.411219599999999,11.47028188,11.80767528,11.98524213,11.93654174,11.95568356,11.83114626,12.09382783,12.07047535,10.64132201,10.28310737,10.83013062,10.88198686,10.92180124,10.97770186,10.86692211,11.03341785,10.94497202,10.40116378,10.06565224,10.49679204,10.92318351,11.34240735,11.36117595,11.29570708,11.54428386,11.3167799,11.60830485,11.38430244,11.09684965,11.23069328,11.32505207,11.26136289
Ga0242637_112098,8.849736931,8.852755652,8.799902681,8.747407847,8.785702118,8.758958147000001,8.561828887999999,8.555536227000001,8.605579168,7.32089385,7.285500167,7.931849872000001,9.039800092,9.055571107999999,8.952167766,7.661557234,7.242847414,7.227584355,5.801422745,5.540133262,5.4081854620000005,6.078487558,6.346665849,6.2038558429999995,8.541323928999999,8.181543187,8.569226487,8.866900377999999,8.778660208,8.848951592,7.821976316000001,7.675897658999999,8.074806966,7.936272454,7.802474905,7.721108344,7.790137228,7.759743187000001,7.794538966,7.258438003999999,7.634370053,8.082640072,8.145131442,8.470895141,8.510457671000001,8.653290794,6.82345168,6.936915806
Ga0242637_112099,8.178748565,8.01435886,8.481527927,8.202150887,8.254624592999999,8.304902361,7.7606615439999995,7.919688475,7.976291947999999,6.582012242999999,7.708633982,7.54772042,8.69855514,8.476661243999999,8.42170078,7.586197478,6.995728027999999,6.767420737,6.140935227999999,4.5628060999999995,5.213380113,4.51831327,4.109167166000001,4.365241902,7.809798504,7.596578839,7.962467522000001,8.056910262,8.15400196,8.206811436,7.436449025,7.123747099,7.583538408,7.407475702999999,7.732541463,7.658685042,7.412828432,7.567011883999999,7.406518196,6.500226678,7.198422224,7.498325509,7.696713934,8.423988971,8.586681998,8.395615385,6.668036582,6.659001264
Ga0242637_1121,3.981339932,3.869455631,3.867591407,3.16318366,3.9047313960000003,1.764951351,3.4887793030000003,3.635355282,3.0232919369999998,3.450563658,4.388768833,4.429408888999999,3.9197569839999997,3.43792384,3.925317194,4.83117596,3.6967962130000003,4.098857669,4.103569772,4.287870375,4.384474106,4.737776482,5.259079827,5.587314472,4.159436799,3.652763928,3.820616643,4.2396179919999994,3.977831842,4.578634773,4.267180386000001,4.096620832,3.9907369210000003,4.243951367,4.684234868,3.775624263,4.090071432,5.0681414689999995,4.01929759,5.064189077,1.764951351,4.351588736,4.097700825,3.917653608,4.3663536910000005,3.6667322610000004,3.908340615,4.552351294
Ga0242637_11210,11.62314489,11.57425994,11.62127706,11.54751874,11.602188400000001,11.62659553,11.13039589,11.09777488,11.37593732,11.84211185,11.49383953,11.05696873,11.74336916,11.6828011,11.60752964,10.32827983,10.39317025,10.62703849,10.88164876,9.218810002,9.54983575,7.608328575,5.996728318,7.632092599,12.50018142,12.03056418,12.53109591,12.15243925,12.06319896,11.20053545,11.32078651,11.10352469,11.4478798,12.66234072,12.17728898,11.92072239,9.483904638,9.339898287,9.737292996,12.34431608,12.62810058,12.54519543,12.86488824,11.94773826,12.16466843,11.92093074,12.27648981,12.46964088
Ga0242637_112100,8.849736931,8.728933811000001,9.136598517000001,8.890633214,9.084949217,9.005246385,8.735834909,8.789757258,8.681729842000001,7.419026056,7.828356146,8.25908313,9.151055635,8.802316609,8.849542629,7.98861739,7.85128073,7.343962424,6.889771672,6.141708631,6.026528808999999,5.37897011,5.197383578999999,5.9284816639999995,8.754866703,8.397563053999999,8.832578995,8.706908201000001,8.666657495,8.854730565,8.183716322999999,7.956789685,8.381575354,7.936272454,8.399473057,8.313839922,8.26983383,7.698317935,7.969979668,7.10296237,8.492643102,8.527875352,8.716260336,9.095397098,9.365546372999999,9.003200748,7.021924626000001,6.885458696000001
Ga0242637_112101,10.11932042,10.22602044,10.14192979,10.26228528,10.27098036,10.30168371,9.975723355,9.970103412,9.967022223999999,9.146273681,9.199902014,9.648644629,10.26971693,10.15875243,10.04409803,9.401687415,9.122860433,8.854773376,8.219896544,7.824319132,7.896982322,7.236386233999999,7.344673683,7.26344423,9.914701629,9.741481778999999,10.08620581,9.836507411,9.960149572,10.10032161,9.336763779,9.332913612,9.480424387000001,9.420361177,9.422479297,9.48866722,9.227974701,9.299111867999999,9.35935836,8.286931007,9.33335604,9.353332933999999,9.447721936,10.20401158,10.30783355,10.15942071,8.470430952000001,8.327938017000001
Ga0242637_112102,11.23623702,11.02540784,11.32273653,11.55481709,11.55653507,11.58660068,11.24796723,11.40704861,11.49404163,11.01158023,10.98813,11.13618162,11.16746523,10.97010517,10.69247637,10.93530708,10.61560549,10.33363937,10.35541745,10.37018855,10.42536581,9.895520405,9.711381488999999,9.698395087,10.91838841,10.62860762,11.10501686,10.49975342,10.61738355,10.80341211,10.958521000000001,10.76778627,11.08480077,11.13006917,10.82532596,10.93842965,10.83113042,10.76183242,10.559840300000001,9.413369794,11.51904385,11.60711301,11.71893899,11.43328048,11.91006128,11.78241227,9.40292955,9.523606034
Ga0242637_112103,6.817922597000001,6.693973939,7.049310683,7.2178928010000005,6.962339012,7.268658555,6.533433323,6.946086286,6.934949771,6.645812063999999,6.667959051,6.462545639,6.5977393829999995,6.510963307000001,6.089636481,6.697865064,6.780772057,6.27495696,6.089640734,6.391612815,6.193646105,5.819219846,5.532841605,5.202656485,6.15153208,5.475604103999999,5.885600897000001,5.9321173179999995,5.821286186,6.24877135,6.200885698,6.162641865,6.690930613,7.03083363,6.693399491,6.713500741,7.412828432,7.105083786000001,6.685450226,6.331979231,6.765001227999999,6.969641547999999,6.849335065,6.651090711,6.794517034,7.128542315,6.721727367000001,6.31426495
Ga0242637_112104,10.01219883,10.04975643,9.992879478999999,10.65695022,10.6053341,10.72162591,10.28351983,10.2100148,10.37264051,10.01268994,10.17755612,9.979467306,10.15086739,10.12103172,9.870522029,10.59169742,10.41104911,10.31861225,9.691500887,9.900415243,9.716601703,9.258810453999999,9.216901343,9.355683387000001,9.824349713,9.614364298,9.967267586,9.524376335,9.721119761,9.804401457,9.450518963,9.237670362000001,9.76472987,10.31145693,9.874647526,9.814806941,10.77533766,10.90120996,10.72724978,10.57026339,10.47220052,10.39226388,10.87912671,10.29718121,10.35614465,10.3226512,10.75848504,10.69922209
Ga0242637_112105,8.030455024,7.9696329420000005,8.113641216,7.971693496,8.012393603,8.071555998,7.582083602999999,7.600125461,7.6534336960000005,7.818071841,7.769737205,7.594125525,8.031010774,7.717041387999999,7.884464877999999,7.506680518,7.771924806,7.733478177,7.668606731000001,8.241405724,8.226879888,7.858509295,8.037477339,7.689040317999999,7.668516900000001,7.413385829,7.742165435,8.33348268,8.100136022000001,8.044355092,7.535000335,7.367292872,7.474796136,8.156596268,7.767932094,7.8308608379999995,7.473160292999999,7.460036408,7.247219808,7.057477574,7.577956478,7.717510206,7.989918049,7.787036092999999,8.488950603,8.03663307,6.9337052329999995,7.065773967
Ga0242637_112106,9.790971121,9.674981826,9.788922481,9.945378089,9.998857809,10.08624015,9.620653451,9.649823175,9.761157111000001,9.735038284,9.329824563999999,9.339317539,9.59869734,9.524237675,9.401869426000001,9.885230574,9.799507021,9.624606853,9.384248203,9.834553784,9.82219793,9.577549415,9.609353137000001,9.558737452,9.621600727999999,9.421149633999999,9.570161311,9.750964097,9.852576795,9.676468483999999,9.187243639,9.195488622000001,9.398765613,9.929454348,9.498173231,9.30392024,9.688536402,9.926539978,9.635310883999999,8.87246416,9.562817806,9.514622036,9.976773093,9.835998762000001,9.96776135,9.848419827,8.942741275,8.92417316
Ga0242637_112107,7.028186555,7.093416617000001,7.210230661000001,6.954327086,6.999541192000001,6.760212871,6.768496125,6.725184894,6.674468052999999,7.42630507,7.499064617,6.941044889,7.31241343,7.48995356,7.319745954,8.577566744,8.973811331,9.230310957999999,10.60814393,11.39889012,11.20303358,11.79485808,11.10702791,11.62243234,6.650078818,6.59597934,6.656140214,7.50686061,7.123277882999999,6.999143899,6.639793323999999,6.74679825,6.883512183,8.013514489,7.73850055,7.658685042,8.916633635,8.759930833,9.008399595,8.036611838999999,6.34522705,6.709914332,6.337962407000001,6.514310011,6.510983842999999,6.573383941,8.213898341,8.308546931
Ga0242637_112108,9.546726143999999,9.529916479,9.707708686,9.690963723,9.92106719,9.795624059,9.828699872,9.847646727999999,9.676302936,8.676448607000001,10.35497672,10.14052221,8.654802637000001,8.886011427,9.008214603999999,7.682384446,7.489611742,7.551835001000001,7.587904797999999,7.52348185,7.7882254710000005,7.479830403999999,7.440261681,7.350761500000001,8.953071041,9.170306753,8.953457031000001,9.423119405,9.21131193,9.545039642999999,9.66149722,9.414535046000001,9.724796557000001,8.728966892999999,9.192257735,9.245669333,7.412828432,7.196803992,7.810906803,5.9879025189999995,8.558252953,8.823118982999999,8.102462698,9.799716324,9.826304935,9.791644235,6.452022828,5.995746939
Ga0242637_112109,9.315963544,9.387283571000001,9.334575337,9.591239501,9.43797216,9.492243947,9.2393563,9.297233716000001,9.384950435,9.031678627,8.632817387000001,8.614592399,9.012326447000001,9.165130944,9.044404847000001,8.626739686,8.710596699999998,8.522741887,8.631250427000001,9.24122392,9.187690262,10.44491906,10.13306635,10.30333131,9.241438692000001,9.260608431,9.221988849,9.225138022000001,8.942845267000001,8.938746934,9.033955717000001,8.969102264,9.157361182,8.767027856,8.55273547,8.941095395,8.706594123,8.71412386,8.695308809,8.650614886,9.803180462,9.514622036,9.583178627,9.119148034,9.329702127000001,9.268742018,8.232495291000001,8.643807576
Ga0242637_11211,13.44376368,13.3223065,13.3497454,13.36390979,13.43416238,13.41623853,12.89110738,12.92198662,13.29482304,13.79795728,13.52683678,12.92443822,13.52275129,13.31928385,13.25417018,11.96714788,11.93573578,12.06528477,12.3140207,10.83446329,11.22566329,9.739054632,8.255842937,9.489910943,14.15980162,13.68155649,14.18297639,13.79978523,13.64839392,12.68636546,13.32950955,13.20977569,13.49593004,14.29203003,13.878140300000002,13.79977206,10.87370215,11.00788117,11.24353807,14.08904978,14.78616422,14.5387376,14.96708315,13.63903437,13.96361147,13.65191864,14.022200699999999,14.30713784
Ga0242637_112110,11.2871608,11.37278544,11.29609888,11.500532699999999,11.56275805,11.57565388,11.6163306,11.50145646,11.41088785,12.31971146,12.22024237,12.0274577,10.84361619,10.86782627,10.98323945,10.93963751,10.95147567,10.80375416,10.60130929,10.70337822,10.79857331,12.74616869,13.32033065,12.40081532,12.203622,12.10411393,12.34551218,11.60669583,11.38895855,11.89867441,11.31340301,11.32510962,11.18461609,12.09599863,12.04953134,12.34303181,11.42292641,11.54458544,11.70879739,11.63888425,12.40839395,12.57690248,12.5572433,11.58061938,11.25490878,11.27322775,11.48416431,11.58383749
Ga0242637_112111,10.45092874,10.41980474,10.550049699999999,10.66064497,10.63369141,10.67366495,10.36414099,10.42486762,10.35353683,10.68296096,11.13538589,11.1051499,10.26971693,10.147972300000001,10.19981738,9.804431688,9.68351423,9.379175199,8.22583441,6.7001160639999995,7.057054459,8.091313816,7.919245018,7.248362872,11.55721964,11.477473199999999,11.47265276,11.04762897,10.85890779,11.27353349,10.25693818,10.17804568,10.15708875,11.02601449,11.19762698,11.47087642,10.57663413,10.49466626,10.36581507,10.32059113,10.87463043,11.11768866,11.01759345,10.61651094,10.87855304,10.56176138,10.18750504,10.40120989
Ga0242637_112112,11.58253384,11.72434523,11.82413759,12.92314316,12.95940271,12.9870492,13.19753539,13.25467645,13.22752311,11.40777342,13.10551903,12.27534823,13.28672609,12.98210086,12.76595516,14.01937196,14.02955006,13.92620833,12.69267766,11.79058105,11.92638035,10.89178028,10.77787164,10.91046021,11.30186773,10.94085672,11.58237262,10.87224113,11.00213336,11.13437539,11.89769922,11.64390269,12.17920241,11.95808811,12.25856703,12.10460426,14.93512465,15.33374685,14.93383601,14.77232827,14.86237051,14.33508898,14.18469683,13.45842768,13.58886839,13.48385856,14.77441298,14.97185177
Ga0242637_112113,9.556926106,9.472796917,9.552807997,9.601527908,9.605579325,9.670020151000001,10.06663598,10.03667927,10.00875241,10.3332078,10.20269586,10.11820833,9.689671054,9.579840697,9.54135679,10.39917182,10.67366514,10.75073705,11.25845559,11.57496571,11.5185776,11.51881721,11.78226195,11.46996242,10.13367725,10.25086426,10.12181555,9.881618977999999,9.899504008,9.77879485,10.58130677,10.57258586,10.45348746,9.798914198,9.896126672000001,10.16163095,10.22858343,10.01734621,10.28709604,10.21931006,9.711782961,9.787268174,9.868483414,10.35333224,10.4830326,10.18591108,10.40528834,10.01722977
Ga0242637_112114,9.088772192999999,9.301310033,9.18579826,9.07360111,9.069735364,9.210255543999999,9.219680803,9.184299300000001,9.176476192,8.7036535,8.539422108,8.698384726,9.298607399,9.430084849,9.393476282,8.124174041,7.972857097,7.639835063,6.609726987999999,5.936668265,6.084423183999999,7.4946867720000006,7.542266537000001,6.927000692000001,9.426562792,9.479473815,9.438912102,9.48289366,9.540815654,9.171865407,8.608597648,8.381978869,8.754167673,8.813233905,8.576213304,8.619309515,7.531068389,7.567011883999999,7.692227206,8.588047213,8.843060512000001,8.948912199999999,8.946777178,9.339033248,9.140370332,9.158408613999999,8.449388017999999,8.547845477000001
Ga0242637_112115,9.91113199,9.913662543,9.819172198,9.511644731,9.525005492,9.617615465,9.548883141000001,9.467292483,9.394820214,9.954744018,9.768138363,9.659592961,9.66341782,9.866927596,9.704039197,9.404823058,9.323006681,9.358579569,9.041260928,9.321553583,9.060384547,9.681805541000001,9.730409019,9.524734613,9.678709742,9.455203037,9.83477712,9.564699447999999,9.82438182,9.566326235,8.877521154,8.862465248,9.113241854,9.661703437,9.324883069,9.043967294,8.861289857000001,9.314542223,9.163001646,9.029816992,9.039630316,9.375908827,8.954794171,9.298002865,9.242430508,9.443589197,9.082549617,9.107379726
Ga0242637_112116,10.96404182,10.90858347,11.0995881,10.99410956,11.03548958,11.11991034,10.80692442,10.91491807,10.84965586,11.11876135,11.55856003,11.31300959,10.67865142,10.68850659,10.4217094,11.05489759,10.93985497,10.85856337,10.72593435,11.04930085,10.95862966,10.6091676,10.66231456,10.58561081,10.76097471,10.75079351,10.82725743,10.51235761,10.55869232,10.47986401,10.073515400000002,10.07650544,10.35047382,10.85875826,10.42461039,10.3252597,10.92318351,10.99037456,10.82246651,10.3756463,10.91161119,10.77960952,10.80899722,10.59338207,10.87855304,10.81913011,10.53328906,10.33726964
Ga0242637_112117,10.84145031,10.74453266,10.91700773,10.86127594,10.7943633,10.68707753,10.52441392,10.62985892,10.65889491,11.5705411,11.96341847,11.46167685,10.57213938,10.503560400000001,10.423771499999999,10.79895351,10.70298788,10.63704918,10.62845571,10.83446329,10.88945073,10.10842223,10.21254504,10.11048932,11.18535811,11.30359447,10.89673939,10.84046205,10.72742054,10.70368068,10.22974064,10.15968765,10.39326894,11.15405374,10.54252258,10.48724716,10.59371311,10.63032062,10.24756847,9.976351602000001,10.51638592,10.64202776,10.44640612,10.45714711,10.88130687,10.68958053,10.02989253,10.02714881
Ga0242637_112118,7.327433261,7.317697041000001,7.635641992,7.613308842,7.4988971929999995,7.483098179,7.550920972999999,7.339417472999999,7.338504287999999,7.120051687,7.471739365,7.0670811339999995,7.687348678999999,7.689544647000001,7.646163238,8.400380874,8.318307056,8.504108637,8.171492486,7.61462407,7.726079061,9.379744678,9.070988708,8.411641494,7.178230131,7.355528049,7.10864552,6.5088783139999995,6.985684795,6.856556353999999,7.126618764,7.02572502,7.236958876,7.301204394,7.397993598999999,7.2761609289999996,7.968359313,7.789501663999999,8.059457144,8.436480999,8.142077752999999,7.923145217,7.867841542000001,7.52778539,7.181940452,7.430370486,8.428033545,8.327938017000001
Ga0242637_112119,7.9655665110000005,8.250208855,7.9905463889999995,8.409618129,8.435076857,8.404159789,8.467654768,8.292632882000001,8.361684299,8.854220236,8.311867604,8.03636272,8.866514729,8.497194342,8.585407037000001,9.02341948,9.245408306,9.374053792,9.151420547999999,9.159522362,9.273975259,13.22357475,13.223168099999999,11.9741216,8.174148439,8.021304551,8.207569949,7.8166939079999995,7.998638924,7.861248282000001,8.096058154,8.321326552999999,8.117979151,8.573882422,8.357502965,8.477059302999999,9.000991257,9.262452597000001,9.198677147,9.220620328999999,9.565720954,9.225535979,9.295061846,8.671631135,8.503324219,8.408528666,9.265225294,9.197979766
Ga0242637_11212,14.63373561,14.53271288,14.76004627,14.80922008,14.88987234,14.93030535,14.37436103,14.42531097,14.815528699999998,15.4612816,15.08777583,14.40128872,14.815367000000002,14.63635229,14.47580966,13.58509709,13.42410174,13.54990312,14.34873257,13.52179943,13.760375699999999,13.69892321,13.64381541,13.25542361,15.60239579,15.10676692,15.64465677,14.81246802,14.95076754,14.01249886,15.29618716,15.182321400000001,15.30995342,15.78318728,15.47426227,15.58468827,12.57009199,12.42942234,12.670256199999999,15.28677434,16.58211369,16.42132547,16.83665996,15.31953316,15.61224616,15.38006122,15.28981947,15.47733684
Ga0242637_112120,6.851486391,7.070484317999999,6.868131067999999,6.601009441,6.952886391,6.74072472,6.946758814,6.988132255,6.750306935,7.382069232999999,7.644826432,7.056068182000001,7.698886552,7.641152000000001,7.7241107410000005,8.99872847,8.968737213999999,9.224631742,9.86321082,9.836658123,9.922569447,13.15043428,13.183281699999998,12.04234809,7.178230131,7.097633469,7.383723513,7.158277805,7.255927999,7.497402861,7.030763461,7.301804343,6.932733707000001,8.202458639,7.588210381000001,7.9008461070000005,8.533293443,8.847399187,8.97247989,9.766378185,8.504796282000001,8.351142043,8.711536444,7.05599097,6.157496936,6.766488066,9.66720838,9.732023797
Ga0242637_112121,9.343722068,9.143722221,9.261186029,9.29894876,9.060969148,9.206712154,8.787981917,8.834204893999999,8.790407069,11.32406323,11.56126221,10.4447187,11.05359591,10.61786818,10.53732583,12.849929099999999,12.71457574,12.57890685,12.87208233,12.91003259,12.92141254,15.24972939,14.81892081,14.15376321,10.26901976,9.855984303,10.2005285,11.14739231,10.22478678,11.10497857,9.275385722000001,9.318504763,9.319620814,11.84420755,10.98606979,11.47601283,12.86697454,12.88578922,12.37728021,13.47417551,13.98240996,13.56585814,13.89879393,8.411218693,8.776161467,8.901827456,13.04224327,13.50649034
Ga0242637_112122,6.041703224,5.454132052,6.1270713279999995,6.043645428,5.7922111229999995,5.825823053,5.5484716160000005,5.733916842,5.338913594,9.041188777,9.735971455,8.497429318,9.271825277000001,8.076747409,8.092377152000001,11.23920896,10.86604842,10.6833288,11.22698035,11.4193934,11.45501543,13.49408002,13.17189313,12.46701412,7.87813556,7.089767295,7.998678327,7.410071694,6.408402041,7.808618463999999,6.45056443,6.74679825,6.386063106,9.907259494,8.771907869,9.365130803,11.23324509,11.26510206,10.73370148,11.20828379,12.37774896,12.34413422,12.68442028,5.520094777000001,6.422869211,5.9686206770000005,11.03759543,11.34304296
Ga0242637_112123,9.105083537999999,8.901187092,9.068974164,8.245444462,8.273720243,8.23703876,7.943732744,8.064201429,8.082715343,11.59334553,11.94532804,10.87792843,11.4231117,10.73630885,10.7428985,13.10904625,12.96410666,12.80804943,13.27544805,13.64683846,13.63163452,15.91219123,15.85174731,14.98426643,10.3076459,9.445995177999999,10.50109727,10.150547999999999,9.915184594,10.49474373,9.296136589,9.460254772999999,9.041064512,12.28019195,11.11245013,11.50969781,13.32118571,13.2268706,12.9254512,13.4175832,14.4324119,13.97076318,14.47524992,8.073071199,8.620041163,8.160128331000001,13.22048113,13.61174906
Ga0242637_112124,13.01023607,13.0248621,13.03096279,12.58755935,12.57274685,12.56317828,12.56105734,12.58300102,12.68804642,12.22900704,12.13320703,12.86024485,12.05072747,12.44518675,12.25004927,12.30881371,12.33814814,12.5527047,13.33055476,13.7747147,13.71053577,14.55682244,15.02512009,14.47028989,12.80646996,12.56138477,12.77257922,13.65687785,13.85551906,13.754855800000001,12.89888317,13.02452876,12.7574158,11.75381375,12.00759415,12.01153914,11.34840935,11.64666278,11.70077032,12.19269757,10.9070401,10.78594519,11.55260889,12.2609648,12.41181254,12.22295444,12.29171613,12.13141386
Ga0242637_112125,13.58782437,13.555693099999997,13.70313126,13.21219885,13.24129529,13.32205076,13.38668001,13.46035512,13.60137327,13.37035631,13.70491023,14.0730394,12.93734318,13.15806041,12.83627748,13.36772389,13.28368408,13.37134973,14.37066931,15.03491457,14.94283119,15.72473874,16.108118700000002,15.54417532,13.60855685,13.17814088,13.59134375,14.26182293,14.50559915,14.48615729,13.99753874,14.07434929,13.8042274,13.25994333,13.30726368,13.32536177,12.43352596,12.53198594,12.51161597,12.87069615,12.36488974,12.50062884,12.92376127,13.32672111,13.69871714,13.43628269,13.05840126,12.95825938
Ga0242637_112126,10.04397052,10.04192336,10.04820037,10.06172356,10.06391948,10.00696901,10.19728716,10.06541922,10.13306359,9.878545424,9.84997796,9.869035503,9.807571741,9.730031874,9.819224635,9.855745229,9.788030495,10.00081365,9.774855866000001,9.732018708,9.672570275,9.002422837000001,9.356417877,9.176157724,9.546073141,9.501862699,9.664937398,9.508285741,9.683681279,9.571599166,9.574606078,9.272259523999999,9.800941022,8.974411633999999,9.058152813,9.047219023,8.980359801,9.111623521,9.480244136,8.603945391,10.16468589,10.31551105,10.519842800000001,10.35166241,9.898766219,9.951272434,8.857454597,8.514385011
Ga0242637_112127,9.055585555,9.127158747000001,9.110335761,8.808637129,8.910503189,8.854894768,8.662427433,8.763384249,8.564192886,9.56745929,8.981652791,8.959872718,8.825007067,8.748143004,8.691917771,9.011126801,8.973811331,8.835029663,8.775860453,8.930427292000001,8.87648563,8.784054937,9.247415452,9.064403053,8.911040428,9.039696862000001,8.918785098999999,8.589452077999999,8.776208922999999,8.39704455,8.605577916,8.598502473,8.539158107999999,8.636903132,8.349739076,8.33793925,8.384200191,8.626168997999999,8.750084474,8.170757829,8.899380875,8.703264068,8.950791243,8.66626704,8.697089636,8.64785593,8.244761367,7.922914638
Ga0242637_112128,5.920178385,6.10944248,5.60685945,5.029684248,4.9074591430000005,4.96008775,4.953460831,5.030295955,5.371488498,5.479362917,5.118479175,5.532647821,5.7918038570000006,5.699327078,6.130709642999999,5.280820142,6.0773473860000005,6.517562999,6.476448887999999,7.029610664,6.952325925,7.338747958,7.748385282,7.233122031000001,5.762789337,6.231074587,5.770229216000001,6.16946674,6.382810167000001,6.040944895,5.130586303,5.899744585,5.354349848,5.575031186,5.287778339,5.055180197,5.152609088,5.25189535,5.751104422999999,5.292467671,4.944709092,4.823235936000001,4.5964761439999995,5.341992759,4.230481,4.863306925,5.6501581739999995,4.871888998999999
Ga0242637_112129,7.434615889,7.465616597,7.5659753510000005,7.8080562979999995,7.721097597999999,7.715342149,7.407510908,7.345897666,7.49356723,7.524530769,6.746118336,6.51177938,8.017253636,7.645247336000001,7.646163238,8.642765087999999,8.418474998999999,8.376745852,8.207946967,8.014811191,8.161305644,8.139364853,8.186663838,8.043662846,7.2671959820000005,7.174019994,7.0895771729999995,7.10217414,7.168864803,7.203276837000001,7.395061376,7.375273631000001,7.275615332,7.749252222000001,7.312677018,7.8863919739999995,8.088914303,7.969264771000001,7.8641622,8.430549724,8.82863001,8.281098854,8.633771271,7.46736593,7.543713017999999,7.096965311,8.292808402,8.390754503
Ga0242637_11213,13.48218152,13.16442479,13.37499511,13.26078025,13.18643406,13.15686873,12.38419284,12.26468064,12.64631124,14.28632728,13.55327378,12.65331227,13.26615656,13.34263565,13.1859491,11.67547307,11.60514364,11.70298959,12.87727823,12.81530846,12.89392278,13.88091678,13.94253739,13.46472239,13.54521345,13.29128915,13.87120563,12.92547581,13.00405615,11.90286389,13.053545800000002,13.10708408,12.93672694,13.89182996,13.71945748,13.16418212,10.271669699999999,9.800704592999999,10.12858286,12.97165872,14.69431165,14.481010199999998,14.86702518,12.69697814,12.94904724,12.71629062,12.75798682,13.21953217
Ga0242637_112130,5.003826086,4.363461633,4.693531291,4.866546745,4.739261539,4.77845092,4.953460831,4.857499627,4.321039304,4.852780008,4.6764910319999995,4.7960525910000005,10.16236976,9.126113751,10.05122968,14.23906556,14.50870449,14.73598837,15.03037519,15.21672207,15.17929097,15.62728823,16.24125741,15.67702376,5.4933045510000005,5.523343122000001,5.4481850220000005,5.843389882,5.120823571,5.096740307,4.742474206,5.4617641070000005,4.874449673,5.415492675,5.287778339,5.380412832,13.19983751,13.6272224,13.76559545,14.535314999999999,4.621105128,5.369221982999999,5.401527766,4.936962314,4.982365562,4.36583428,14.67545925,14.48831752
Ga0242637_112131,4.529878847,4.198816504,3.783277731,3.9748242310000004,3.9047313960000003,3.803363006,3.667967475,4.025988985,4.016152236,4.326727,3.516347495,4.024865287,4.216089736,4.026822059,4.457275895,6.352437029,6.221139128,6.767420737,7.124127892000001,6.922652875,6.500291077000001,7.371314461,8.113998700000002,7.433090161,3.425532893,4.549828091,4.2374047710000005,3.720385549,4.685497855,4.329301877,3.987546693,4.509011222,4.066401976,4.789010363,4.208962548,4.359429817,5.650022798999999,5.335555734,5.331952749,5.815991866,3.761569239,5.067434938,4.962237235,4.309901821,4.489924871,4.061967078,6.341975574,5.748692192
Ga0242637_112132,4.529878847,5.075358701,5.207248198,4.641876781000001,4.646911621,4.61399296,4.853537622,4.963699583,4.625687201,5.267307644,4.739976276,4.7960525910000005,5.040895261,4.578977647,5.084245838,4.904869941,5.117168106,4.98190923,5.218180433000001,5.581083416,5.90322142,7.7512620089999995,8.019906792,7.498278656,4.471220857,4.988179731000001,5.322368268,5.5940514310000005,5.453188999,5.59087327,5.590347098,6.106106572000001,5.544619892,5.575031186,6.1292320160000004,6.061137782,5.540984152,5.69298164,5.26970062,5.661866713999999,5.7497599379999995,6.228513816,4.8271728110000005,5.169295167,5.139386515,4.900834924,5.824370985,5.449890901
Ga0242637_112133,5.740242287999999,5.454132052,5.918747099,5.256901236,5.092846127,5.3712010779999995,5.294594394,5.26914868,5.126023564,6.160561775,5.816465234,5.712434593999999,5.213194683999999,5.341670188,5.4313862429999995,5.224692397,4.211803736,5.120220928999999,5.398451337999999,5.998300844,5.73248443,6.331543479,6.428968772999999,6.1721872939999995,5.4933045510000005,5.569536649,5.386665998,5.325055145,5.616384732999999,5.72368813,5.407155786000001,5.605065865,5.065064829,5.678973714,5.849026537,5.537529792000001,4.615431697,4.464627463,4.867664457,4.002277801,4.526930893,4.823235936000001,3.9712646019999998,5.314628667,5.527144606,4.973014093,4.602649512,4.135802667
Ga0242637_112134,9.109710246,8.966784192999999,9.308156679,9.175255138999999,9.000361512000001,9.076869136000001,8.618024099,8.847961152,9.009226229,9.057682155,8.582625484,8.676990748,8.630913757,8.873849836,8.791101886,7.92013118,8.158130858,8.119534652,8.029341869,8.169758152,8.343810636,8.129881864,8.255842937,8.136661327,8.788029927,8.829181156,8.659228027000001,8.655882346,8.690285447,8.466627695,8.581189745,8.510689738,8.810515827,8.926870215,8.50809327,8.944587188,8.33629196,7.9430258910000004,7.789041472999999,8.319391719,8.833456235,8.760151541,8.492216953,8.692890241,9.103108127999999,8.864828256000001,8.150117457,8.468528325
Ga0242637_112135,8.641849126,8.552711588,8.766655627,8.749722557,8.558549892,8.556698959,8.39055798,8.515871366,8.462740681,8.274351869,8.301560594,8.405026401,8.727003191,8.506227176,8.604926221,8.013483836,7.724537455,7.445142849,7.136794931,7.115364884,7.071413057000001,6.985989784,6.650909872000001,6.4348352570000005,8.614019446,8.465973215,8.382189249,8.457858128,8.626396623,8.432255675,8.304096309,8.141216985,8.42002928,8.283476941,8.206634679,8.467381702,8.029896101,7.682543879,7.749960747,8.300003086,8.086554298,8.162733579,8.028417061,8.580466911,8.782068105,8.516844933,8.076538754,8.275637638
Ga0242637_112136,9.46963794,9.59961011,9.510178512000001,9.485495874,9.339924121000001,9.375591095,9.290548952,9.270243849,9.334562525,9.518936554,9.183157947,9.302537595,9.324901359,9.436005196,9.16600952,8.779504748999999,8.56688997,8.550248077000001,8.613243557999999,8.878261116000001,8.779302934,8.715976365,8.357264065,8.565527111,9.330417547,9.42271508,9.477907723,9.209742027,9.43290863,9.252873306,9.448835123,9.365317529,9.393505151,9.470238586,9.152649663,9.441256235,8.8836828,8.774882185,8.70409708,8.868082366,8.857348086,8.963892216,8.889374917,9.360780218,9.373392245,9.339558508,8.697108911,8.628250697999999
Ga0242637_112137,8.827439497,8.859456468,8.941848989,8.322109349,8.372683156,8.298257897000001,8.130952877,8.151846317999999,8.177254376,8.639358427000001,8.160402064,8.959872718,8.569401172000001,8.776417717000001,8.61699293,9.002873098,8.818891792,8.835029663,9.179225207,9.469923564,9.518757786,9.958474337,9.451220578,9.483488052,9.017406262,9.025343066,8.812378923999999,8.982714599,9.388663888,9.129589176,9.331290622000001,9.377283775,9.034320272999999,9.28099641,9.121073507,9.500576996,8.615871965,8.642564862,8.520594127,9.281196352,6.9183599120000006,7.2148940679999995,6.883362422,8.972571474,9.329702127000001,8.955605578,9.303836837,9.332053721
Ga0242637_112138,12.13840408,12.02330512,12.08469967,11.52506174,11.52142112,11.59678842,11.73599888,11.74940399,11.82124919,12.54364325,12.23825291,12.43333942,11.64020366,11.71383345,11.691227900000001,12.18205034,12.31509506,12.43058035,12.97612965,13.602852300000002,13.49842322,13.72513424,13.427273499999998,13.44254324,12.62280645,12.79295695,12.34877166,12.98482391,12.89940634,12.76364996,11.99523142,11.96091765,11.89364141,12.34374483,12.37882564,12.32120496,11.61751324,11.50478464,11.63144246,11.99790961,10.81610024,11.09405487,10.78671465,11.86470669,12.07970337,11.80578138,12.23328861,12.04423118
Ga0242637_112139,7.389652676,7.483083294,7.334167221,7.5562524820000005,7.599211319,7.710345014,7.666886817999999,7.668922009,7.463860347000001,7.524530769,6.68393407,6.749208058,7.319906372999999,7.480815442000001,7.481650168,6.758010548,7.225926855,7.508854818,7.452637006000001,7.34569445,7.532161574,7.914815751,7.947402348,7.765167817999999,7.692072984,8.089918102,7.698798113,7.082976767999999,7.213053747999999,6.890736153,7.821976316000001,7.972653892,7.501130241,7.268396496,6.74170554,7.196357119,7.179241362999999,6.846441292000001,7.112811265,6.280056735,8.165234408,7.89215112,8.051032628,7.5336903710000005,7.442892986,7.436689682999999,6.341975574,6.48545294
Ga0242637_11214,12.90952547,12.76588205,12.84040667,12.66884532,12.6894932,12.67670449,12.26886838,12.36415477,12.55309719,15.37892012,15.57489499,14.38900672,11.64132501,11.79967621,11.7102189,10.02831497,9.931847841,9.930458245,10.63069502,11.33631556,11.21358439,14.00911416,14.03903678,12.76785157,14.41858384,13.91113291,14.67908956,13.200730100000001,12.77985391,12.78707072,13.32893754,13.37404464,13.12848088,15.29270317,14.56114557,14.75282681,10.20210016,10.50814942,10.56064693,10.94988259,15.91178262,15.69817413,16.01285767,12.36581374,12.44383422,12.33011478,10.8068498,10.92502353
Ga0242637_112140,9.351555949,9.411803447,9.244563973,8.614014755,8.654909877,8.573304992999999,8.693667219,8.585953903,8.79935222,9.115093874,8.401459098,9.051389435,9.053343162,9.210047226,9.084931289,8.935086204,9.251688563,9.512552032,10.07864595,10.17278021,10.28927111,10.86345439,11.22096287,10.69944395,9.150864106,9.223367807,8.976981647999999,9.403920375,9.750136598,9.562800211,9.419904962999999,9.478885141000001,9.041064512,8.530285062,8.920809302,8.960196494,8.827034865,8.514796974,8.668618106,9.087493709,7.781508475,7.915458918,7.893097561,9.113246859,8.873426115,8.850705181,9.175175882000001,9.002684889
Ga0242637_112141,10.02450166,10.01416777,10.02675803,9.399664162,9.473087666,9.422168285,9.565865156000001,9.626069953,9.618513046,9.831364652000001,9.444330208,9.854816131,9.401024504,9.794123048,9.836871172,9.441928597999999,9.594082343,9.792676796,10.43701321,11.03379366,11.007954199999999,11.70193248,12.02669543,11.65280216,9.97113634,9.93489519,9.759908745,10.61359699,10.85542876,10.72276495,10.11763457,10.15158197,9.877041361,9.370243585,9.697892139,9.629823112,9.279548484,9.344916455,9.231466823,9.957914781,9.40966496,9.05414949,9.67823854,9.471019412,9.489843975,9.424646314,9.611469507999999,9.894724648
Ga0242637_112142,10.01959311,10.07204245,9.83406248,9.320908066,9.276971583,9.317637759,9.506209275,9.282114096,9.139384564,9.01004875,9.013574232,9.639457117000001,9.404551124,9.798725139,9.9660637,8.491692741,8.593506683,8.713238229,8.979346767000001,9.345396713,9.28325151,10.076695599999999,10.53823257,9.981969912,10.04501097,10.05583852,10.17927887,10.9005983,11.08863644,10.92649249,9.340401049,9.480735013,9.26497783,8.858005737000001,9.360087618,8.975638706,7.473160292999999,7.969264771000001,8.279266563,8.300003086,7.519245367000001,7.424416872999999,7.556203486,9.063108383,8.906246852,8.922229912,8.156623975,7.82622126
Ga0242637_112143,12.68748353,12.49732306,13.05975181,12.31725569,12.37895463,12.32902932,12.04959559,12.23401748,12.43920561,12.49386711,12.83353408,13.25689301,12.69591207,12.62243181,12.47668597,12.52703846,12.1559584,11.98301939,12.68299967,13.20354889,13.1028406,12.99916949,13.05950452,12.78753728,12.8641351,12.70193531,12.73589777,13.4047595,13.62022698,13.54594167,12.58342784,12.49754427,12.60266673,12.67240251,12.97189304,12.88204867,11.90158443,11.71511526,11.34768638,11.40030304,11.40534142,11.99532601,11.48778624,12.3304327,13.02042408,12.56484589,11.51740041,11.49942701
Ga0242637_112144,9.210070997999999,9.341750382,9.407732855,9.247464229,9.222982749,9.143250997,9.164147209,9.160611355,9.203682165,8.938060651,8.645097149,8.87160198,9.769788022,9.661950483,9.660399631,9.007005852,8.895759287999999,8.771529021000001,8.455429257999999,8.480900461000001,8.531973594,7.7512620089999995,7.440261681,7.9811988739999995,8.785295259,8.602082162,9.00776269,9.07542906,9.231135287999999,9.122421098,8.992946202,8.819256301,8.967446982,8.781045735,8.688191264,8.621492718999999,8.547389017999999,8.818828337000001,8.680541652,7.7994542639999995,9.432110341,9.350485942999999,9.442029926,9.301466989,9.493448358,9.221963184,7.638943245,7.546129366000001
Ga0242637_112145,9.681800071,9.817146754,9.670860329,9.563878062,9.642771271,9.622942431,9.586495345,9.661554715,9.616827405,9.535853525,9.483606539,9.704337237,9.84957512,9.886083263,9.818179851,9.706184514,9.709601518,9.698851387000001,9.731695514,9.62407334,9.639243881,8.965584555,8.855154005,9.172169415,9.13161567,9.312195063999999,9.269332348999999,9.692036211,9.774902767,9.70073464,9.551255733,9.606359762,9.419617714,9.294089051,9.123352011,9.217081773,9.296337997,9.278277918999999,9.456170372999999,8.753974559,10.28053878,10.14690961,10.34939963,9.474092439,9.31348093,9.553756176,8.762548091000001,8.704409707
Ga0242637_112146,11.47950743,11.49471911,11.41681633,10.96053212,10.987724,10.96178973,10.83467522,10.78150977,10.80001339,11.14325361,11.6349387,11.55453659,11.13333508,11.32590795,11.23454497,10.74554168,10.75843439,10.75007833,10.71013846,10.67072321,10.69580694,9.955793581,9.621052548,9.930956626,11.36549657,11.46651105,11.27754282,11.36900286,11.62588187,11.39945365,10.80640704,10.92414547,10.71409299,10.92863422,10.76823037,10.77692901,10.02204043,9.975895807999999,10.10333968,9.545461363,10.11995955,10.21891884,9.857835008,10.65898723,10.82663539,10.64458629,9.789456292999999,9.565047215
Ga0242637_112147,7.057237513,7.556418422999999,7.298808348,6.569871344,6.52541314,6.095503411,5.610527957,5.60965673,5.305575205,5.638974087999999,5.377795913,5.92163303,6.101750028,6.287818112,6.061586635,5.485497969,4.687392958,5.468932242999999,5.355480453999999,5.581083416,5.213380113,6.5466481420000004,6.166412467000001,6.1721872939999995,6.250221922000001,5.8935302720000005,6.338170869,6.523203402999999,6.382810167000001,6.577537127,5.816996737,5.784238267,5.544619892,5.901372141,5.9348228039999995,5.96786824,6.018255341000001,5.335555734,5.170885915,5.394172671000001,8.404576934,7.09747948,7.4353141570000005,6.735551721,6.646816487000001,6.58481933,5.363917751000001,5.299807274
Ga0242637_112148,6.135659831,6.369853539,6.3089635610000006,6.516428697,6.349131116000001,5.788245009,4.985251777,4.857499627,4.569903974,4.506527245,4.388768833,4.7960525910000005,4.801831877,4.9722799339999995,5.084245838,3.892319216,4.281103862,4.230088347,3.409865375,4.926323084,4.384474106,5.37897011,5.318206933,5.538322247999999,4.725186993,5.0872886280000005,5.10991984,5.5940514310000005,5.638247326,5.645488592,4.601460261000001,4.7778405589999995,4.50244731,4.826076093,4.957334987,5.081055200000001,4.090071432,4.3045167,4.167803702,3.860946852,7.600787457999999,6.177912815,6.796737374,5.678411545,6.228573506,6.224257606,3.2361992219999998,4.007957471
Ga0242637_112149,8.84141573,8.964714062999999,9.09599371,9.157931342000001,9.217076552,8.932028507,8.34587611,8.202699602000001,8.308370737,8.112351125,8.084279561,8.43931625,8.977231836,8.462808309,8.327910082999999,7.9633146560000005,7.926496594,8.098985172999999,8.644609581000001,8.849370176,8.928650894,8.644525014,8.509803598,8.66537923,8.49855432,7.72396797,8.171771361000001,9.911834645,8.723745626,9.512508991,8.296625814,8.08394704,8.180407018,8.246907515,8.494074539,8.599510546,8.217900238,8.020352377,7.930578289,7.515464463,10.09405225,8.615864578,9.307636691,9.625490211,10.1083787,9.298527966,7.502554396,7.184048004
Ga0242637_11215,13.28664537,13.27087714,13.28529467,13.02519015,13.15331215,13.16681851,12.61068362,12.68487298,12.85695876,15.11708556,15.62531586,14.586400699999999,12.22189571,12.34003136,12.26699429,10.39128915,10.411984,10.46628865,11.30756982,11.68300166,11.73796521,13.71387421,13.36515097,12.81976138,15.07115937,14.5158448,15.16820382,14.120492,13.59524106,13.6041327,13.37820438,13.45860348,13.32582987,15.35083269,14.85875406,14.70553812,10.93930722,11.41578012,11.4535316,11.4078692,15.91092675,15.56590372,16.07709763,12.74769503,12.77968723,12.54524911,11.36211413,11.52904714
Ga0242637_112150,10.24975044,10.47174717,10.30578337,10.3093341,10.21182255,10.14110469,10.05742881,9.979506903999999,10.08754071,9.887799204,9.833977243,9.869035503,10.30599639,10.52093266,10.3396262,10.70795663,10.63174603,10.76775924,10.96387488,11.14070282,11.02187458,10.9985278,11.23625725,11.12475022,10.39543944,10.35783561,10.43091023,9.880230386000001,10.14438995,9.991751758,10.04035622,9.96330983,9.964779754,9.718648775,9.415058822,9.596917616,10.04705634,10.07586258,10.39143063,10.40618808,10.18936584,10.16484659,10.33718537,10.18350725,9.694724058,10.02858101,10.33819241,10.36256017
Ga0242637_112151,11.64761032,11.80927843,11.60147036,11.03121084,10.93352833,10.9945225,10.72497744,10.65420259,10.80889887,10.78836532,10.72926649,10.98335523,11.32928366,11.76411526,11.55518968,10.91455811,10.97886313,10.9943643,11.17729276,10.82389475,10.84941883,10.97885749,11.13789396,10.88996616,11.2994741,11.32300443,11.42546192,11.57486085,11.73466506,11.69551914,11.05575459,11.12319882,10.92505819,11.25249469,10.9873212,11.19338642,11.08169386,10.77118233,11.10221382,11.01176789,9.896067612000001,10.16970004,9.992434977,11.14548081,10.88405546,11.14552807,10.98738739,11.05093051
Ga0242637_112152,8.33312772,8.065488405,8.097274485,8.57015762,7.913585019,8.467716324,8.821002627999999,8.959877711,8.261667142,8.832475998,8.574087707999999,8.268650221,7.5218136520000005,7.677597896,8.050278537,8.793927817,9.10678322,9.435981645,9.024327399,8.845195256,8.892738324,9.985011427,10.16738122,9.993316514,9.70499207,10.19241504,8.886023291,9.593795421,8.746463927999999,9.435553088999999,8.300365897999999,9.068396166,9.045543217999999,9.415876301,9.505179278,9.187916228999999,9.424051731,10.13789163,9.323688528,11.1758579,8.908557474,8.871585926,9.152470903,8.116989565,7.637941192,8.546355085,9.930897965,10.01722977
Ga0242637_112153,3.3323533810000003,3.79233372,3.5957216260000004,4.101398217,4.325924049,3.880786982,4.028820076000001,4.5271795930000005,3.618475267,4.042654659,3.3486969460000005,3.9268758439999996,4.402065233,3.7337995019999997,4.366319211,5.16625283,5.153734003,5.120220928999999,4.895776856,4.067851648,4.384474106,3.9332210489999997,4.668031599,4.24518793,3.143822338,3.741635782,4.2374047710000005,4.439115107,4.176888662,4.259162309,4.829143013,3.925246862,4.50244731,4.630055126,4.278211688,4.359429817,5.152609088,5.335555734,5.362085789,7.010509938999999,4.3167515430000005,4.03641017,4.097700825,3.991601604,2.792585865,3.5704800810000004,6.5931841129999995,6.885458696000001
Ga0242637_112154,7.389652676,7.216893082,7.375483827999999,7.163347551,7.105709412,7.0166408989999995,6.9783475610000005,6.96305222,7.019092433,7.017727132999999,6.971043474,6.6054638070000005,7.251024861,7.341358828,7.492173284,7.293070644,7.348239052,7.539685136,7.174141366000001,7.369154476,7.355744045,7.106981535,7.504855366,7.3787301020000005,7.235476542000001,7.355528049,6.905553767000001,7.339041722999999,6.96859828,7.040321433,6.775084195,6.79521804,6.690930613,6.966821997,6.765264074,6.530215233,7.104904802999999,7.240564003999999,6.90478613,7.361827081,7.040338294,6.796220224,6.949096485,6.606926023,6.646816487000001,6.683843897,7.363200292,7.30644456
Ga0242637_112155,10.66408907,10.79258825,10.55679765,10.48839865,10.38072091,10.54137111,10.75262336,10.72548304,10.75397946,9.690407168,10.69325801,10.73342812,10.02478193,10.28022343,10.60915441,9.055696878,9.454050248,9.628912958999999,10.00114553,10.26473502,10.35672756,10.41595493,10.2086734,10.16368275,10.42911359,10.63941887,10.35812881,11.47168729,11.17583478,11.39747555,10.92983723,11.13616741,10.94137171,9.766402734,10.45296751,10.49143082,8.948848583,9.152266782,9.447474306,9.43722842,9.412892903,9.142386429,9.585762147,10.69103412,11.04498645,10.75422931,9.625607419,9.526406125
Ga0242637_112156,6.516865246,6.80004919,6.671939309,7.177178627000001,6.990330323999999,6.950338401000001,7.419063396,7.358771302999999,7.019092433,6.48765592,7.02218549,6.679129400000001,6.5977393829999995,7.051518300000001,6.981689304,7.586197478,7.552028101,7.785849148,7.677301022999999,7.554507195,7.71697825,8.139364853,8.113998700000002,7.944251647000001,7.243472088,7.574208512999999,6.948527253,7.462994747000001,7.123277882999999,7.382049995,7.270899603999999,7.224388059,7.461446471,6.933716975,7.134284602,7.3198545479999995,7.349860838,7.105083786000001,7.35535017,8.363643346,7.600787457999999,7.0700351679999995,7.909692476,7.135823863,6.672509707000001,7.26265461,7.984447166,8.060657615
Ga0242637_112157,7.575106599,7.477284544,7.571911216,8.248721526,8.117603549,8.350575812999999,8.49519485,8.380445006,8.477678082999999,8.229298242999999,8.561185539,7.675506492999999,7.994029372000001,7.953371476,7.872433775,8.183809212,8.236224343,8.056986409,8.548388119,8.309662011,8.390343091,7.738837951,7.811026153999999,7.944251647000001,7.972525702,8.109492605,8.078183165,6.6975096679999995,6.870818067999999,6.748862239,8.931572988,8.833803565,8.732109142,8.66741019,8.706544065,9.412547617000001,8.693977946,8.496873095,8.500555287000001,9.457785866,10.35961506,9.861136991,10.29043822,8.930682405,8.474432313,8.762933659,9.054954606,9.662451028
Ga0242637_112158,6.32298345,6.31881479,6.649642527999999,7.077451646,7.071181994,7.282195487999999,6.8476104929999995,6.97146084,6.977635342,7.257006541,7.253762881,6.635383967,7.4553368220000005,7.123763842000001,7.089605118,7.025990104,6.792316968,6.808532946000001,7.0456941429999995,6.05739422,6.366830345,5.243817781000001,4.668031599,5.434983135,6.952933762000001,6.802677335,6.768359053999999,6.659117934,6.529946292999999,6.0810380120000005,7.509371657000001,7.215523833,7.571162792000001,7.466513907,7.435165134,8.236180739,7.813657267999999,7.5840941310000005,7.189952047999999,8.067518867,8.733723493,8.220013601,8.278879689,7.585774307,7.301956592000001,7.325303806,7.62961768,8.390754503
Ga0242637_112159,10.27159153,10.37062027,10.34095821,9.997924223,10.07266758,9.98748427,9.67945105,9.80244263,9.682762477,9.493183224,9.618417499,10.01967848,10.38755763,10.27890647,10.27940809,9.475123457,9.493447859,9.485895713,9.335658919,9.058561479,9.140831954,8.406112933,8.170829459,8.377406293,9.726534071,9.650886971,9.743238362,9.925362584,10.27426277,10.19104823,9.521125502,9.522640241,9.487025151000001,9.464459375,9.455407037999999,9.502947198,8.894750252,9.039169138,9.231466823,8.376041256,8.908557474,9.098942491,8.785322889,9.907073181,9.882364506,9.906462869,8.670078754,8.288891595
Ga0242637_11216,6.530750531,6.10944248,6.3089635610000006,6.39136133,6.405708415,6.760212871,6.456959832999999,6.48779165,6.580623502999999,6.968699735,6.404246792,6.227265922000001,7.628232422999999,7.331224992999999,7.307880228999999,7.319907353,7.165089685,7.5638833320000005,7.916382691,6.954031085,7.207638899,7.2884756070000005,6.627873937,7.0008682339999995,7.365713172,7.845687262,7.136783104,7.485094512000001,6.96859828,7.194184719,6.709027419,6.38477716,6.46854692,7.121815267000001,7.601350506,7.105645374,7.71718383,6.817827167999999,7.332852503,7.5377125110000005,7.271403502,7.391543735,8.291596887999999,7.391352554,7.73859095,7.551773487,7.429194995,7.751589199
Ga0242637_112160,7.382020542999999,7.5453760579999996,7.64129841,7.5562524820000005,7.823145632,7.465409016000001,7.453175558,7.145024423,7.322039585,7.850894318,7.6529585110000005,7.261765471,7.693129156,7.899535094,7.939319833,7.661557234,7.1827353689999995,7.015797627,7.0456941429999995,7.34569445,7.29587177,7.403161433999999,7.614296792999999,7.138128712,7.809798504,8.147862198,8.083009652000001,7.17650391,7.161366427999999,7.040321433,7.463395061,7.623262447999999,7.385728137999999,7.650881547000001,7.1611614889999995,7.2538071529999995,7.613790029,7.38403829,7.656443894,6.253374702,8.275748923,7.844374008,8.246587309,7.52778539,7.145730761,7.504431885,6.3189180579999995,6.390139383999999
Ga0242637_112161,8.755451997,8.760303242,8.602421312,8.067596215,7.961481786,7.970693105,7.774216217999999,7.9750690760000005,7.730298764,8.089613717999999,7.938896147,8.553291515,8.556777495,8.748143004,8.673548239,7.7231575370000005,7.482506797999999,7.315736935,7.05906653,6.6814841320000005,6.6224148529999995,8.597141235,8.899061063,8.254525462,8.996278392,8.889295809,8.846836374,8.792078022,9.105940111,9.098266952000001,8.207813191,8.413313261,7.975018335,8.496699914,8.579536302000001,8.500972996,7.142552369,7.128566922999999,7.173162972,8.177856802,5.867785784,6.81287756,6.4329998989999995,8.197292386,7.920987995,7.901564231,7.772039137,8.045118957
Ga0242637_112162,10.47443671,10.315644699999998,10.49020637,9.9852116,10.13455287,10.08527567,10.04070637,10.0683599,10.04805907,10.39570326,10.69128577,10.96287721,10.08096043,10.263674400000001,10.0069845,9.959612474,9.733730682000001,9.592629768,9.197468313,9.285033312000001,9.106404656,9.979742916000001,9.816877386,9.410881912,10.7817024,10.69229221,10.62207715,10.93042284,11.18464133,11.02587573,10.15529123,10.28883176,10.04971777,10.57146135,10.62603871,10.30774274,9.137696637000001,9.267747017000001,9.097808822000001,9.830839708,8.581390066,9.098942491,8.577767101000001,10.07637227,10.53816709,10.19245836,10.02100647,10.126455300000002
Ga0242637_112163,9.70185595,9.518672062,9.796544582000001,9.456032146,9.486243337000001,9.609587952,9.645444321,9.773903886,9.384950435,9.799498217,10.09343482,10.27237244,9.05558803,9.029181624,9.017347637,9.256502401,9.211443883,9.120426566,9.116692791,8.861822926,8.818114341,9.126802908,8.840216231,8.6539844,9.993817066,9.874405376,9.886760152999999,10.32092487,10.35449917,10.38521622,9.290506799,9.280778767000001,9.337993339,9.820565533,9.747479724,9.590245483,8.41527722,8.626168997999999,8.410351752999999,9.113640155,8.303843306000001,8.937574212000001,8.711536444,9.221438392,9.259465804,9.361305561,9.271233213,8.753036456
Ga0242637_112164,12.26900419,12.1468981,12.10069339,11.67720536,11.64534216,11.65677341,11.78841525,11.80599553,11.93045238,12.45925926,12.37139013,12.48631305,11.59075508,11.79783837,11.72227676,11.66439598,11.71224295,11.8073587,11.52118569,11.68708929,11.72497602,11.53057462,11.33012302,11.40857075,12.915525500000001,12.93547051,12.60969652,13.14703886,13.15648975,12.94861173,11.90108958,11.98750782,11.83502318,12.31693585,12.13867196,12.01548723,10.89590365,10.71221132,10.94367316,11.36264419,10.78030728,10.9936231,10.37949036,11.76378998,11.92948256,11.65377732,11.34797194,11.35411786
Ga0242637_112165,9.069901985,9.068605604,9.087733775,9.03426713,8.917804367999999,8.870654998,8.489728738,8.585953903,8.416977292999999,8.412671556,8.586875496000001,8.618338567,8.933959273,8.838526581,9.079709352,8.116543236,8.098978561000001,7.92311194,7.4322337439999995,7.481048008999999,7.401913389,6.682717975,6.100925536,6.7668268760000005,9.010397965,9.175887217,8.675295849,9.240371439,9.146361826,8.908506089,8.784456242000001,8.728750355,8.660918316,8.826811961,8.760241726,8.712375404,8.029896101,7.969264771000001,7.732882095,7.446583027000001,8.275748923,8.30482653,8.246587309,8.395095193,8.606789929,8.395615385,7.221390161,7.357675907000001
Ga0242637_112166,8.230650114,8.519249052000001,8.165585677000001,8.352888209,8.163373927,8.294924151,8.436740708,8.258703504,8.226725134,6.907575631,7.386511342,7.222908003,8.149253979,8.198778053,8.440835266,6.834485387999999,7.025373799,7.189200961,5.480689365,4.067851648,4.475808083,4.927376411,4.360694114,4.924648265,8.190777894,8.082013302,8.158114448,8.369560744,8.341437728999999,8.39704455,8.047923536,7.828993892000001,8.117979151,7.6860797629999995,7.732541463,7.606724541,7.412828432,7.2830344,7.82709094,6.9783253720000005,7.61206879,8.005096383,7.798246267000001,8.516323893,8.328691121,8.186609239,6.839728414,6.795387807999999
Ga0242637_112167,10.90471352,10.899942800000002,11.02043522,11.01012708,10.96499786,10.96284036,10.97085796,10.92576826,10.92173941,9.617584819,10.23960268,10.37336139,10.97750144,10.98875244,10.9564252,9.98497536,9.979293369,9.749825494,8.460474092,7.718722349,8.01305661,7.608328575,7.301683833999999,7.548386974,10.581107800000002,10.52602208,10.75425904,10.90196742,10.8201691,10.92786365,11.10789968,11.20995045,11.04565444,10.0816088,10.56616408,10.64900984,10.26315478,10.29393616,10.22535764,9.326613076000001,10.48452538,10.66627025,10.66372658,11.15412844,11.30909015,11.2192884,9.46190332,9.523606034
Ga0242637_112168,5.8772684,5.753059007,6.220894069,6.318261649,5.894779528,6.3739876010000005,6.116751192000001,6.415620744,6.184406567999999,5.638974087999999,5.4167632679999995,5.3988349929999995,5.955134826,5.584067729,5.59734973,5.577775439,5.475376129,5.305244467,4.954887797,4.067851648,4.561457885,3.735313503,3.3872535110000004,3.967222743,5.4933045510000005,4.918013547,5.6707321020000006,5.53850578,5.722500414,5.6980937670000005,6.168442197999999,6.269445075,6.400143138,5.596433381000001,6.073623614,6.035102217,5.540984152,5.69298164,5.47661902,5.064189077,4.870542887,5.796717903999999,5.4929873360000006,6.117487743,6.1205945879999994,6.086097661,3.908340615,4.798593744
Ga0242637_112169,11.52221237,11.61739391,11.51440845,11.62615408,11.59802843,11.59373964,11.65010329,11.5832271,11.59166625,10.77631527,11.19853823,11.12897848,11.14339537,11.38126511,11.3835934,10.51832005,10.53207762,10.51827984,10.01663983,9.884229612,9.95000953,9.048444726,9.045167807,9.294624353,11.290341900000001,11.32132693,11.38793093,11.4904656,11.53891045,11.56060289,11.63622664,11.70412616,11.55973194,10.87627507,11.10382227,11.22208219,10.51700501,10.68674573,10.70917551,10.08038996,11.30293538,11.15161139,11.30310465,11.57454784,11.35438964,11.53920273,10.02989253,10.18256037
Ga0242637_11217,13.52350882,13.53517678,13.49910497,13.51399611,13.644238399999999,13.51740093,13.3689269,13.33714863,13.40769893,14.15315862,14.28648782,14.007957500000002,13.05953258,12.98996959,12.84399768,12.48580658,12.29521874,12.39499568,11.96275485,11.78459836,11.87771065,12.48031401,12.23422548,11.98325531,14.37843668,13.80492598,14.54578049,13.92130557,13.73826366,13.83779352,13.20723297,13.18800335,13.25762105,14.636563500000001,14.02543272,13.97640596,12.02255143,12.15154937,12.24327605,12.65684641,14.11924103,14.00012439,14.13815405,13.32043902,13.4116274,13.31358773,12.66436556,12.70564642
Ga0242637_112170,7.319463545,7.453853444,7.284418297,7.388086791,7.562406576,7.1774263970000005,7.28658883,7.13757257,7.019092433,7.4692238070000005,7.3062766429999995,7.172814876,7.43478096,7.094100478,7.117067985,7.223707786,7.2761039929999995,7.075947426,7.149351592,6.7001160639999995,6.920949772,6.899287208,6.531855815,6.4872149420000005,7.282797707,7.629496705,7.209236527000001,7.063520165,6.9771668689999995,6.856556353999999,7.4227847460000005,7.267909394,7.260276941,7.015095381,6.981805377000001,7.242498893,7.531068389,6.874497956,7.012550107999999,7.258438003999999,7.470491879,7.4671131729999995,7.46930196,7.1966511870000005,7.442892986,7.056495336,7.183644889,6.867889537999999
Ga0242637_112171,11.55650593,11.33361981,11.58359239,11.13268492,11.23862991,11.30982466,11.48754572,11.46584449,11.37792903,11.97146729,12.07464633,12.20578409,11.41088986,11.24997573,11.56487668,11.61921701,11.82146863,11.98273904,12.59800492,13.36952565,13.26690589,14.33560297,14.58237578,13.99222378,12.37414099,12.57535107,12.10308865,12.86884171,12.7766386,12.76901504,11.50261354,11.47276043,11.33670603,12.10089617,12.35502944,12.05821776,11.07927065,11.03762834,11.00125435,10.88088028,10.66591821,10.89449548,10.91859999,11.35959091,11.41551043,11.16134795,11.04813068,10.69175821
Ga0242637_112172,9.141688259,9.402657262,9.085661381,9.289434329,9.240557625,9.243490645,9.145150564,9.106324014,9.219318556000001,8.438092387000001,8.430127572,8.456160257,8.732626092,9.030747382000001,8.909637027999999,8.549506304,8.661124975,8.632615091,7.886704176,7.247838725,7.500686035,6.708453757999999,6.9583976089999995,6.888596116,8.644518262,8.69310791,8.606574161000001,9.109012674,9.183833447,8.99739075,8.710492607,8.584806736,8.743180571,8.409147788,7.9432784960000005,8.195724677000001,8.164026599,8.19726879,8.374098507000001,7.361827081,9.076737293999999,8.903015559,9.040160103,8.747248985,8.938337436,8.871838278,7.4399062439999994,7.53504589
Ga0242637_112173,9.735174111000001,9.649433961,9.581033994,9.598962677000001,9.648634003,9.644055748,9.67464175,9.496697766,9.460201436,8.588373045,8.766218979,8.794230675,9.25434187,9.434823069,9.517095202,8.886563393,8.903757298,8.89823283,8.121407385,8.029605651,8.085554161000001,7.763579935,7.947402348,7.700164855,9.332292206,9.337312715,9.202164144,10.10253053,10.02352447,9.962614002999999,8.847161778,9.193233993,9.020736461,8.662370275,8.469209062000001,8.508070473,8.108062281,8.272946405,8.294864935,7.458294252000001,9.047959191,8.734174255,8.86830767,8.889843568,8.665484706,8.747771457,7.610783627999999,7.568043933999999
Ga0242637_112174,10.84145031,10.70167335,10.98807155,11.6588496,11.69576166,11.61260596,11.32748228,11.30186909,11.27534761,11.73155235,11.81644595,10.87166488,11.23982499,10.99116701,11.08273234,11.72460737,11.79053117,11.70570996,12.14807551,12.14957709,12.16502569,11.28467384,10.94659604,11.26896814,10.69184109,10.72564912,10.71204934,10.799176800000001,10.49751178,10.70927305,10.95021365,10.98145009,10.82245006,11.58531615,11.43853418,11.06252258,11.74222739,11.44878421,11.41613737,11.71038221,13.74309111,13.00140332,13.76784547,10.51573134,10.58958896,10.56464827,11.62511476,11.84891469
Ga0242637_112175,8.348869009,8.536077352000001,8.503429022999999,8.903164296,8.745234,8.921258716,8.506065322000001,8.486856312,8.485089174,9.000330377000001,8.521771807999999,7.931849872000001,8.588131931,8.709560066,8.652598981,8.740322972000001,9.021145617,9.178374705,9.948261989,10.0727786,9.872232269,9.977101428,9.950384826,9.755486303,7.8151717220000005,7.522568927000001,8.162681136,7.822490727000001,7.981715397,7.808618463999999,8.258681686000001,8.253689901,8.180407018,8.842493165,9.067649347,8.430501188,8.927452084,8.789680158,9.273402389,8.845971496,9.376981945,8.96761304,9.575400188,7.83085374,7.251739681,7.690427481,8.861442637,8.547845477000001
Ga0242637_112176,10.52033379,10.62641146,10.43592978,9.907526447999999,9.755724862000001,9.819019865,9.510264006,9.548162494,9.43363763,9.71140696,9.548234031,9.737438281000001,9.975840284,10.21009564,10.26874041,8.891042623999999,9.008839027,9.095750052,8.328736693,7.681732133,7.872602712999999,7.145155066,6.9209990370000005,7.01875812,10.10435749,10.32890815,10.05461666,9.918614471,10.26292757,9.947821423999999,9.658586487,9.798073795,9.522799176,9.370243585,9.148180879,9.139989048,8.49016093,8.854454349,8.853765032,8.3574042,8.908557474,8.814880444,8.497715086,9.367406171,9.365546372999999,9.423056455,8.175969244,8.321503244
Ga0242637_112177,10.53330645,10.85259118,10.3988549,10.21532598,10.2747761,10.397264999999999,10.51704446,10.42257132,10.48501133,9.789658349,10.36614608,10.62216579,10.12009588,10.64521176,10.68332498,9.035608294,9.290840932,9.370629391,9.719123044,9.98253282,9.888532052,10.38440517,10.67780083,10.25324202,10.50087447,10.75639111,10.66856736,11.10522371,11.09110376,11.29971804,10.71829943,10.86942083,10.56453244,9.441108194,10.11457371,10.0015526,8.602433012999999,9.032963747,9.564693064,8.400521888,9.263552234,9.286387129,9.359889676,10.83841005,10.53642106,10.60306624,8.339306382,8.228265503
Ga0242637_112178,9.337818612000001,9.414839334,9.485241023,9.377383874,9.263662613,9.213790252,8.993128226,8.836506733,8.996318575,9.221396445,9.194342225,8.930040744,9.948318249,9.763375401000001,9.714184367,9.140907172999999,9.10678322,8.753236191000001,7.677301022999999,7.357472189,7.4355951739999995,6.80702934,6.604463303999999,7.053884947999999,9.205070086000001,8.989877432,9.470560801,8.649375308,8.829197768,8.561557469,9.036200198,9.123902567,9.011609,9.128542643,8.834437838,9.280625095,9.353608667,9.213907564,9.145902929,8.915565259,9.390144136,9.162004561,9.233787157,9.261118315,9.504207787,9.357981124,8.994501586,9.069484088
Ga0242637_112179,9.281522512999999,9.070531985,9.467842971,9.386337324,9.476387848,9.408352345,9.19973324,9.327005708,9.185601977000001,8.943142349,9.43728671,8.989100249,9.661945204,9.394043281,9.366571188,9.603486222999999,9.407934002000001,9.146691552,8.581180307,8.272832272,8.446473975,7.97960407,7.780045832000001,7.523550500000001,9.012737849,9.177742586,9.124711344,8.345609246,8.387135362,8.543780402000001,9.541808732,9.416469245,9.42134186,9.135833319,9.03655424,9.532250757,9.636742672999999,9.418166654,9.221299882,9.06469899,10.01554107,10.02186416,10.18192987,9.683723399,9.898766219,9.653394405,9.364105381,9.259859287000001
Ga0242637_11218,12.76248298,12.81353061,12.67176197,12.6879806,12.81454489,12.7577844,12.80185349,12.82258954,12.76387793,13.24750063,13.44697454,13.17913802,12.36202685,12.37850561,12.44251549,11.45725196,11.2913358,11.37625703,10.48607144,9.823985797999999,10.02380727,10.12522114,9.447939892,9.717677621,13.73899308,13.18933479,13.83840468,13.56803633,13.20262797,13.34288416,12.46222122,12.48492705,12.54036817,13.75944815,13.184028,13.15996423,11.07927065,11.31326117,11.39774765,11.93489038,13.33255933,13.27988479,13.61940772,12.76708579,12.72209639,12.65479818,11.82059453,11.96078463
Ga0242637_112180,8.83304625,8.79567088,8.619712154,8.361995234,8.428276018,8.366543492,8.681731847,8.588687602,8.353609385,8.014347189,7.884685029,8.315556338,7.871943181000001,8.167802116,8.470400113,7.150837057,7.308610488999999,7.502608842000001,7.325646891,7.681732133,7.532161574,9.310087363,9.632657844,9.064403053,8.715187342,8.677456265,8.386099733,9.16938093,9.146361826,9.263773055,8.765641631,8.934425142,8.732109142,8.163747637,8.618826402,8.625849238999999,7.640341822000001,7.460036408,7.575725505,8.645503328,7.730665319,7.538917829,7.618106103,8.255608439,8.139198127,8.223615118,8.226322912,8.396888272
Ga0242637_112181,9.691091289,9.716171105,9.594213865,9.546676233,9.539276931,9.456886033,9.633102137,9.608668308,9.463956649,9.623927591000001,9.962188942000001,9.681243471,9.385047153,9.264294656,9.448529694,9.536449764,9.735225437999999,9.877155508,10.14281113,10.42156147,10.44202699,10.42761046,10.82920633,10.5886063,9.595301257000001,9.886934784,9.402698425,9.693618185,9.757611192999999,9.645133534,9.72269817,10.11155039,9.597902483,9.053534661,8.977325277,9.025950575,9.636742672999999,9.638519377,9.403189855,9.842053615,9.902971067000001,9.753183031,10.1350754,8.944042407000001,9.121859537999999,9.028514742999999,9.446057167000001,9.926869826
Ga0242637_112182,11.63763362,11.58406971,12.02051859,12.40760902,12.46307694,12.60583766,12.03536323,12.15806651,12.48842992,11.36865145,10.12007018,10.10491946,12.33617679,12.23035668,11.93769577,12.65039091,12.21339271,11.93745652,12.15781289,11.60613884,11.65762141,10.79461418,9.735799678,10.50862802,11.94493918,11.74419814,12.15614452,10.76045391,10.93009388,10.77398114,12.20153531,11.80021589,12.48229479,11.82121627,11.759939300000001,12.884891099999999,12.64409828,12.10276341,11.943351199999999,12.04476602,13.95651464,13.63285191,13.97479976,13.35262339,13.47839761,13.56619904,12.16475019,12.3327828
Ga0242637_112183,9.072274304,9.723535338,9.345008807000001,10.19423755,10.34866626,10.52794622,11.14394263,11.29811621,11.15158328,7.62283831,8.708880071,9.456951689,9.691115652999999,10.0292419,10.07416705,7.954780788,8.162582113,8.292384695,9.116692791,8.657951391000001,8.847595209,8.010938476,7.504855366,7.9811988739999995,8.290581073,8.166670875,9.248004986,9.816318678,9.645245277999999,9.94376062,9.972832059,9.669355595,10.72530235,7.919470107,9.100403381,10.46005861,8.780058266000001,8.29385879,8.948026707999999,8.47156542,8.254313086,8.263043375,8.109662395,12.27182138,12.33052008,12.24943506,8.87334103,8.468528325
Ga0242637_112184,11.12466292,11.64059535,11.12200576,11.81067285,12.03315457,12.16549025,12.59629207,12.74476701,12.61224292,9.77263227,10.98168939,11.43484416,12.11429248,11.95555472,12.36790268,10.36737935,10.35479032,10.93416347,11.82727289,12.27513983,12.73173858,11.59142426,11.38775922,11.55741326,10.26509966,10.14673289,11.14537059,12.51315573,12.23635669,12.66596889,11.85033509,11.47600983,12.32448257,10.21493974,11.6840244,12.35963755,10.87090279,11.23838488,11.8041781,9.976351602000001,9.512548871,9.436230377000001,9.497963966,13.524576300000001,13.57851247,13.39267945,10.49786143,10.11161528
Ga0242637_112185,7.419783434,7.737111131,7.262560199,8.779480591,8.932296792,9.025500901000001,9.859751485,9.692380278,9.857089119,7.046362206,6.715361918999999,7.786237576,8.157638887000001,8.18196461,8.486274577,8.817650354,9.052659907,9.241602755,9.489170945,9.324555614,9.352454547999999,8.637850455,8.725673877,8.748086749,8.04291201,8.093854314,8.902497199999999,8.795028726,8.234782242,8.759368192,8.65607292,8.598502473,9.229990097,7.172350485,8.099597536000001,8.847208806,8.894750252,8.988762125,9.645991715,9.839817797,7.896681636,7.786556685,8.246587309,11.48826947,10.85212606,11.09000397,9.876762196,9.753692262000001
Ga0242637_112186,2.493146696,2.422088851,2.4500833419999997,2.8641280410000003,2.744398912,2.426167481,1.764951351,2.693612905,2.802740674,2.7737677119999997,3.6635147669999997,3.82092602,2.963087176,2.587354007,2.836309725,3.063272146,3.17815798,2.934755081,2.620112537,3.648450477,3.2608517239999997,5.910951122999999,5.922806584,5.138108701,2.9697458610000003,2.4340741830000003,3.19503281,1.764951351,2.7038793560000003,4.023757596,3.275786601,2.505573503,3.409177202,3.416535432,3.328847895,3.634319656,3.19781202,3.347410348,3.149291978,3.306485327,3.35606442,4.68310128,4.319533971,3.991601604,3.4799555860000004,4.061967078,2.9824992530000003,3.866371795
Ga0242637_112187,5.8772684,6.238688913,6.294655017999999,6.719233055,7.008693544,6.798415299999999,7.0544158370000005,7.231564604,7.088890139,6.501520205,6.730822255,7.120917585,6.946652267999999,6.266672602000001,6.889130056,7.223707786,7.371503561,7.385290653999999,8.237637306,8.789792246000001,8.70301523,8.813968573,8.40541993,8.710079206,6.524365303,6.61803693,6.562378034,6.13253494,6.395663035,6.785662479,7.057544569,6.99496906,7.267966541,7.172350485,7.296607400000001,7.780941041,8.384200191,8.487826936,8.113236602,7.515464463,6.804898923,7.09747948,7.850755065,8.875969593999999,8.98004373,8.770455412999999,7.67565381,7.382624555
Ga0242637_112188,10.22437748,10.21474219,10.15878415,10.55740702,10.50791424,10.52581504,10.65833234,10.6364789,10.59611872,10.20475619,9.997733461000001,9.695498715,10.11579956,10.18781362,10.23703774,10.56531715,10.80401555,10.9943643,10.84257782,11.04202411,11.01724936,10.55351673,10.65948093,10.72007884,10.09996269,10.15523266,9.952840266,10.14477706,10.06427875,9.991751758,9.933638895,9.755921757000001,10.11296219,9.793162056,9.525995556,9.859883917000001,10.24597266,10.25448003,10.37593264,10.54852279,11.09460367,10.87778562,11.07939512,10.52908998,10.51175209,10.53845589,10.68613147,10.68425551
Ga0242637_11219,6.958032263,6.950005676,6.828990567000001,7.040093271,6.990330323999999,7.1407395970000005,8.284062095,8.052366559,8.043093502,8.938060651,10.72155667,9.845258086,6.560240017999999,6.664261972,6.7730439239999995,8.13931559,8.219231981,8.43692881,8.195897561,8.235037402,8.283451153,8.08150847,8.577422286000001,8.111886969,7.336111008,7.528398848999999,7.269776471,7.425391856,7.415706835,7.452363179,9.540228199,9.884454301,8.655068325,9.155694746,9.886768871000001,9.452336342,8.916633635,9.580136017000001,9.169361774,9.792046933,7.445482586000001,7.20231055,7.926098597999999,7.485759118,7.457734758,7.144075066,9.757713655,10.05262361
Ga0242637_112191,8.810487288,8.975035134,8.686874551,8.232261237000001,8.113369668999999,8.281511576,8.169071736,8.040433768,8.140179027,7.551408437999999,7.142621117000001,7.703996602,8.550423985,8.765174249,8.893855044,7.279462555,6.826406529,7.329918767000001,6.748312993,6.141708631,6.193646105,5.771053014,6.067026782999999,5.768038651,8.567026951,8.579802958,8.569226487,8.565459356,8.9472101,8.565086743,8.340879196,8.279426754,8.248038517000001,7.460717707000001,7.464227319,7.637261929,7.502405071,7.422538112000001,7.496979202,7.132506993,6.9183599120000006,7.0700351679999995,6.980871821,7.99391219,7.963197561,7.663742888,7.007591466,7.226012461
Ga0242637_112192,11.62395364,11.55478208,11.64609857,11.3682026,11.44557681,11.38855832,11.39810957,11.37375853,11.50547388,11.10465778,11.41057852,11.29439887,11.51529157,11.54469917,11.41399367,11.395543199999999,11.28777509,11.16517727,11.19025561,11.12098176,11.1406091,10.10116239,10.007212599999999,10.38829885,11.24727477,11.18776745,11.416409300000002,11.17540137,11.3437383,11.29122013,11.76630248,11.70174902,11.72624839,10.80774998,10.82951841,11.04188857,11.31995557,11.60648537,11.47508379,10.51808423,11.42385886,11.38653481,11.54333508,11.61652166,11.7891675,11.57793784,10.57152367,10.61623022
Ga0242637_112193,9.843301873,9.876708499,9.853680091000001,10.01438117,9.947466216,9.961438839,9.678250227000001,9.722560935,9.79732521,9.339796725,9.399129324,9.281429207999999,9.694000518,9.812443977000001,9.645162018999999,9.659691905,9.708079961000001,9.477960957,9.138888787,9.094179401,8.896773046,8.333617555,8.037477339,8.335221727,9.744947099,9.614364298,9.620818578,9.326503087999999,9.439119973,9.386531076,9.678839353999999,9.508202162,9.67508107,9.222276367000001,9.004774075,9.18053177,9.675761252000001,10.023618800000001,9.805572925,9.300835998,9.863407362,9.645811721,9.714103113,9.56624778,9.879612666,9.732542376,9.5730767,9.357435567000001
Ga0242637_112194,3.893771605,4.363461633,4.3423987539999995,3.9748242310000004,3.404506301,3.3221123230000003,3.277942678,4.5271795930000005,3.618475267,3.1652587430000003,4.218583159,3.82092602,3.7419712460000003,4.30963189,3.547885515,3.3312073310000003,3.798069659,3.9532778719999997,4.103569772,3.942535777,4.475808083,4.257192719,4.470928413999999,4.577747215,4.354923841000001,3.9026848060000003,4.30716112,3.720385549,4.237162325,4.329301877,3.821877488,3.493771372,3.9907369210000003,4.186997065,4.406945965,3.634319656,3.7220789030000003,3.347410348,3.85194072,4.002277801,3.084464068,5.2263368560000005,3.4946380269999997,3.839256689,3.190463246,3.5704800810000004,4.250125233,4.135802667
Ga0242637_112195,8.778881171,8.841517987000001,8.616844702,8.968218152999999,8.937095425,8.972235751,9.06288288,8.987069023,9.027105087999999,8.383059773,8.467486831,8.02511724,8.465176031,8.528564845,8.61458765,8.467902513,8.483959674,8.449968515,8.266728775,7.874352581,7.75304185,7.371314461,6.802598221,7.433090161,8.46818375,8.545725353,8.603218595,8.228255186,8.023657583,8.404943863,8.578112026,8.485112914,9.013896285,8.785688253,8.085641595,8.581680382,8.719100914,8.601220385,8.374098507000001,8.319391719,9.49438023,9.499280785,9.533191654,9.107321445,9.158646609,9.148821632999999,8.438750299,8.390754503
Ga0242637_112196,4.921002898,4.684705087,5.144354881,4.720850415,4.946538308,4.61399296,4.853537622,4.893798223,4.920335663,5.66392443,4.858901346000001,5.251130599,5.607412015,5.699327078,5.409213908,4.83117596,5.323630748,5.2157469,5.632178636,5.540133262,5.57952102,6.574910802000001,7.065098646,6.352505232,4.899551132,4.175237798,5.10991984,5.291771675,5.525426303,5.056780545,5.514697575,5.8546532970000005,5.264318318,5.678973714,5.555664486,5.679052574,5.540984152,5.69298164,5.204594678,4.934560538,4.621105128,5.862371464,3.9712646019999998,5.368840404,5.469417836,5.258711873999999,4.750068729,5.401599866000001
Ga0242637_112197,7.389652676,7.368708807999999,7.548019704,7.663289,7.485852556,7.91965314,7.513692262,7.583772084,7.572239122999999,7.9349352479999995,7.142621117000001,7.261765471,7.984633926,7.762992071,7.548716262,8.219866657999999,8.046959082999999,8.052718474,8.24350273,8.538921416,8.418681555,8.813968573,8.922888512,8.534793396,7.563874289,7.522568927000001,7.7901818039999995,7.37104345,7.370905604,7.467533293,8.262521334,8.329562409,7.932118471,8.153007243,7.819440891,7.815684137000001,8.861289857000001,8.847399187,8.290981128,8.267098032,8.020365826,7.983203905,7.5771343920000005,7.89188411,8.014279426,8.002969217999999,8.048824016000001,8.372195124
Ga0242637_112198,6.098811788,5.673836388,6.378444875,6.318261649,6.693832269,6.670360662,6.277961762,6.286652073,6.524115951000001,6.88661062,6.848869325,6.749208058,6.68161555,6.719730384,6.1837078839999995,7.251854761000001,7.054421832,6.848503936,7.257694046,7.414959266,7.872602712999999,7.835356363,7.440261681,7.548386974,6.862352284,6.380583992999999,6.71956053,6.783298897000001,6.652759546,6.924123613,7.003475093,7.188599254,7.114349432000001,7.739711708,7.3828523839999995,7.492057998,8.009674187,7.833018665,6.90478613,6.823872422999999,7.121547025,7.4459230860000005,7.524226103999999,6.4779820379999995,7.350482686,6.980655178999999,7.0640879089999995,7.2397333989999995
Ga0242637_112199,3.981339932,3.869455631,4.159119162,3.590839983,3.9047313960000003,3.5378787089999997,3.9642345660000005,3.54034049,3.927618893,4.506527245,4.540104715,4.281776014,3.9197569839999997,3.351026898,4.318467398999999,4.4900135830000005,3.891911795,4.34968863,3.7340261939999997,4.71973642,4.561457885,5.615986788,5.719373603999999,5.809865286,3.752046685,3.9026848060000003,4.373513282,4.375801711,4.4034040480000005,4.396006508999999,4.387889002,5.003218235,4.700824776,4.789010363,5.150333711,4.918171513,1.764951351,4.3045167,3.85194072,4.002277801,4.3167515430000005,5.010237392,4.5964761439999995,3.917653608,4.603319646,3.3514834060000003,3.7713112289999997,5.007921351999999
Ga0242637_1122,2.7843994210000003,2.422088851,3.245552862,2.669405787,3.522085263,1.764951351,2.858160055,2.4271808669999997,2.506512943,3.1652587430000003,2.58606159,3.086552422,2.963087176,2.7656934210000004,2.993237353,3.547978091,3.000261432,2.452468344,1.764951351,3.00415308,3.003423942,1.764951351,1.764951351,2.73549049,2.473778066,3.0702452019999997,3.0152714460000003,2.7970937510000002,2.905376211,3.209420395,2.7457562139999996,1.764951351,2.747370773,2.681282262,1.764951351,2.7892875010000004,3.19781202,3.662028972,2.761863632,2.682367728,1.764951351,2.640110246,3.022421094,2.710597517,1.764951351,1.764951351,2.638270533,1.764951351
Ga0242637_11220,9.704916872,9.511599533,9.516346106,9.980292145,9.941508715,10.15496063,9.795858327000001,9.810661185,9.932204521000001,9.985855795,8.462869498,8.112717627,9.75743004,9.674023893,9.430866748,9.89418307,9.980554273,9.78369288,10.21771263,9.894366892,9.992102083999999,10.61936731,11.02794276,10.46853927,9.533091638,9.476462204,9.582141435,8.530476604,8.48645085,8.233672863999999,10.24243186,10.160841900000001,10.26472242,10.26150797,9.702471197000001,10.43917087,10.47337887,9.592847176,9.764153814,9.217179238,10.77027505,10.57775242,10.64278963,10.58345668,10.78312379,10.64458629,9.40839154,9.409933367999999
Ga0242637_112200,5.293729104,5.477688232999999,5.434193744,4.101398217,3.8193379060000003,4.569649976,4.028820076000001,4.379729396,4.016152236,5.805124462,5.4167632679999995,5.84671801,5.1123508730000005,4.469935846,4.77092408,4.4900135830000005,3.798069659,3.9532778719999997,5.011617463,4.643484469,5.264641359,6.364313645,6.506815658,6.234841304,4.725186993,4.805726889,4.859823026,5.389372969,5.1819052469999995,4.739959922,4.949863798,5.233337442,4.653823782,5.8666220870000005,5.7811300789999995,5.8231329060000006,3.19781202,4.3045167,3.551058527,4.129906508,4.3167515430000005,4.442236701000001,4.510207018,4.1281220880000005,4.079391123,3.8395838010000003,4.032303163,3.707348591
Ga0242637_112201,6.041703224,5.8642331620000006,5.937310685,5.4977389389999995,5.726947847000001,5.844248707999999,5.7456356379999995,5.587854455,5.524045455,6.2940877,5.8452330660000005,6.207466191,5.7478857020000005,5.617958245,6.130709642999999,5.860616327000001,5.68889131,5.946455567,6.063289417999999,6.7001160639999995,6.936723275,7.449650332,7.330485722000001,7.364813634,6.342567085,6.713315184,5.61826134,6.274885413,6.408402041,6.158013727,6.012628252000001,6.431507014,5.64294101,6.1087839420000005,6.110934165,5.9259611229999996,6.018255341000001,5.8711413839999995,5.901816212999999,5.887248805,5.322784787,6.457812702000001,5.536607461,5.761581926,5.527144606,5.446927207000001,5.408498381,5.669500702000001
Ga0242637_112202,5.043482011,5.136062347,5.434193744,4.866546745,4.739261539,4.9255903089999995,4.090398034,4.379729396,4.51177886,5.200420057,5.630544265,5.32689956,6.119067012,5.300425582,5.654928391,5.485497969,4.918637849,4.511487832,5.011617463,5.540133262,5.047435514,4.632374016,4.470928413999999,4.475591067,5.806764082000001,5.875292813,5.477976466,5.480710694,5.8589682089999995,6.158013727,4.786479382,4.7778405589999995,4.605178942,5.486061952999999,5.913850367,5.954034833,4.995296209,5.0681414689999995,4.68738559,4.246408504,4.3167515430000005,5.829920795,4.8271728110000005,5.471438399,5.280719161,5.138789554,4.145636678,4.252491295
Ga0242637_112203,5.1918384710000005,4.55605399,4.3423987539999995,4.101398217,4.264277858,3.803363006,3.8963039360000002,3.8060999410000003,4.321039304,3.874070482,4.218583159,3.82092602,4.402065233,4.431583664,4.622938842,3.7318454780000003,4.138748662,4.745062231,3.5826343030000003,3.648450477,3.8028251330000002,4.632374016,4.360694114,3.8026455180000003,5.090900202,5.055018943,4.990409729,4.767968562,5.151693614,4.789837801,3.987546693,3.8303429139999996,3.527022611,4.450525224,4.633041184,3.962010465,4.377864054,4.122987674,4.167803702,4.246408504,4.198123123,4.68310128,3.8313353180000003,3.839256689,4.3663536910000005,3.991945537,4.347120349,4.552351294
Ga0242637_112204,4.739094285,5.106036055,4.860393744,4.216990205,4.441439466,4.0230464239999995,4.028820076000001,3.437259219,3.8326399510000004,4.1921740110000005,3.914464957,4.429408888999999,4.342851821,4.862585374,4.622938842,4.4900135830000005,4.211803736,3.8739550510000003,3.991602028,3.261710257,3.469757717,4.105023658,3.7987871739999997,4.475591067,4.7708554219999995,4.84416264,4.163851932,4.95076686,5.29670126,5.210266287,3.406639872,3.8303429139999996,3.527022611,4.243951367,4.524616065,3.840785215,3.7220789030000003,4.3045167,4.535009727,4.545835038,4.3167515430000005,4.823235936000001,3.4946380269999997,4.4188348369999995,4.230481,3.991945537,4.032303163,4.252491295
Ga0242637_112205,3.5882946430000002,3.3131841189999998,2.725182339,2.8641280410000003,2.953773423,2.6922148339999996,2.664422505,2.693612905,1.764951351,3.1652587430000003,2.911501305,3.4363628139999998,2.7522056530000003,3.154430736,3.2488538360000003,3.063272146,3.3308858669999997,2.728466907,2.957841924,1.764951351,1.764951351,3.735313503,2.733434557,2.73549049,3.2934309839999996,3.0702452019999997,3.349279727,3.0165719139999996,4.113784807,3.625076574,2.955392989,3.35722349,2.957319384,3.180771594,2.491398329,3.070329118,1.764951351,2.910528862,3.2994000619999997,2.682367728,1.764951351,3.621276007,1.764951351,3.465722858,1.764951351,3.5704800810000004,1.764951351,1.764951351
Ga0242637_112206,12.41258925,12.42180926,12.34679574,11.90090692,11.93342572,12.01635774,12.11894579,12.11486756,12.19221967,12.72864017,13.68906102,13.31185431,14.17693895,14.60171305,14.56294023,11.58161112,11.6919886,11.45152422,12.12681574,12.36681574,12.36210153,12.775728599999999,12.34815375,12.3553724,11.7285638,11.77761309,11.7840158,12.14840735,12.28931672,12.39293078,12.38199512,12.48814919,12.31036289,11.95731676,12.85935919,12.07344761,11.10093438,10.86847895,11.25554376,11.16875003,12.54742344,11.90556223,12.73038458,12.13606008,12.09698295,12.06830874,11.35435309,11.229929400000001
Ga0242637_112207,6.32298345,6.568579232,6.508080855,6.438108268,6.460143809,6.495305791,7.001592707,7.167151527000001,6.9985130060000005,6.325616824,5.980999306,6.125419706000001,6.835993358,6.915655835,7.025830251,7.279462555,7.208805278,7.569869951,6.764734549,6.391612815,6.716821295,7.067769123,7.030402324,6.562373374,8.074619183,8.045895548999999,7.930689183999999,6.404397687,6.541554465,6.577537127,6.888838698,6.974094147000001,6.702332816,7.395372272,6.941023467000001,6.705282272000001,7.349860838,8.174896694,7.969979668,7.57045381,7.7914654720000005,7.681706205,7.101396765,7.608332204,7.571269564,7.690427481,7.870322837000001,7.835284427
Ga0242637_112208,7.270697058,7.517394365,7.467519169,7.423325926,7.652714661,7.4713295529999995,7.827195627999999,7.674080546,7.705129618,7.62283831,7.3062766429999995,7.152279693,7.841037664,7.649331073,7.325642387,8.191093176,8.236224343,8.026842185,7.550534334,7.52348185,7.479313968,7.594603642,7.440261681,7.419691114,8.656539493,8.332424687,8.655992872999999,6.5088783139999995,7.010940497000001,6.9019515160000005,7.621274568,7.29340504,7.805786656,8.621404195,8.202329852,7.654425807999999,9.011197379,8.804327869,8.607475596,8.325797109,9.100955397,8.875552284,8.179749117,8.280398555,8.376324855,8.639665047000001,8.345014632,8.353393823
Ga0242637_112209,7.104390856,7.202903697000001,6.997308508,7.121039531,6.864899694,7.103094337000001,7.248241447000001,7.188944011,7.098590852999999,7.120051687,6.68393407,6.620501636,7.732956367999999,7.400709795,7.295916011,7.946196121,7.883997615,7.796098907,7.90161978,7.5129899060000005,7.603037577,7.97960407,8.088939997999999,7.990289652,8.15732501,7.962240454,8.013923177,6.373096881,6.408402041,6.350616533999999,7.151691147,7.241954611000001,7.335386934,8.005575841,7.901399938,7.557390962,8.368406927999999,8.811596323,8.336910524,7.835816606,9.326525704,9.068080676000001,8.20012779,7.981006448,8.391859495,8.291413237999999,7.939875227000001,8.098787236
Ga0242637_11221,9.244136463,8.651256095,9.420943534,9.793242004,9.651556458,9.670020151000001,9.276333679,9.49524165,9.463956649,9.409377095,8.481250802,8.128566426,9.014636008,9.133419226000001,8.950261512,9.178035499,8.901096218,8.615356647,9.166933693999999,9.199316939,9.242616421000001,8.849064881,9.001078585,8.816120534,9.365626046000001,9.53263463,8.995016978999999,8.599613752,8.48645085,8.34050384,9.505011058,9.250738679,9.783619443,9.961606478,9.649704118999999,10.11203266,9.636742672999999,8.76742588,8.553385707,8.312957757000001,10.16468589,10.17775301,10.39724807,9.59476205,9.770951593,9.859041399,8.322044822,8.409078108
Ga0242637_112210,7.037935438,6.89884384,6.979548796,6.690574907999999,6.76038663,6.87190795,6.626137525,6.821376329,6.220447202000001,6.968699735,6.442328847000001,6.693420692,7.48895837,7.331224992999999,6.996553732000001,7.471211758,7.259571622999999,7.315736935,7.186378151,7.594862322000001,7.500686035,7.97960407,8.642012633,8.254525462,7.9628758610000006,7.878005065,8.018969192,5.888440105,6.017256918999999,5.957232736,6.90858957,6.920543805,6.801082084,7.715580547999999,7.435165134,7.008837059,8.252729566000001,8.441725063,7.853667297,7.623422682,8.949144732999999,8.143123314,8.080645417000001,7.473523104,7.750692193,7.86923113,7.62961768,7.672882577
Ga0242637_112211,6.338861621,6.443167615,6.580601691,5.866721347,6.02706223,6.41146951,6.456959832999999,6.440082296,6.090137845,6.568905718,6.304380712,6.207466191,7.162104601,6.589652926,6.729207112,6.4284771339999995,7.054421832,6.980264117000001,7.098454785,7.643767938,7.233404254,7.846979295,8.32900693,8.069626552999999,7.928583672999999,7.85499506,7.711322438,5.420473985,5.120823571,4.973300362,6.858695086,6.931414317000001,6.632524185,7.0996027470000005,7.1252130760000005,6.671931026,7.71718383,7.9430258910000004,7.810906803,7.37424447,8.759310527,8.143123314,8.01314056,7.436179311,7.442892986,7.557583361,6.806988873,7.512619996000001
Ga0242637_112212,9.100441943,9.213377744,9.124536628,9.068047208,9.110662532000001,9.23481853,9.43689663,9.543943199,9.437462538,9.76404328,9.140427249,9.026231708,9.361651801,9.146476568999999,8.931059133,9.273755873999999,9.33488631,9.321814175,9.528131991,10.19755278,10.06562269,10.72074568,11.17209531,10.75516137,10.63069775,10.66013787,10.64673232,7.663638949,7.857340587,7.912024773,9.755760655,9.860500364,9.654705032,10.11519263,9.782502091,9.427597282999999,10.47706519,10.70442352,10.22433989,9.835335737000001,11.96511275,11.27384961,11.31871892,10.310995599999998,10.24507678,10.463100599999999,9.526117091,9.866274097
Ga0242637_112213,9.100441943,9.218599099999999,9.148560388,9.095605332,8.895789027000001,9.039511732000001,9.399493451,9.391045016,9.217095135,9.682832539,9.319646388999999,9.269567478999999,9.129906539,8.966752324,9.072717234,9.492912883999999,9.72623358,9.891563239,10.33221403,10.81003888,10.76254764,11.09670184,11.54571932,11.26429242,8.735163451,8.66163293,8.872149847000001,8.959231837,9.170828807000001,8.949588302,9.585374899,9.704607799,9.477112644,9.206782503,8.878269903,9.099840589,9.400950802999999,9.478774243,9.463089682,8.494489737,9.259971785,9.389841432999999,9.685483138,9.478689742,9.26369338,9.266970602999999,8.745385852,8.714267077
Ga0242637_112214,11.68024673,11.69123859,11.52782649,11.6659136,11.64424222,11.7090513,11.81187443,11.80187885,11.86486244,11.83836666,11.84732842,11.52390983,11.21292503,11.456002400000001,11.21244865,11.78541665,11.99900814,12.09438009,12.11246649,12.55749839,12.48811554,12.79984518,13.02662053,12.79501281,11.046667,10.96523065,11.14421666,11.15602441,11.23146841,11.13793419,11.65277646,11.74741123,11.72170809,11.18601065,10.98669563,11.08207323,11.46993207,11.69756884,11.64138936,10.93424939,12.57470009,12.23298176,12.58462505,11.7731765,11.661220199999999,11.69684633,11.04462747,10.9025686
Ga0242637_112215,11.07466272,11.35629939,11.20501015,11.3054725,11.48420224,11.55211241,12.22410624,12.16449347,12.22162972,11.04623273,11.80235305,11.97692802,11.74127891,11.76270269,11.86316829,10.58894316,10.81182856,11.16517727,12.74503479,12.98949251,13.03490608,13.27528902,13.02111224,13.04827497,10.88939621,10.94304004,11.75331502,12.229162400000002,12.01333665,12.34421239,12.57958594,12.63075531,12.21094841,10.79629345,12.29237143,11.8941082,10.54537301,10.63851772,11.40045351,10.20895288,10.02189706,10.03610865,10.08664797,13.19358804,13.28294948,13.06920155,10.67371173,10.05843907
Ga0242637_112216,12.56185912,12.64553574,12.34181211,12.72315242,12.83413108,12.970037699999999,12.94102309,12.91628551,12.82044387,12.97102419,13.03203484,13.17850385,11.99830391,12.14130647,12.02155511,11.98663612,12.2735225,12.50176586,12.78529255,12.71478346,12.64804869,11.67692115,11.29768675,11.72400043,12.92782089,12.77789963,13.40459122,12.72193443,12.5365391,12.71722282,12.76692381,12.84857603,12.81347228,12.68674449,12.95712002,13.08264685,11.54033314,11.63851198,11.85635303,12.23329358,12.04061166,12.04987054,11.56902244,13.87077206,14.00617958,13.99329524,12.37915092,12.31548434
Ga0242637_112217,6.5445030939999995,6.693973939,6.556831896,5.917178237000001,5.770785618,6.3739876010000005,6.327915275,6.3525820589999995,5.925110496,6.261851396,5.757135615,6.146374915,10.57995804,10.78350687,10.55875205,10.47123667,10.45616053,10.65193618,10.09819692,9.439785012,9.465425458,8.777997045,8.624681957,8.971072257000001,6.563245716,8.723910753,6.254930006,8.412464787000001,8.498397929,8.828540898,7.560181374,7.688761625,7.385728137999999,9.047748653,8.066821086000001,7.099389963999999,10.27590839,10.61378534,10.78430201,10.6088521,9.451075142999999,9.247127069,8.673177836,10.99796652,10.83660202,10.89104507,10.76275564,10.64227838
Ga0242637_112218,6.240849865,6.643046963,6.15903142,5.917178237000001,5.6110890179999995,6.255295844,6.043844971,5.9541164339999995,6.184406567999999,6.48765592,5.597064109,6.146374915,10.57213938,10.69740617,10.41964434,10.73312181,10.43239963,10.53290612,10.15063477,9.464490453,9.65600331,8.849064881,8.384978246000001,8.764074054,6.297136007000001,7.708646358999999,6.385895806000001,7.98119845,8.084368871,8.404943863,7.308540957999999,7.799647433,7.481424896,8.931067016,8.666480306,7.30905469,10.50982498,10.40621576,10.72149061,10.36635624,9.182653516,9.353332933999999,8.145131442,10.84317149,10.70133464,10.75233141,10.46678669,10.43140105
Ga0242637_112219,8.868968407999999,9.02952771,8.51271436,8.765822353999999,8.870926902999999,8.957552615,9.174404536,8.959877711,8.978051602,9.155059804,8.367276083,8.684157388,10.58850991,10.70674099,10.772327,10.48759549,10.51912062,10.521371400000001,10.03366277,9.486101197,9.526590267000001,9.102770055,8.973963406000001,9.287268025,9.047388164,9.625282556,9.393015465,9.434517364,9.271724248,9.666646567999999,8.999862594,9.301859332000001,8.976857263,9.632365042,10.46828476,8.863901904,10.36215979,10.24377356,10.81775079,10.745308099999999,10.09606172,10.00204547,9.805599195,10.9573698,10.10366991,10.51923898,10.78916419,10.66151044
Ga0242637_11222,8.47256936,8.482099922,8.410447767,8.218956402,8.258464002,8.132592724,8.102583274,7.941241117000001,7.889585712000001,7.8400362889999995,7.806652326,7.864040159,8.223019029,8.277389448,8.271007182,7.928871942000001,7.592186625,7.651172821,6.976904564,7.07312565,7.283592983999999,7.509391607,7.542266537000001,7.510969952000001,7.620217802999999,7.79339193,7.654085921,7.775450283,8.007026793,7.843917557999999,8.113170858,8.159812524,7.811058234,8.07928486,8.353626243999999,8.076647105,7.968359313,7.617663192,7.755608973999999,7.481435096,7.105667307999999,7.264157407000001,7.340555848999999,7.796889059,7.821241538,7.8969893639999995,7.720265484,7.712772836
Ga0242637_112220,12.10171622,12.25269673,12.06931341,12.30294495,12.46224498,12.3556706,12.26667294,12.28251729,12.33976192,13.14731246,12.22263405,12.57379599,12.18417909,12.45309036,12.463215,11.34256819,11.26156402,11.47682734,11.45322409,10.99380901,11.10006672,10.62949541,10.40246567,10.66721919,11.71282039,11.5465866,12.20842281,12.60154727,12.430057099999999,12.80546278,11.94355767,11.90656439,11.93073157,12.98702442,15.17426889,12.48691913,10.77234057,10.60544609,11.01191017,12.09296725,11.16998778,10.88370534,11.25359775,13.07184403,13.28347005,12.997305699999998,12.33358601,12.13003384
Ga0242637_112221,10.27468486,10.47756611,10.42367705,10.55078558,10.88716952,10.85719055,10.74346679,10.88298302,10.86109231,11.36628896,11.42311079,11.35739212,10.87318853,10.82425257,10.79374529,10.82960991,10.60501647,10.79036108,10.99549649,10.26473502,10.41133298,9.584507814,8.553198836,9.369682282000001,9.997365861,9.988729263,10.59276993,10.79476145,10.541475300000002,11.08176136,10.68650222,10.646135000000001,10.71127699,11.01271119,14.41692827,11.31605902,10.21980958,9.985567536,10.26549002,11.29977956,10.46132921,10.10191315,10.74224805,12.17032897,12.56354052,12.23365043,11.5888939,11.35805267
Ga0242637_112222,11.29784305,11.52383344,11.40065357,11.91901573,12.1272205,12.21901372,12.12908865,12.21446138,12.13389652,12.14357194,12.79571231,12.53864625,11.79667919,11.84843297,11.70259586,11.90262255,12.06408906,12.27121886,12.55973587,12.21453339,12.34559287,11.49869913,10.65806203,11.32032643,11.02074557,10.89929545,11.75482787,11.8615569,11.77665558,12.08565574,12.44500941,12.29745428,12.31871252,11.96168228,15.42792289,12.86602671,11.69077323,11.51706291,11.81131252,12.49684037,11.78688095,11.4761107,11.90938038,13.3847179,13.67153201,13.41464579,12.91875287,12.55815697
Ga0242637_112223,6.5445030939999995,6.546575258,6.4830715329999995,6.8545451239999995,6.894829777999999,7.162863561,9.525034602,9.270243849,9.348849448,12.50808129,10.74931089,10.44366345,7.282045953,7.158572179,7.054523682,11.39159734,11.66714535,12.18489814,13.87556487,13.52571754,13.64608703,12.66109592,11.03123466,12.5043714,9.276912933,10.36192116,8.586322668,6.606282247,7.027534971000001,7.147843249,13.85161226,14.41056377,12.81084391,10.03362834,11.82682523,11.42973623,12.34552158,11.51037863,12.71948312,8.814435611,8.953584738,8.322369592000001,8.97069572,9.993134066,9.377299237,9.043078669,8.339306382,8.409078108
Ga0242637_112224,12.59852911,12.64375782,12.62917824,12.9864605,12.96997695,12.98057991,13.13370009,13.17370261,13.22655633,12.10951194,12.93723627,13.04987979,12.21086015,12.48627722,12.42597942,11.53943666,11.58621842,11.68242159,11.82629629,12.03420906,12.00557421,11.81570581,11.81764327,11.875782000000001,12.294167100000001,12.22298063,12.66806756,12.93720853,12.97268799,13.09112127,12.97295062,12.91352816,13.16070504,11.73833142,12.28195613,12.63743366,11.60071539,11.67084247,11.84613407,11.53284804,12.013757400000001,11.81397998,11.83857693,13.43180637,13.53063946,13.41194327,11.71986187,11.60716911
Ga0242637_112225,8.317212741,8.323125974,8.446425642000001,9.102866113,9.177071597000001,9.128345061000001,9.250710955,9.216468811,9.132322446,9.383442492,9.389430167999999,8.908785111,8.950942073,8.701718077,8.788970287,9.99956704,10.167093099999999,10.41318596,10.48235639,10.65768946,10.54201405,9.875802177999999,10.07895337,10.18363063,8.290581073,8.288450584,8.642979208,7.99152597,8.027785487000001,8.251306526,9.473888671000001,9.609744812999999,9.257275782,9.374872362,9.439037112000001,9.718155362000001,10.08136549,10.12628037,9.758540317000001,10.64387471,12.02329256,11.46233168,12.21075,9.673065797000001,9.666265347000001,9.630156425,10.7347681,10.82053395
Ga0242637_112226,6.571620065,6.546575258,6.457619713,6.700191151,6.749505697999999,6.639118902000001,7.330074889,7.245495902999999,7.24552838,6.765507867,7.336890401000001,7.222908003,5.91601374,6.398865263999999,6.798719382000001,7.279462555,7.340400021000001,7.6455150860000005,7.03219648,7.15640113,6.788127941,6.92145699,7.566678656000001,7.3787301020000005,6.903315506,6.895868983,7.030809605,6.257844036,6.233280996,6.266254644,7.87811819,8.253689901,7.461446471,6.793119204,7.665312706,7.472834422000001,7.968359313,8.208326037,8.181958543,8.494489737,7.285566544,6.939624022,7.752979389,7.448735033999999,7.31831415,7.104924672,8.506533187999999,8.659198464
Ga0242637_112227,9.309945156,9.359191193,9.422586395,9.818820143,9.956947341000001,9.941324983,10.54564074,10.55006035,10.60038986,10.29893404,11.50061275,10.89114886,9.1552485,9.392826249,9.156120466,10.53701724,10.607467,10.66876387,10.43573311,10.73305285,10.74251138,10.60746062,10.87389586,10.6152894,9.729382187,9.536977524,10.06928227,9.127858021,9.240056636,9.35629781,11.43957691,11.57500704,10.98807094,10.28792621,10.98982077,11.00682889,11.02741981,11.47762738,11.06233206,11.2718573,11.19645209,10.80478696,11.51515049,10.47949149,10.54859914,10.44676327,11.48610273,11.45014262
Ga0242637_112228,8.47256936,8.627898157,8.452871742000001,8.621617704,8.720396733,8.537080496,8.812270749,8.82031619,8.814138632999999,8.314123228,9.832188381,9.247967444,8.663659947000001,8.683916156,8.712307679,9.217802387,8.916989552999999,8.815011967,8.581180307,8.279036241,8.258581884,7.892556282999999,7.938077523,7.8673901420000005,8.21536801,8.375097707,8.541444013,8.124159311,8.12346819,8.34050384,8.941186648,8.992630333,8.643296686000001,8.335066467,8.697396852,8.658110382,8.642379989,9.093848223,9.169361774,9.821805397,8.931246782,8.855610532,9.077353399,8.742159324,8.014279426,8.385853987,9.627950326,9.861846859
Ga0242637_112229,8.352777635,8.283810629,8.145827812,7.838827674,7.6873114760000005,7.643755352,7.695665076,7.668922009,7.679513324,7.95520193,7.560878787999999,7.825663512999999,8.031010774,8.396341718,8.393917827000001,7.384891297999999,7.496681842999999,7.181400064,6.797026275,6.480559145,7.127457992,7.726305915,7.554524265,6.964407874,8.182487132999999,8.375097707,7.993560688,8.114742162,8.241906417000001,8.151539535,7.584930152999999,7.519072412000001,7.474796136,7.823385712,7.813807712000001,7.7691714670000005,7.349860838,7.128566922999999,6.993546783999999,6.730321245,7.432813335,7.251998535,7.027258151,7.539571266,7.701665685,7.58059153,6.855823241,7.293347061
Ga0242637_11223,10.03183331,9.960121939,10.05032718,10.43258627,10.404303,10.2475339,10.21063832,10.16493536,10.16686329,10.78270724,11.27887738,10.46462326,9.948318249,9.838602752,9.822354456000001,10.909047900000001,10.92486876,11.00434214,10.7175314,10.96427952,10.9557319,9.875802177999999,10.07895337,10.120872300000002,9.735061604,9.748988687999999,9.688877122000001,9.259723826,9.328035473,9.143819358,10.03363193,10.20738804,10.01359979,10.04335294,9.549907566,9.840335816,10.79909285,10.66484116,10.57987211,10.41972373,11.28982747,10.90229247,11.3509689,10.03222947,10.13631316,10.08496542,10.454958900000001,10.57760486
Ga0242637_112230,8.364440361,8.440993335,8.433446371,8.533011086,8.536584759,8.611324741,8.787981917,8.618421252000001,8.652408636,9.246277874,8.43485074,8.553291515,8.540840937999999,8.535199244,8.473058019,9.454088014,9.373793075,9.296772831,9.678571604,9.767748492,9.646450347,9.923229846,9.609353137000001,9.618579407999999,8.737994732,8.76891578,8.753055157999999,8.119458423,8.176485424,8.238101531,8.721692375,8.68769592,8.828819807999999,8.711994136,8.388147246,8.67081549,9.137696637000001,9.580136017000001,9.512286092,9.630701227000001,9.20517052,9.025876897,9.353839597999999,8.996278444,8.53164877,8.922229912,9.613835469,9.425017197
Ga0242637_112231,9.351555949,9.659707462,9.315249094,9.658071601,9.616090084,9.716856059,9.303068218,9.112035631,9.245735689,9.540890174,8.530623955,8.43931625,9.513078586,9.783946474,9.60210575,9.067617109,9.167831992,9.154677815,8.881188629,8.841008217999999,8.70301523,8.954884202999999,8.850191914,8.919663324,9.729382187,9.747740246000001,10.0348277,9.191943023,9.094179918,9.344024833999999,8.66480317,8.58824288,8.993178976,9.20158068,8.848278967999999,8.828431504,9.287967666,9.478774243,9.610596464,9.392164826,9.515554856,9.425448768999999,9.829775611,9.557582428,9.074515926,9.384364547999999,9.184756343,9.315960255
Ga0242637_112232,12.2938648,12.31800257,12.37740056,12.14771695,12.2189786,12.20842241,12.31846283,12.35133486,12.42506824,12.20593958,12.52711428,12.536420699999999,11.56931332,11.83011696,11.5917204,11.53729522,11.47878364,11.6141994,11.42511695,11.54245964,11.51333167,10.94005051,10.90413536,11.17444205,12.10152596,11.82069869,12.17717087,13.03934056,13.44536195,13.23403386,12.14286369,12.071226800000002,12.3407448,12.37565649,12.42296171,12.58847481,10.82535807,10.85094914,11.12910865,10.76900262,10.76523266,11.25494376,10.02135046,11.8936834,12.07970337,11.88932809,11.18409971,10.69673841
Ga0242637_112233,11.87115683,11.99442498,11.91534834,11.74170784,11.63872991,11.80033309,11.7571945,11.74818197,11.92057996,11.54695324,12.05369044,11.89011843,11.6050023,11.79990577,11.66763975,11.68388677,11.66283199,11.67861877,11.73089002,11.67361479,11.67886305,11.10277291,10.78048223,11.1523429,11.94310023,11.769639199999999,11.83317852,12.07717399,12.20981063,12.11814997,12.10273728,12.08466886,12.04025361,11.25333284,11.43807664,11.37934816,11.31172176,11.54676473,11.48658948,11.08060651,10.83065523,10.81824347,11.0903528,11.79821922,11.84806776,11.98186217,11.16889466,11.01748652
Ga0242637_112234,11.60769169,11.62658838,11.58652642,11.46364414,11.50535685,11.52711539,11.50424435,11.500731,11.543235899999999,11.63515593,12.31678844,12.05743023,11.31997653,11.45658496,11.3654701,11.58921113,11.51578132,11.56373662,11.91899277,12.14491447,12.06996642,11.982368300000001,12.17444424,12.11166401,11.5802771,11.46726974,11.72850615,11.64930167,11.8597459,11.86148802,11.84073697,11.98066099,11.7456449,11.29422413,11.40005649,11.14905418,10.95789324,11.39778379,11.45483385,11.12901817,10.60089305,10.83971922,10.67711388,11.46413122,11.32637088,11.37294082,11.15027153,10.82622621
Ga0242637_112235,9.694175111,9.67624742,9.817924376,9.726651952000001,9.74070831,9.711865404,9.831943277999999,9.694919589,9.897914392999999,10.03189687,10.7540426,10.30411614,9.562849418999999,9.538615787000001,9.646339874,9.478103637,9.580841466,9.640333466,9.844038719,10.39467609,10.36403167,10.00070249,10.12897512,9.921484518,10.06544135,10.06488931,9.797094527,10.18806796,10.18376187,9.987812911,9.873405147,9.880255932999999,9.806229166,9.616817872999999,9.531153029,9.52643747,9.361607701,9.39416082,9.385088297000001,9.017999671,9.38686483,9.436230377000001,9.398608563,9.612998605,9.653434562000001,9.435726535,9.209997479,8.982434612999999
Ga0242637_112236,6.584989301,6.31881479,6.3648146510000005,5.997516947,6.180978051,6.447999274,6.554556521,6.622103526,6.750306935,5.849257156,7.02218549,6.51177938,6.5977393829999995,6.359469741,6.433797295,5.532382361,5.446292747,5.811059266,6.009089276,5.804834614,5.695750143,4.927376411,5.06529812,5.634681831,6.185187692,5.819144914,5.81749875,6.450107422,6.609303126,6.231072713,6.151941432,6.106106572000001,6.357482551,6.8385480770000004,6.833711741,6.433987098999999,6.71277151,6.78863294,6.468505938,6.40650764,5.790192407999999,6.324664655,5.944906754,6.10164103,6.003829894,6.1179690110000005,6.197732221,6.08985168
Ga0242637_112237,6.724395355,6.557619304,6.9705861570000005,6.426563214,6.575577149,6.506893279,6.585671057000001,6.5676554000000005,6.6080663820000005,5.759588345,6.715361918999999,6.762823569,6.907389276,6.555209892000001,6.433797295,5.966593307999999,6.151042181,5.811059266,5.4401634770000005,5.363454685,5.538577275,5.721208933,5.318206933,5.587314472,6.185187692,5.760705767,5.971645017999999,6.324829715,6.833548883,6.283527792999999,6.651566065,6.368856881,5.980002565,6.793119204,6.855823267999999,6.585006897,6.018255341000001,6.495236836,6.673555041,6.141396877000001,5.665297426,5.413829457,5.4929873360000006,5.78164062,6.157496936,5.933209697000001,6.008811897,6.288056674
Ga0242637_112238,8.827439497,8.859456468,9.160423888,8.611471507000001,8.742495328,8.528590207999999,8.527563545,8.673537923,8.778393257000001,7.960224408999999,9.673404552000001,9.208750197,8.950942073,8.899785989,8.666598902999999,7.980232375,7.558799347999999,7.308593348,6.889771672,6.246939936,6.54216127,6.96479845,6.627873937,6.7668268760000005,7.846997257000001,7.50493636,7.729907288,8.165791732,8.425184492,8.439964997,8.387336133,8.218643752,8.139090106,8.738576695,9.278611921,8.592850035,8.41527722,8.826024275,8.355624361,8.500164338,7.61206879,7.456557062999999,7.64808848,7.436179311,7.920987995,7.608844835,8.433401875,8.601943819
Ga0242637_112239,5.716073102,6.094336532000001,6.06093428,5.429665733999999,5.375431402,5.2925842,5.5484716160000005,5.63113131,5.40333455,5.993824463999999,7.154129029,6.6054638070000005,6.18631923,5.84937358,5.864534518999999,6.187109631,5.784770168,4.907311251,5.11866428,5.2661502030000005,5.4964242720000005,5.615986788,6.067026782999999,6.1721872939999995,5.29084043,5.321969697,5.10991984,5.18696924,5.821286186,5.56276213,6.503507989,6.303352024,5.862700526,6.667824435,7.26392048,6.912208501,6.097225568,6.38244659,6.110648987,5.701982144,5.322784787,5.369221982999999,5.660000498,5.199576963,5.409254872000001,4.973014093,6.037371072999999,5.748692192
Ga0242637_11224,8.956329874,9.09534362,8.964581825,9.54534448,9.408905658,9.322557124,9.526369914,9.411260301,9.621878431,9.144068764,8.685290739,8.787591769,8.936397662000001,9.058644252999999,9.127727636,9.527846865,9.432098343,9.546333076,9.48174714,9.43423698,9.352454547999999,8.703245696,9.141733682,9.025141123,8.409011652,8.653655693,8.812378923999999,9.000718298999999,8.798121952999999,9.093387209,9.340401049,9.367318809,9.409229338,8.381811222,8.440256382000001,8.691745115,9.109473525,9.180612228,9.24357332,8.814435611,9.950391836,9.991119417,10.16475329,9.993134066,9.536012819,9.859041399,8.942741275,8.776748635
Ga0242637_112240,7.456582292999999,7.368708807999999,7.388996989,7.009493064,6.952886391,7.184652998,8.021560672,8.07203773,8.097297328,8.290392249,9.382112765,9.111099987000001,7.289698015,7.361415236,7.2345582639999995,7.209425436,6.965459364,6.980264117000001,7.234312005,7.61462407,7.332092723,7.53835883,7.63752881,7.6436635,7.85223389,8.565701664,7.367986553,7.306313348,7.6533668089999995,7.357828895,9.058454998,9.526227295,8.655068325,8.270285996,9.139201566,8.916413288,7.473160292999999,7.956205005,7.490218662,7.410867456,6.989321055,6.9990463389999995,6.980871821,7.75201068,7.6248512260000005,7.492349531,7.62961768,7.407148741
Ga0242637_112241,10.38661884,10.52610176,10.37189858,10.52736825,10.523152699999999,10.48617479,11.15088504,11.15052817,11.22644529,11.52339745,12.85571615,12.18478044,10.36872434,10.43249304,10.25490787,10.77006518,10.63254834,10.69227205,10.73740906,11.06554056,11.04296165,10.88051658,11.08396557,10.89602411,10.6653162,10.60467172,10.71981626,10.30548899,10.44678196,10.51404332,12.13319836,12.29640436,11.56792734,11.39031921,12.12736489,11.76503122,10.86809798,11.32473642,11.09164882,11.62726401,10.76143926,10.62210007,10.83094086,10.87781004,10.79339451,10.75296432,11.58467864,11.73370537
Ga0242637_112242,10.9849676,11.02292297,11.00461836,11.06226977,11.09841955,11.18032267,11.3951891,11.38873617,11.46669682,10.54270877,11.55096689,11.18688292,10.59315329,10.83190624,10.64965593,11.016466900000001,10.90574848,10.90368649,11.12900425,11.2202243,11.07802829,11.26098152,11.21807703,11.28475321,11.0311701,11.0542686,11.12211483,10.83186806,11.03274622,11.0424269,11.3377175,11.29808832,11.58417978,11.08275697,11.03650782,11.48772772,10.92318351,11.41339354,11.2540485,12.03600404,10.86051455,10.96784788,10.59100819,11.706477699999999,11.64996024,11.71287473,12.06280043,12.26942932
Ga0242637_112243,8.885250897999999,8.872765438,8.792298015,9.093784412,9.148393046,9.00116113,9.672231073999999,9.776303796,9.626911834,10.09603601,11.23690272,10.49957063,8.811787111000001,8.715413707,8.826865291,8.85939194,9.211443883,9.382579397999999,9.142031948,8.741191286,8.990368051,8.56934914,8.681659063,8.497027124,9.065533553,9.348886282999999,8.971787009,8.861280599,8.880308933,8.99477621,10.40929661,10.67631274,9.892040009,10.02580118,10.84409675,10.33060702,9.287967666,9.650728515,9.754315813,10.05748251,9.422533622000001,9.095545824,9.543860126,9.37400183,9.361607377,9.291574634,10.11085013,10.22626903
Ga0242637_112244,6.958032263,6.71385075,6.934167344,6.930022108999999,6.499659658,6.826416382000001,6.63607883,6.452158806,6.566703287,7.046362206,6.82025233,6.929020851000001,8.242857107999999,7.861321172,7.8107249439999995,6.852985968,7.386807221000001,7.502608842000001,8.062901083,6.543835915,6.856069484,7.182343406,6.100925536,7.105019867999999,7.4510381820000005,8.447635346,7.76637347,8.420130244,7.019261627000001,7.050434521000001,6.477279767000001,6.416098498999999,6.53384496,6.908379159,6.591634251,6.73787835,7.215019439,7.344481926,7.601046655,7.422871234,6.474626088,6.709914332,7.185603978,7.290327153,7.181940452,7.398352187,6.721727367000001,7.454979879
Ga0242637_112245,7.0857142810000004,6.958358731000001,7.082964497000001,6.516428697,6.473436736,6.596379531,6.327915275,6.17443777,6.450209912,7.336432818,6.568196225,6.941044889,7.941580093,8.049198407,7.763732141,7.26572476,7.4169355910000005,7.851206205,9.206504076,8.094364499,8.331939121,9.326782485,8.398638173,8.984780647000001,7.203043261,8.504923126,7.45248817,8.420130244,7.146251602,7.090191642000001,6.395597362,6.368856881,6.441574532000001,7.186469493,7.0600611220000005,6.947467416,8.069508682999999,7.956205005,8.267456073,7.771567846,6.4242548479999995,6.6369394470000005,7.115777473,7.317967086,7.163949333,7.685129923,7.157920715,8.005523692999999
Ga0242637_112246,9.155179061,9.278158241,9.056330841,9.068047208,9.084949217,8.99089709,9.012315898999999,8.901710734,8.793394954,9.124071369,8.628700792,8.698384726,8.993715624,9.145031576000001,9.188823718,8.509281406,8.600084823,8.556289981,8.195897561,8.036946355,7.952314707,7.4946867720000006,7.871058856,7.632092599,9.035930288,9.253588703,9.273560244,8.897423817,8.9472101,9.053743394,8.55950652,8.542921583,8.628445746,8.571195852999999,8.223726642,8.258799003,8.33629196,8.496873095,8.701173601,7.80863117,8.98428792,8.922316927999999,9.077353399,8.873644236,8.262629092000001,8.885756947,7.830182136,7.682959076
Ga0242637_112247,6.370101353,6.279310178999999,5.937310685,6.214626687000001,6.02706223,6.596379531,6.479227353,6.61137745,6.450209912,6.160561775,5.726522462999999,5.969486165,6.0303142229999995,6.266672602000001,6.247318942000001,5.664450563,5.638429098,5.790628498999999,5.73610727,5.454529617,5.837348212,6.331543479,5.8843656179999995,6.072762742999999,6.80945343,6.763643847000001,6.462077826,6.875466584,6.541554465,6.577537127,6.248217188,6.006632882999999,6.508080294,6.0008374479999995,5.849026537,6.231255426000001,4.818200909,5.25189535,5.981316873,5.44242395,6.703001936000001,6.692014487000001,6.723478227999999,6.376367494,5.7852377310000005,6.441203655,6.09283893,5.007921351999999
Ga0242637_112248,9.319961898999999,9.591583472,9.205017748,9.03426713,9.110662532000001,9.063218177000001,9.33237316,9.287171597,9.420170021,9.379699194,9.120044666,9.286146724,9.073422315,9.448945065,9.290262138,9.559143133,9.636294668,9.651664274,9.609859379,9.176237042999999,9.197536326,9.782062301,9.896049406,9.606807954,9.758952754,9.808875498999999,9.709308322,9.773578263,9.950398566,9.807384334,9.265853925,9.322636283,9.210179432999999,8.838030188,8.915559975,9.063368618,8.768071128999999,8.90289733,9.171475599999999,10.08606044,8.195542717,8.250879586,8.697271232,9.176868927000001,8.834166925,9.045147278,10.14069051,9.956239222
Ga0242637_112249,9.323949203,9.464030521,9.079426273,9.102866113,9.002652242,9.094232671,9.276333679,9.18971095,9.292945382000001,9.518936554,9.519620532000001,9.286146724,8.73822716,9.378141214,9.288754362999999,9.404823058,9.685061905,9.990811208,10.13336641,10.45207859,10.21527799,11.09913333,11.36271734,11.01212905,9.846818136,10.07089178,9.563270591,9.903656571,9.884789256,9.857171791,9.258182881,9.551090004,9.177905385,9.152103858,9.095769519,9.159651894,8.768071128999999,8.729555039,9.219257867,9.95171644,8.449282017,8.512674153999999,8.353553458,9.044623265,8.444949852999999,8.906386337999999,9.921378657,9.828202284
Ga0242637_11225,9.512195819,9.716171105,9.488381885,9.9852116,9.975724685,10.0171194,10.28982348,10.1511322,10.08021974,9.630242597999999,9.272934476,9.228492082,9.581663776000001,9.730031874,9.750784602000001,10.3753934,10.74142813,11.21424121,11.0508926,10.92229209,10.92148752,10.11083409,10.60160716,10.80880672,9.554127659,9.36363144,9.642229452999999,9.597180215,9.527760492999999,9.678098988,9.971659899,10.11035601,9.841425932,9.206782503,9.09808831,9.224281949,10.14299547,10.42292202,10.67382503,10.10666355,10.54902574,10.35865458,10.59870304,10.66033682,10.10366991,10.28900748,10.00667394,9.920497836000001
Ga0242637_112250,7.975741369,7.936211055,8.101383613,8.626664165,8.390287193999999,8.565025872,8.587643862,8.351764221,8.496134902,7.882986327999999,7.516997896,7.907559107999999,8.178390336,8.266797893,8.292233477,8.615956313,8.927488656,8.91243315,8.921988488,8.882341561,8.774925383,8.68393652,8.522336024,8.721041074,7.933532764,8.339072502999999,7.848037672999999,8.461577205,8.111849288,8.215820943999999,8.273979329,7.9831339020000005,8.274990563,7.676110499999999,7.683960867000001,8.073460731,8.49016093,8.304202369,8.399571132,9.696431822000001,8.922213838,8.734174255,9.017374956,8.148110588,7.83267135,8.273878303,9.46190332,9.506690392000001
Ga0242637_112251,12.29995033,12.32548296,12.15086207,12.34889736,12.33236397,12.3562704,12.31460378,12.3239134,12.46285532,13.90721924,13.5821649,12.75698537,12.16611359,12.18643075,11.96249485,13.39301012,13.22278698,13.45365935,13.51974057,13.46613826,13.29679197,13.06159112,12.92557754,13.19479376,12.70558645,12.43716348,12.84005401,12.58395576,12.37097752,12.33726377,11.785441,11.75124776,11.98624047,13.31095193,12.80379855,12.45972448,12.12596086,12.18551322,12.321502699999998,13.29971132,13.82063409,13.45476264,13.84319667,12.27314516,12.07489994,12.20294376,13.28962894,13.16037489
Ga0242637_112252,12.12988869,12.11552122,12.06248058,12.16255908,12.08919558,12.12406157,11.97820706,12.08153708,12.114616400000001,13.82074056,13.84278018,12.93742849,12.45062006,12.14365983,12.14730562,13.05268972,12.81940973,13.09403793,13.34818216,13.43522623,13.43099374,12.1819382,11.96721228,12.5075402,12.82172941,12.48702069,12.58545784,12.47525946,12.3597663,12.34575199,11.68424428,11.60880922,11.77155844,13.48908805,13.06935459,12.57600619,11.86688147,11.767444,11.73404492,12.83325589,13.32444043,13.19593951,13.41922173,12.04316046,12.23309788,12.06703685,12.90867126,12.66206995
Ga0242637_112253,9.242030777,9.218599099999999,9.160423888,8.815282688,8.832811341000001,8.782952291,8.592751877000001,8.521604992,8.492462383,9.017294804,8.31699362,8.764111986,9.471651239,9.084504989,9.330387557,8.730358949,8.695318259,8.713238229,8.495302369,8.633950474,8.547455523,7.713664007999999,7.492166087999999,7.8772248639999995,9.462953495,9.087853054,9.455753746000001,8.900166914,9.178274379,8.96302643,8.781783418,8.798640478,8.513522274,8.882050522,8.469209062000001,8.519822542,8.445698785,8.29385879,8.219222591,7.91442691,8.254313086,8.232439371,8.152121767999999,9.186268468,9.427150095,8.986074553,8.123793828,7.741982628
Ga0242637_112254,11.03932974,11.10180327,10.85082806,10.83099147,10.78906496,10.8355583,10.77526371,10.73106093,10.73933574,10.91789996,10.329841900000002,10.34312104,10.81938186,10.82108922,10.79693078,10.64172518,10.592701,10.70999392,10.07042086,10.00703112,10.02933068,9.371722136,9.25118473,9.483488052,11.19208371,10.99447241,11.09966913,10.76045391,10.84084182,10.61112244,10.42222555,10.41994727,10.42970082,10.33777456,9.792558822,9.861731901,10.01191133,10.40861425,10.2365058,9.81499234,10.59095271,10.35723706,10.61902421,10.78682483,10.77869957,10.77182365,10.00306845,9.777392676
Ga0242637_112255,10.47264194,10.34617992,10.37868503,10.34727496,10.39648505,10.31161436,10.08578185,9.990917442,10.19763566,10.52417827,9.891798726000001,9.920005983,10.31258107,10.17087331,10.17309799,9.987068942999999,10.05784841,9.981861548,9.57539869,9.67200156,9.500314906,8.28318048,8.624681957,8.553312091,10.72361179,10.51798928,10.43563422,10.01919009,10.19848253,10.22602233,9.721303986,9.805473035,9.88830494,9.918927945,9.48759995,9.378100619,9.483904638,9.46039548,9.454435347999999,9.083719515,10.15700633,10.10021936,10.16475329,10.11625703,10.28305746,10.20453933,9.132909205,8.832116377
Ga0242637_112256,10.501093699999998,10.41677935,10.47682746,10.05425241,9.941508715,9.911162792999999,9.621903165,9.710062302,9.579236088,9.559208884,9.342447122000001,9.655952741,10.22054703,10.22999569,10.17473151,8.689799996,8.679876261,8.390338525,7.87918812,7.824319132,7.770740965,7.182343406,6.627873937,6.964407874,9.779709546,9.853665042000001,9.821844232,9.859239516,10.03484715,9.798417135,9.183198395,9.058521035,9.453715102,9.408370384,9.232919058,9.230016326,8.602433012999999,8.422863671,8.310296422999999,7.7902185820000005,9.238300446,9.231737906000001,9.10643267,9.547406622999999,9.713389353,9.666890971,7.797245161,7.798684893
Ga0242637_112257,10.74957682,10.84922885,10.79294289,10.52263883,10.61659445,10.55815223,10.85660398,10.88520828,10.90733218,10.01027099,9.955631149,10.32030489,10.74691704,10.62358604,10.61638486,10.67846337,10.58277236,10.50740689,9.887759617,9.538752800000001,9.459982161000001,8.837460729,8.553198836,8.821223372999999,11.49414742,11.44356282,11.36235664,11.05318498,11.51117323,11.2140855,10.93345404,10.89461636,11.01857441,10.55931265,10.46649115,11.04595778,10.85399157,10.76744964,10.81572505,10.73692222,10.72164544,10.77430845,10.89379545,11.28762159,11.42592175,11.18123466,10.89216496,10.62540067
Ga0242637_112258,10.11126812,9.991978908,10.34095821,10.44120443,10.41723948,10.44691705,10.28903703,10.45663793,10.5918349,10.11866998,9.784881911,9.725331342,10.72944824,10.33637783,10.2816838,10.25893105,9.970436051,9.839255559,9.051326449,8.241405724,8.542313321,7.163869192999999,7.196087837,7.350761500000001,10.62764782,10.4045312,10.58683636,9.62065398,9.83266243,9.671565885,10.42992767,10.37191527,10.55199592,10.21063077,10.04896935,10.29138226,10.44730744,10.23298705,10.14481099,9.323416018,10.84386953,10.91390951,10.68556884,10.75433267,11.08853283,10.98455101,9.487932812,9.431006844
Ga0242637_112259,10.16226557,10.27529155,10.28245105,10.29434963,10.289860000000001,10.29752568,10.15647592,10.21709856,10.22112402,9.191815103,9.102341694,9.24069496,10.76828864,10.44428969,10.45435452,9.701092044,9.500496884,9.314703749,8.056251421,6.296799737000001,6.998144841,5.910951122999999,5.1328806060000005,5.48758844,10.64660495,10.40056472,10.46365788,9.718696637999999,10.14058359,9.841251338,10.01098855,9.888640487,10.03177181,9.932597349,9.759248568,9.886450721000001,9.949596222,9.714154247,9.553390609,9.234303195,9.932510092000001,9.91415777,9.831953509,10.52094107,10.7948558,10.59108167,9.106269692,9.328849358
Ga0242637_112260,9.600311096,9.871193352,9.424227388,9.571748713,9.466464567000001,9.582502307999999,9.434053641,9.380041381,9.538859784,8.445273947,7.938896147,8.342984852,9.823466665,9.991147511,9.996862599999998,8.863956206000001,8.868774385,8.789592779,7.222477175,5.734069421,6.270436562,5.3129993319999995,4.572983816,4.999446763,10.02080399,9.849015304,10.02483048,9.749443807,9.701876364,9.505179247000001,9.116882487,8.92901543,9.243697448999999,8.986560307000001,8.751429782999999,8.985842436,9.000991257,8.988762125,9.257570341000001,9.196358515,8.931246782,8.863620344,9.134937333,9.606011800000001,9.297075261,9.503490137,8.976228222,9.030566037
Ga0242637_112261,10.82184695,10.87756193,10.91409106,10.93787416,11.02256735,11.02552381,10.8041748,10.84747477,10.83523161,9.847715331,9.616340137,10.0697844,11.44639396,11.12581789,11.14738504,10.34796205,10.04585264,9.74850689,8.377559666,6.66260788,7.25871707,6.364313645,6.032308005,6.4348352570000005,11.23630407,10.89366237,11.18854964,10.76346978,10.84727825,10.64819594,10.41016215,10.09232061,10.67560522,10.68266352,10.28504565,10.61216001,10.32582444,10.03608275,10.05607185,10.06707153,10.59947719,10.67880797,10.93692748,11.20217608,11.46683157,11.24875561,9.938468443,10.12090817
Ga0242637_112262,10.13188392,10.16872629,10.2905704,10.3077641,10.3656727,10.43863361,9.927013596,9.974290311,10.07899596,9.202449636,8.975182855,9.444345006,10.65663854,10.54523634,10.37771004,9.839615311000001,9.493447859,9.176414764,7.988012027999999,6.480559145,6.856069484,5.669565534,5.1328806060000005,5.587314472,10.48579479,10.18873963,10.62124802,9.989875477,10.19389844,10.03946676,9.480496781,9.246395714,9.772855706,10.03265226,9.603119568,9.92230987,9.589845744,9.134988262,9.239549099,9.561832208,9.568618271,9.742364129,10.21568143,10.421774800000001,10.7106547,10.6796284,9.467146926,9.626364599
Ga0242637_112263,7.245680772999999,7.271531015,7.187208681,6.871662912000001,6.943371332000001,7.162863561,6.914461800000001,6.715202637000001,6.634995751,5.66392443,5.562780417000001,6.227265922000001,7.727333674,7.645247336000001,7.715156157999999,6.187109631,6.221139128,6.184048724,4.769522941,3.942535777,4.2866031719999995,3.735313503,2.733434557,3.1138557000000002,7.518476725,7.329048714,7.4965740620000005,7.394586964,7.357845273,7.138393403999999,6.083974248,6.320010186,6.758027362000001,6.755715147999999,6.267783408,6.593939392,6.172077286,5.628299527999999,6.196378494,6.477363137999999,6.141944919,6.125463892000001,6.287979027,7.317967086,7.442892986,7.3455960220000005,6.739188362,6.149326563
Ga0242637_112264,10.27468486,10.32455051,10.60895289,10.75006616,10.82769036,10.59181928,10.04537097,10.05161622,9.985427879,9.258559488,9.667397361,9.386210568,11.3339148,10.95038672,10.71902764,11.53228614,11.06934047,10.66806663,9.614392564,8.624237164,8.721331624,8.90572542,8.918154404,8.699033398,9.462953495,9.419582487000001,9.487039071,9.564699447999999,9.826752563,9.799915544,9.158685786,8.923585355,9.372269357,10.28874404,10.03814186,10.17209408,12.18575274,12.54239856,11.93435477,12.53396229,11.71809105,11.0198421,11.32723527,9.726872257,10.03854957,9.980750752,12.25315502,12.81732377
Ga0242637_112265,10.88932407,11.12005386,10.92224293,10.84837464,10.80948853,10.84812174,10.94463043,10.77011595,10.816996099999999,11.77352097,11.21235724,11.11114404,10.69530338,10.92324766,10.83874529,11.09621551,11.17058605,11.347368800000002,11.30406647,11.34742698,11.27764091,11.25336073,11.51782936,11.30947395,11.24030307,11.185925,11.37961988,11.02015392,10.99950894,10.91961704,10.43758888,10.34169866,10.56842787,10.94532761,10.67578611,10.35311458,10.47337887,10.84032808,10.94057796,10.710244699999999,10.94878002,11.11433601,11.21239716,10.91842031,10.52941572,10.75738693,10.71286359,10.56267903
Ga0242637_112266,9.39768637,9.554900477999999,9.466250876,9.507547343999999,9.494405122,9.613607292000001,9.48987542,9.441817917,9.522747546,10.70182157,10.07540073,10.18414054,9.409824941,9.448945065,9.233397437999999,10.50815106,10.48754062,10.58259107,10.58176676,10.72057261,10.66301956,9.987638484,9.866866688,9.94504919,10.02776182,10.31295834,10.16569497,9.633898041,9.873367196,9.839795274,9.62766389,9.58243936,9.611559237,10.22693684,10.06565224,9.948631154,9.662871962,9.752424425,9.923140154,9.756929688,9.060363027000001,9.384284528,8.846928187,9.772516997,9.806157852,9.882368599,9.932794312,9.594698257000001
Ga0242637_112267,8.576501283999999,8.416966952000001,8.664832721,8.931986989,8.734247976,8.771005107,8.613004952,8.693992956,8.632524727,8.645606731,8.512865001,8.356505962,8.609681445,8.574377335,8.560630658,9.716315839,9.736718648,9.855270475,9.782932477000001,9.761116215,9.725702676000001,9.107608763,8.941671096,9.123429312,8.632396006,8.666926685,8.447267262999999,8.124159311,8.209566813,8.319761293,8.546968174,8.270898727999999,8.542330788,8.704658515,8.365225287000001,8.653850357,9.287967666,8.982335577,9.075406318999999,9.853181028,9.412892903,9.295297397,9.365914487000001,8.926201433,8.839841221,9.061590229,9.876762196,9.888208759
Ga0242637_112268,9.68645316,9.961160639,9.656970349,9.631960081,9.602562132000001,9.568766367,9.469194549,9.273645326,9.467702112000001,8.452419928,9.25167801,8.580431747,9.812889531,10.06711936,9.94420222,10.26756887,10.25098939,10.53673063,9.844038719,9.285033312000001,9.286330385,9.861550878,9.849566777,9.904757191,7.903580203,7.718878834,8.285008826,9.287226772,9.705745633,9.678098988,8.425509914,8.266615732,8.523189182000001,9.562397456,9.150417001000001,8.941095395,9.548398133,9.588622555,9.764153814,11.07681437,9.896067612000001,9.517163125,9.470268016,8.76742993,8.391859495,8.757897279,11.06205905,10.9502655
Ga0242637_112269,11.83843093,11.94277906,11.91038078,12.09680755,12.17268506,11.98670711,12.0521472,11.944211099999999,11.97915389,11.93079731,13.48333235,12.12086058,11.92100155,11.92241168,11.7851149,13.12814364,13.09676803,13.30640942,13.12908946,13.11073974,13.06233024,12.60574081,12.64994453,12.8251686,10.41148837,10.19699618,10.79011367,11.40855155,11.57954132,11.6842049,10.77651331,10.85451764,10.92991109,12.18698086,11.80782693,11.25830774,12.25072184,12.40620546,12.33382328,13.85351375,13.75140227,13.0381375,13.76043236,10.85087547,10.4992576,10.6702774,13.68893684,13.80660161
Ga0242637_11227,7.837516106,7.594413991000001,7.612791768999999,8.033801237,7.998685849,7.923976147,8.069985886,7.970883721,8.149537596,8.178488609,7.462514627000001,7.766112872000001,8.049151842,8.14195381,7.9316100060000005,8.891042623999999,8.679876261,8.871830197000001,8.372215788,8.241405724,8.271070117999999,8.158145805,8.011040587,8.224024737999999,7.933532764,7.936167495,7.925324042000001,7.944458356,7.7313784629999995,7.939480076000001,7.639108898,7.682343987,7.979707157000001,7.969301021000001,8.232197264,7.712939732000001,8.916633635,9.134988262,8.563079559,9.329803065,8.398075866000001,8.082640072,8.020799038,7.985321207,8.376324855,8.194086763,8.957720412,9.433992368
Ga0242637_112270,8.925170767000001,8.704330567000001,8.729972821,9.230991075,9.297640722999999,9.212023981,8.840458222999999,8.888459925,8.846144876,10.0857337,10.33868898,9.316440194,9.140519843,8.915126759,8.961661433,9.846550227,9.894876467000001,10.00413245,9.273959782,8.988364501,9.005393418999999,7.738837951,8.071988999,8.216297699,9.178221682,9.147766483,9.199944487,8.780214476,8.403111317999999,8.369051222000001,8.556382137,8.389876514,8.338422299,10.06833433,9.282694939,9.149097522,9.583019977000001,9.46039548,9.160875357,9.9245449,11.28631182,10.66855796,11.37207522,8.774925584,9.015573109,8.777938149,9.907945211,9.859628134
Ga0242637_112271,5.357810669,5.523664543,5.739873769,5.060162934,5.5619811960000005,5.469694346,4.9209356710000005,5.030295955,5.16379862,5.299605908,5.337731785,5.171089211,5.423897621,5.66733307,5.4313862429999995,5.105299126,4.409928452,4.701380336000001,4.206860836000001,4.643484469,5.314116753,4.927376411,5.719373603999999,5.434983135,5.646550329,5.375044513,5.5071582370000005,5.257689957,5.428273047999999,5.2461741669999995,4.742474206,5.233337442,4.914692706,6.093851225,5.471842435,5.203776183,5.422921493,4.608026708,5.064661065,5.12479833,5.665297426,6.457812702000001,6.097926172999999,5.041244268,5.211812222,5.169734368,4.678308878999999,4.639364039
Ga0242637_112272,6.370101353,6.31881479,6.378444875,6.601009441,6.670945735,6.585493385,6.616127077000001,6.144959018,6.450209912,6.938461869,6.479428548,5.794506029,6.560240017999999,6.369420275,6.3082329779999995,6.656325108,6.733643871,7.40551876,7.072315947000001,6.458832903999999,6.905001625,6.5466481420000004,6.843156365,6.8085711820000006,6.185187692,6.443721711,6.338170869,6.094628135,5.913695955,5.935518384,5.461940492999999,5.877376281,5.882929632000001,6.508247295,6.23437802,5.7608803889999995,6.554101254,6.665550105,6.697247925,8.120061897000001,8.430292098999999,7.803313813,8.453131789,6.3631455610000005,6.1205945879999994,6.224257606,7.763538259,7.770612449
Ga0242637_112273,9.1773871,9.0839451,8.973575592000001,8.726406597999999,8.215657692,8.366543492,8.503355374,8.427014281,8.405305927,7.215589351,6.80572772,7.131447644,7.835821731,8.673930438,8.362725497000001,7.346253517999999,7.475366664,7.856113086000001,7.550534334,7.76366439,7.468507936,8.110726757,7.748385282,7.711204221,8.263325181,8.285011772999999,7.898194782000001,8.841437148999999,8.925252655,8.673692348,8.644349782,8.898893852999999,8.715341022,7.268396496,7.6143719579999996,7.842139454,7.836799837999999,7.650468439,8.041075592,7.88869668,7.801354187,7.456557062999999,8.304202938,8.010942136,7.798106487,7.990139891,7.374411365,7.523876547
Ga0242637_112274,7.295286537000001,7.4179768720000006,7.107698857999999,6.590704755,6.7163606410000005,6.399083778,6.731888897,6.6327502560000005,6.524115951000001,6.177947146,5.980999306,5.872127302000001,6.572848694,6.802794400000001,6.823945052000001,6.2160191320000004,6.096128741,6.5299125170000005,7.05906653,7.07312565,7.113649792,6.830653764,6.843156365,6.8289981410000005,6.045556368,5.838106441,6.148225393,6.324829715,6.642017826,6.350616533999999,6.651566065,7.035832813,6.3283223070000005,6.263546262999999,6.482121393,5.8973266970000005,6.71277151,6.302017581,6.587416987999999,6.226187843,5.377048301,5.955534791,6.18247369,6.6180948939999995,6.157496936,6.036923185,5.686739139,5.669500702000001
Ga0242637_112275,8.898680641,8.972976819,8.939555878,8.277884793,8.243044662,8.20897328,8.172487645,7.9497727860000005,8.154194206,8.04303441,7.762239407999999,7.7388354370000005,8.832881275,8.772679623,8.780412253,8.069890601,8.369260383,8.380156048,7.87918812,7.798635997000001,7.651611618,7.811825626,7.614296792999999,7.336571028,8.070132043,8.093854314,8.18530017,8.152047355,8.428310408,8.39704455,8.75477921,8.581362387,8.586030801,8.138561157,8.41071063,8.272757394,8.668409663,8.634390225,8.861641563,8.142007279,8.324560707,8.075760425,8.51408485,8.706019818,8.746259949,8.516844933,8.274977799,8.164978834
Ga0242637_112276,4.28318584,3.942239546,4.398382944,3.9748242310000004,4.13185483,4.268645649,3.667967475,3.635355282,3.3591003539999997,4.326727,4.609972668,4.497658663,4.280950425,3.917412155,4.108128152,3.7318454780000003,3.6967962130000003,4.098857669,4.392404915,4.643484469,4.642114564,5.721208933,5.1328806060000005,5.634681831,4.414305016,4.293160833,4.6108539319999995,4.55761586,4.72740258,5.056780545,4.551085283,4.3849201980000005,4.066401976,5.151242104,4.915351868,5.40102619,4.377864054,3.662028972,3.551058527,4.453106302,4.068024151,4.527271229,3.4946380269999997,3.465722858,3.190463246,3.917989517,4.145636678,4.639364039
Ga0242637_112277,9.369028176,9.276490237,9.360518877,9.580877194,9.497656951,9.549313645,9.189655061,9.132786855,9.196928621,12.26115198,13.14568265,11.24921177,10.17584628,9.829635963,9.783270497,10.66283285,10.45978156,10.62488427,10.03027421,9.855460309,9.859885426,8.341854891,8.046182986,8.451679181,10.32092438,10.25438495,10.38573184,8.982714599,8.618207826,8.750096102999999,8.869991,8.443981404,8.862208751,11.84976004,11.17529052,10.42236538,9.873320953,9.982350826000001,9.492132026,9.953785514,11.68843147,11.1185256,11.44075533,9.37892886,9.607606254,9.465379367999999,9.98307555,10.07000013
Ga0242637_112278,9.431341234,9.568595768,9.52095456,9.415787083,9.352550796000001,9.462839528,8.880689156,8.829590168,9.047270369,9.781170427000001,10.21372999,9.544212841,9.513078586,9.61366543,9.441761822,8.868506076000001,8.827326267,8.893468156,8.718059837,8.528544263999999,8.70301523,7.958329732,7.316156717,7.733032594,9.042815929,9.105505096,9.239384966,8.501866411,8.726287623,8.451452268999999,9.229047604,9.355269272000001,8.993178976,9.655376084,9.392565599,9.190859461,9.070962694,9.087874116,8.970053141000001,8.902769607,8.890145527,8.871585926,8.668310487000001,8.835919503,8.633171772,8.843591452,8.87334103,8.894135604
Ga0242637_112279,8.641849126,8.874971711,8.83487048,8.712233956,8.558549892,8.653583169,8.838309403,8.711656221,8.86046168,9.498370801,9.439638366,9.28849971,8.861391119,8.940337651,8.897816757000001,10.0861019,10.19234296,10.49094226,10.37825358,9.564375099,9.714317461,8.610839026,8.270775652000001,8.748086749,9.00570678,8.728981214,9.131715174,9.026054246000001,9.134927875,9.071221767,8.540657892999999,8.481421777000001,8.625457122,9.573178513,9.102714742,8.987536063,8.905733439,8.882334924,9.097808822000001,9.150188834,9.500461904,9.274420511,9.651359349,8.948468386,8.770230543,8.922229912,9.536131153,8.818472396
Ga0242637_11228,9.250435142999999,9.037428434,9.227748158999999,9.438921551,9.439663852,9.311052402,9.352086324,9.234035573,9.164987175,9.231815909,9.317090585,9.160751187,9.326761287,9.378141214,9.375121866,9.690852858,9.917436159,9.778533982999999,9.513644625,9.459036802,9.478944516,9.276106063,9.306573058,9.184101412999999,8.798917046,8.723910753,8.681673196,8.52693121,8.344750296,8.599912529,8.967298556,9.033533347,8.889869577,8.922661168,8.472787624,8.752771395,9.79869062,9.919829755,9.609037664,9.998570141,10.07787492,9.795665098999999,10.02706465,9.048751587,9.121859537999999,9.073800602999999,9.709856752,10.05843907
Ga0242637_112280,11.93283155,11.8987338,11.86941004,12.1488135,12.13402772,12.12171165,12.07125616,12.10678564,12.02245028,13.28737987,13.68596922,12.78204095,12.07914101,11.97601601,11.94129897,13.15911192,13.14085512,13.39366377,12.8339632,12.52915312,12.54738217,10.86488398,10.44915542,11.40177459,12.21128219,11.899823699999999,12.41963197,11.83671578,11.81596761,11.7441961,11.50707028,11.48017691,11.58994014,12.96224852,12.57864287,12.17336323,12.21584789,12.02047585,11.95903769,12.61855915,13.86976414,13.35424753,14.11508985,12.13581755,11.99515143,11.99770293,12.64019679,12.52213751
Ga0242637_112281,8.573154872,8.273812035,8.196645858,8.048919076,7.775706007999999,8.011888539,7.844431546,7.719695249,7.730298764,8.601289332,8.332263263,8.229995106,8.040109832,8.195989389,8.227593826,8.093405545,8.13113092,8.187290732000001,7.677301022999999,7.76366439,7.839441879,7.145155066,7.047854924,7.392513502000001,8.582861827999999,8.936085089,8.11163422,8.206256052,8.252527132,7.895297141,7.7195377039999995,7.852048507,7.6903838360000005,8.42411385,7.922491227999999,8.302998488,7.412828432,7.549724815,7.29455802,8.344844354,7.1527909229999995,7.300030443,7.212613994,6.9627429020000005,7.051013781,7.064680778,8.169549607999999,8.255525506
Ga0242637_112282,9.460611461000001,9.650722156,9.491515924,9.351709771,9.487879392,9.476145733,9.702078801,9.496697766,9.606671986,9.198205226,9.453668361,9.481839295,9.264081021,9.254947414,9.432233141000001,9.231995531,9.41167804,9.835534425,9.708561632999999,9.734277933,9.820075031,9.375738984,9.618136578,9.720411348999999,9.269104811,9.438276812,9.279878945,9.692036211,9.596061361,9.707137267,9.150421475,9.278653667999999,9.323314085,8.928970142,9.091120725,8.997656279,8.384200191,8.364752917999999,8.890159716,8.488792723,9.559908803999999,9.406384864,9.34776404,9.730731632000001,9.345742953,9.438876744,8.56150045,8.302024868
Ga0242637_112283,8.045023593,8.310139567,8.034189893999999,8.538376661000001,8.358443577000001,8.369715925,8.478733978,8.386741801,8.365704866,8.298346037,7.93223016,7.819166925,8.14082004,8.366890898,8.44354816,9.07156873,9.305001776000001,9.690635612000001,9.496556742000001,9.225249593,9.261513404,9.182899017999999,8.955599266,9.110982562,8.182487132999999,8.082013302,7.7543202529999995,8.090926712,7.990201984,8.079330941,8.247101029,8.049458319,8.168135745,8.236770989,7.938109702,8.092474225,8.602433012999999,8.344850504,8.399571132,9.068523211,9.466690896,9.0611319,9.250166095,8.248446579,7.844011281,8.405311167999999,8.983565367999999,8.767310486
Ga0242637_112284,10.42052923,10.48191496,10.41545036,10.81671177,10.80358884,10.81184862,10.84380812,10.84633309,10.87314502,12.34967882,12.95193136,11.80146075,10.89403617,10.86651172,10.75058594,11.84607483,11.83860549,11.98805631,11.8733889,12.39778767,12.17294894,13.71387421,13.43309228,13.61092093,11.09880597,10.97593272,11.33024522,10.42839044,10.16139537,10.32404684,10.81362115,10.74256782,10.72530235,12.1713234,11.69746737,11.51058147,11.52972331,11.07585756,11.26991858,11.89345181,12.84734214,12.32250565,12.84669357,10.92292528,10.96156847,11.03694209,11.88714323,11.78136766
Ga0242637_112285,7.4924651529999995,7.430035208,7.428792649,7.480208617000001,7.748660294,7.465409016000001,7.800949214,7.279746162,7.50089928,7.538032236,7.3062766429999995,7.056068182000001,7.04941346,7.220282574,7.394579961,7.608133735,8.061333303,8.632615091,10.09170933,11.35845348,11.04296165,12.66397295,12.58011316,12.64157735,7.282797707,7.362072571000001,7.226794695,7.185531242000001,6.852304028,7.070450204,6.827907062,6.87622231,7.385728137999999,7.172350485,7.47854162,7.148689,10.11487764,9.871963409,10.23852351,8.400521888,8.086554298,7.597740665,7.807131587000001,7.657832958999999,7.457734758,7.26265461,8.150117457,8.282279841
Ga0242637_112286,9.975915612,10.00815003,9.773556395,9.676437507000001,9.598024477000001,9.512476151,9.419754044,9.415885411,9.352905572000001,9.739426385,9.344958435,9.337046061,9.304282304,9.652828652,9.636889997,9.027493872,9.170044185,9.095750052,8.670962357,8.518091916,8.505795292,8.374341716,8.747187688,8.391198034,9.215264788999999,9.471932967999999,9.286170091,9.457046627,9.30611392,9.308673439,8.957857914,9.028483448,9.025278625,8.982522106000001,8.631688829,8.269976502,8.31996229,8.272946405,8.50726588,7.964549794,9.399937566,9.420027597,9.316996411,8.957279812000001,8.917023228,9.018021175,7.984447166,7.989376106
Ga0242637_112287,10.67895291,10.70353653,10.88876125,10.79109616,10.96382271,10.77941838,10.60182048,10.63251056,10.709594699999998,10.65381212,11.15483824,10.99204332,10.66842052,10.68552782,10.553111300000001,10.92442378,10.8728546,10.89119363,11.23215125,11.44375685,11.44678359,10.60575161,10.54899023,10.74176886,10.06769363,9.953425057,10.20827908,10.23445132,10.09705539,10.378212,10.09089352,9.846221754,10.26664182,10.27229879,10.10883597,10.07188696,10.16144078,10.25448003,9.939357058999999,9.277896925,11.62930072,11.40174112,11.69041619,10.6151197,10.83660202,10.64458629,9.604348253,9.388547486
Ga0242637_112288,9.376726198,9.211633083999999,9.244563973,9.503438287,9.365067912,9.444904826,9.402405301,9.207604556,9.19240863,8.139171141,8.439558492,8.59571422,8.511703777000001,8.772679623,8.75224271,9.043677328,9.030915853,9.154677815,8.972300471,9.010903177000001,9.120274323,9.841359544,10.38884342,10.13118109,9.184461966,9.489965215,8.992454267000001,9.127858021,9.074364008,9.107977195,8.75477921,8.822177513,8.95797491,8.430057064,8.54935008,8.746783642999999,9.011197379,8.847399187,8.948026707999999,9.489509959,8.423906159,8.831310737,8.678028816,9.042554665,8.985173246,8.951199853,9.243998322000001,9.194462936
Ga0242637_112289,11.10568113,10.81459284,11.15400374,11.17463385,11.35121366,10.9769495,11.12511764,11.21652113,11.1498359,11.25678311,11.94035466,11.51439255,11.04909663,10.47279028,10.94019016,11.25666875,11.24119394,11.13673292,11.4199472,11.77694796,11.84467553,11.6605516,11.8943652,11.957417900000001,11.46240238,11.63499673,11.2717425,11.69503553,11.45902113,11.3363189,11.06567644,10.99056703,11.10586012,11.27412985,11.49505235,11.25303717,10.92047862,10.73149887,10.61601929,10.61409459,10.88744977,11.11768866,10.72242785,11.15891038,11.11685025,10.77681145,10.79855416,10.79637813
Ga0242637_11229,10.79982792,10.95311695,10.87022033,10.96551926,10.89397225,10.83498463,10.69263451,10.79754773,10.66950367,10.05437787,9.846437551000001,10.14312483,11.03209824,10.97295839,10.96541877,10.58064868,10.61560549,10.54434935,9.967878432000001,9.523158101,9.779134806,8.916795279,9.193584582,9.272441867000001,9.996183899,9.787164062999999,10.03980045,10.16999829,10.32209811,10.25798983,10.44774095,10.48498247,10.38180337,9.743916582999999,9.367795538,9.851538572,10.50622153,10.36234686,10.32651823,9.9245449,11.02142037,10.94065759,10.76294153,10.84079274,11.05964844,10.87194364,9.960944396,10.09284798
Ga0242637_112290,10.18655648,10.3915748,10.33747906,9.799958407,9.928314965,9.902427916,9.60177666,9.486473956000001,9.471437877,8.970776144,8.85699252,9.693724493,9.961546485,10.28088146,10.22447449,8.101159425,7.829049692000001,7.8363845770000005,7.728393821,7.93847297,8.113562652,8.010938476,8.210094156,7.700164855,9.899609115,9.64821307,9.717090067,9.562969507,9.981585365,9.678098988,8.534319884,8.23188605,8.904736692,8.767027856,8.650769945,8.53842894,7.473160292999999,7.324289086,7.853667297,5.815991866,7.458041465,7.60731531,8.272478793,9.508969631,9.456992751,9.546473057,6.612265337999999,5.6281973910000005
Ga0242637_112291,8.508051934,8.461693057,8.500320581,8.712233956,8.616536604,8.72220159,8.83184367,8.932163999,8.910856645,9.593547917999999,9.628759677,9.233385627,8.938831937,8.925264048999999,8.769642815,9.398544941,9.543789682,9.623168623,9.778899823,9.95567632,9.884474339,9.563531113,9.480415779,9.579965654,9.215264788999999,9.250065988,9.096350951,8.68798439,8.751464217,8.496507816,8.957857914,8.990034973,8.907199716000001,9.162849819,8.969747699,8.843472848,9.174488548,9.057626743,9.06407324,9.52890261,9.530491537,9.095545824,9.404474147,8.852545596,8.839841221,8.795248382,9.480173159,9.570483841
Ga0242637_112292,13.3489943,13.36766339,13.41618879,12.87690877,12.88095258,12.82273464,12.323080099999999,12.3727046,12.38304551,12.24375403,12.99173793,13.07803529,12.67890325,12.91586298,12.69914016,11.99758102,11.9608677,11.88261516,11.55459226,10.78737133,10.96728818,9.506054671000001,8.553198836,9.641838022,13.31136224,12.76283801,13.36117749,13.53973125,13.58442392,13.52117443,11.9063136,11.87385685,12.12124561,13.22693548,12.49555446,12.64751128,11.86266046,11.989568400000001,11.90987537,11.40106144,10.87345937,11.35136708,11.63599008,12.49282637,12.78851608,12.72276666,11.63388394,11.5443231
Ga0242637_112293,12.73467267,12.71445155,12.83548211,11.97201702,12.17522575,12.03370998,11.40538499,11.51121466,11.55956066,11.90270675,12.32476178,12.56654342,12.33317296,12.33987349,12.0609523,11.55574958,11.26674112,11.17894716,10.95496668,10.44519935,10.53296968,8.944103886,8.343204692999999,9.227026622,12.5107733,11.83722687,12.632917800000001,12.63774403,12.87169037,12.85927263,11.26637976,11.17895281,11.42399986,12.62397139,12.10678612,12.08812377,11.17769579,11.13933124,11.003035800000001,10.44788863,10.19312556,11.01445644,10.8664337,11.86265636,12.56910206,12.21929508,10.6895002,10.48564177
Ga0242637_112294,14.10902441,14.15710839,14.21144668,13.48146409,13.62280638,13.48887531,12.86350694,12.92361138,12.98432697,13.34466512,13.72770093,13.85463176,13.72536083,13.70748917,13.51632891,12.62976931,12.42591911,12.26961105,11.96719183,11.57622566,11.63122737,10.56938673,10.0874117,10.68272086,14.09233587,13.46998094,14.13854168,14.10110332,14.35303139,14.29272541,12.54414631,12.47173352,12.69624741,13.873889199999999,13.41778254,13.24126608,12.36753464,12.46845571,12.39049713,11.88045827,12.15007869,12.47602362,12.51347576,13.14621234,13.58084375,13.29979325,12.02329961,12.0121288
Ga0242637_112295,13.06783825,13.16566432,13.12300577,12.48084127,12.57890043,12.48049555,11.92832096,11.94474461,12.00064138,12.42833766,12.52046463,12.68536011,12.47304622,12.74767088,12.44454808,11.37090307,11.18104364,11.1542651,10.56195587,10.27718439,10.29844964,9.326782485,9.349401766,9.483488052,13.00035529,12.36470215,13.13807111,13.14009411,13.30075496,13.32569339,11.27922783,11.2021231,11.63669817,12.6828613,12.25051193,12.04729801,10.90960806,10.9596263,10.99828038,10.41972373,11.07130047,11.55798265,11.49536329,11.99128661,12.23309788,12.15920794,10.69397964,10.58702334
Ga0242637_112296,13.17312132,13.26131655,13.0313666,12.55831347,12.55295528,12.58261668,12.03278174,12.04741831,12.06726489,12.49321767,12.53538346,12.5912931,12.23160716,12.66173923,12.43043039,11.21975595,11.142135000000001,11.20128765,10.52992145,10.18934243,10.31813835,9.735933032,9.65559206,9.776654547,13.10521504,12.45295368,13.0736147,13.28931737,13.36832396,13.36570192,11.24858521,11.322533300000002,11.61350857,12.73044001,12.235845800000002,11.90937637,10.83113042,11.15940872,11.12910865,10.47695362,11.2095044,11.41133507,11.49123529,11.91814621,11.98878128,11.99663446,10.58726078,10.31477079
Ga0242637_112297,12.065262400000002,11.95404001,12.16073902,11.50156311,11.75164611,11.45053954,10.99082505,11.01534975,10.95680723,11.56354639,11.70893918,11.84247265,11.4231117,11.36491087,11.28116364,10.31833711,10.11177944,9.994153068,9.511215856,9.533573275,9.375767561,8.222017624,8.037477339,8.356468223,11.82857121,11.28348911,11.93477738,11.98716156,12.12999197,12.00578091,10.20001995,9.965953584,10.54014316,11.74132172,11.41687178,10.96015482,9.713752245,10.18062005,10.02601523,9.244480845,10.53872022,10.91197982,10.86004506,10.94468775,11.27598926,11.13876384,9.480173159,9.263220432
Ga0242637_112298,12.343564599999999,12.19933725,12.51273285,11.91334884,11.95665061,11.95617052,11.42018588,11.50435467,11.59680589,12.38861331,12.82793486,12.54800537,12.20354028,12.05949397,11.59995067,11.26100087,10.8910725,10.56172121,10.28180974,10.42576111,10.4461624,9.359604047000001,9.173861861,9.359195867,12.23477355,11.80967347,12.22652702,12.08050307,12.20366724,12.15315603,11.31940498,11.04096001,11.50631175,12.54796196,12.10159524,12.0859516,10.81374364,10.82604394,10.5814627,9.28448825,11.7089288,12.14330163,11.69401253,11.55254892,12.36585181,11.91075689,9.611469507999999,9.475153642999999
Ga0242637_112299,8.79333349,8.653828227,8.397139167,7.540291634,7.45271503,7.411000683999999,7.413298725,7.493275932,7.44877415,9.300739963,8.406276921,8.03636272,7.710332834,8.021112903999999,8.169784947,6.889289082,6.684920655,6.818630182000001,6.063289417999999,6.05739422,6.193646105,5.56032048,5.8843656179999995,5.202656485,8.683226481,8.632164832,8.665676649,8.948671081,8.843317734,8.916816662999999,7.1011024,7.1518989920000005,7.29079221,8.914206051,8.298228814,8.021497416,6.243220588,5.69298164,5.901816212999999,6.280056735,7.7202779679999995,8.281098854,8.058493022999999,6.785929515,6.722560023,6.815831025,5.88852457,5.786702919
Ga0242637_1123,4.412075361,3.527960989,3.49008882,2.409644588,3.727858533,3.055524389,3.277942678,3.19900412,3.618475267,3.316819254,4.540104715,4.429408888999999,4.565772871,2.350359106,3.547885515,4.281559972,3.586637633,3.601460762,4.206860836000001,3.803921163,3.9413868460000003,4.835778512,4.572983816,5.323559412,3.5443074930000003,2.904468678,4.003383257,3.8225672999999993,3.34059104,4.396006508999999,3.987546693,3.925246862,4.270630967,3.931277971,4.524616065,3.962010465,4.377864054,4.966460517,3.551058527,4.353666799,3.923781767,3.775076592,3.283209092,3.6664255989999996,3.9089009,3.5704800810000004,3.7713112289999997,4.721248791
Ga0242637_11230,4.28318584,4.076708291,4.3423987539999995,4.216990205,3.9848634689999995,4.323638534,4.259752279,4.326831004,3.7300873130000003,3.874070482,4.218583159,3.9268758439999996,4.342851821,3.917412155,3.632975974,4.163986673999999,3.6967962130000003,4.1660756469999995,3.409865375,3.648450477,3.469757717,7.947573706,6.580665552999999,6.67952201,3.930480587,3.824681115,4.555234673,4.2396179919999994,4.237162325,4.329301877,4.742474206,4.013713061,4.50244731,5.3412443,5.254644798999999,4.521587941,4.818200909,5.162995195,4.363716926,4.453106302,5.015163076,4.754924248,4.896326773999999,3.991601604,4.230481,4.36583428,5.062331788,5.496599292999999
Ga0242637_112300,7.6595928660000006,7.528652295,7.5237255979999995,6.97030553,6.8343343999999995,6.596379531,6.930700823,6.715202637000001,6.661430519,8.82147972,8.160402064,7.578822514,7.941580093,7.476224568999999,8.322024927000001,7.293070644,7.292448879,7.668014031,7.210544355,7.653353107999999,7.847803849,7.271320808,7.413591428999999,7.202148141,8.582861827999999,8.843277779,8.276606986,8.649375308,8.615467863,8.746992115,7.366794355,7.215523833,7.313262029,9.018465301,8.56619813,8.529155741,6.375740119,6.72840642,6.426579632,5.9879025189999995,7.634370053,8.263043375,8.316699768,6.745769277999999,6.360976475,6.909717462000001,6.341975574,5.89503271
Ga0242637_112301,9.553534126,9.36548139,9.594213865,9.03426713,9.164850533,9.296124508,8.787981917,8.78499789,8.608975018999999,9.355128088999999,8.884873809,9.325634713,9.76293555,9.58517837,9.502860242999999,9.188990183,8.976341712,8.910076117000001,8.807878429,8.624237164,8.641827856,7.936736853999999,7.880825756,7.962843577999999,9.45092497,9.258856698999999,9.38912401,8.959231837,9.113727314,8.905725224,8.849716273,8.612069396,8.748684582000001,9.343729557,9.086456901,8.882226008,8.990712412,8.868461993,8.902938452,8.561154556,8.944691021,8.933774992,8.934667524,9.182515997000001,9.415797998,9.154581464,8.531778256,8.728927972000001
Ga0242637_112302,10.8717273,10.79841155,10.99581702,11.04494037,11.10055978,11.11235531,10.95160493,10.99076048,10.97205019,11.91891753,11.68336931,11.32909932,10.79204339,10.67304965,10.62357925,11.05589523,11.0327339,11.04733567,11.30055458,11.57937071,11.62455271,11.15629259,11.24005564,11.21861714,11.086085699999998,11.03495185,11.16256965,10.45101444,10.40534919,10.31149546,10.82275087,10.90222804,10.75978055,11.20476378,10.71105581,10.59226342,10.94464199,10.93986316,10.97970366,10.31255175,11.38658321,11.19906841,11.50563193,10.88590869,10.79339451,10.76807146,10.49272857,10.419400300000001
Ga0242637_112303,8.383671095,8.490758109,8.481527927,8.478228153,8.607534363,8.428703148,8.116837829,7.9750690760000005,8.163462565,8.762332472999999,8.832146352999999,8.680578518999999,8.161813131,8.521899791000001,8.435394122,8.322926763,8.28194673,8.187290732000001,7.825449431,7.930612109,7.79688886,7.464819342999999,7.466447467999999,7.2931416229999995,8.604742622,8.802974037,8.5273495,8.071587091,8.191282016,8.229230556000001,8.203824901,7.929955262999999,8.079182805,8.363294708,7.791052328999999,8.021497416,7.989164691,8.40375237,8.50726588,8.306494966,8.449282017,8.698793757,8.682863538,7.89188411,7.663769918,7.977195412,8.182360432000001,8.282279841
Ga0242637_112304,5.6914885889999995,5.54610883,6.294655017999999,6.472197612,6.63591885,6.24148185,5.590140635,5.713942175,5.305575205,4.11950463,6.15177356,4.848771504,7.5347489439999995,6.962381567,6.637313699,6.834485387999999,6.608596821,6.245288737,4.954887797,4.5628060999999995,3.64741757,4.835778512,4.470928413999999,5.07047746,3.5443074930000003,3.5570608089999998,4.08603391,5.033966346000001,5.428273047999999,5.381364859,4.202547268,4.174672094,3.9907369210000003,6.0008374479999995,5.734008437000001,4.631806248,8.47549197,9.169340796,8.598076515,8.500164338,9.319662874,7.938395996000001,8.123954856000001,3.917653608,4.230481,3.991945537,8.546715906000001,8.953597996000001
Ga0242637_112305,5.9822274239999995,5.809724601,5.955637003,6.267378167,6.213051455,6.080054989,5.670000819,5.587854455,5.608316198,6.160561775,5.787107708,6.060653995,6.4551835539999995,6.167466962000001,6.4117679270000005,6.656325108,6.62160184,6.318341627000001,6.284665692000001,5.838947521000001,5.9350564210000005,6.830653764,6.627873937,6.2038558429999995,5.717420712000001,6.187447131,5.745996002,6.015672426,5.895684574,5.8452143020000005,5.774448294,5.605065865,5.712482951,6.123562943,6.496275108,6.265228373999999,7.586740087000001,7.729357615,7.709791271,7.2176715520000005,7.7202779679999995,7.056114464,7.771257012,5.446473152,5.527144606,5.657304546000001,7.183644889,7.226012461
Ga0242637_112306,8.200601627000001,8.297035173,7.9905463889999995,7.9436570170000005,7.796983187,8.094748526,8.05525825,7.983403522000001,7.9227144439999995,7.660358248,7.443886158,7.594125525,7.597739813,7.926704492000001,8.092377152000001,7.518312138,7.760223162000001,8.004918199,7.777738027000001,7.874352581,7.805500512999999,8.59024325,8.698322398,8.299100267,8.444112017,8.624022489,8.135061566000001,9.089917876,8.539450254,8.503882124,7.60926127,7.951462597000001,7.701781196000001,7.301204394,7.08834486,7.166749823,7.741914006,7.956205005,8.064016158,9.213729918,7.470491879,7.380417295,7.6871191439999995,7.89647349,7.486967624,7.772643803999999,8.950250286000001,8.970146579
Ga0242637_112307,8.106506909,8.111128285,8.208123119,8.185147247,8.117603549,8.219561936,8.102583274,8.2274693,8.087592405,8.229298242999999,8.476677388999999,8.588093223,8.378163754,8.478957187,8.189313156,8.282582023,8.140187176,7.927780541000001,8.604155122,9.469923564,9.280166049,9.892719962000001,9.905647255,9.467304593,8.457916443,8.501964037,8.389999644,9.289320822999999,8.513193956,8.536607774,8.425509914,8.397731151,8.490710977,8.163747637,8.273819861,8.308429391,8.217900238,8.240998087000001,8.219222591,8.286931007,8.442979782,8.250879586,8.638756368,8.557470841,8.856731406,8.680162137,8.511617672,8.694484512
Ga0242637_112308,8.781783242000001,8.345574583,8.579039643,8.361995234,8.159272488,8.264568536,8.799073019,9.336794715,8.83748609,9.700945274,9.74550699,9.617165386,9.202610399,8.71151392,9.252086765,9.925086413999999,9.971704716,9.727243644,9.818727897999999,10.18108509,10.19412353,10.38639738,10.44257726,10.16569,9.951756264,9.926092209,9.46502595,11.35407562,10.20487588,10.50672151,9.501766456,9.367318809,10.56453244,10.088200500000001,10.39379845,10.67183533,10.3858847,10.67084819,10.25157032,11.46047739,10.75890478,8.794075864,8.986423893,8.833528626,9.074515926,9.37781379,11.2426021,11.54983813
Ga0242637_112309,12.96259875,12.88053063,13.04329509,12.61241372,12.59036813,12.54995578,12.55861222,12.63978672,12.85535138,12.16166807,12.17120313,12.63447627,12.178268199999998,12.36817027,12.20219715,12.54099973,12.24442704,12.11319991,12.97546908,13.13445428,13.11002622,13.60495429,13.86240679,13.55917804,12.70739318,12.46629771,12.71078496,13.43734599,13.6409195,13.69410735,13.22418883,13.38680215,12.99360429,12.64695578,12.73748505,12.68452445,12.07579037,11.78693381,12.07112129,11.69809225,10.78529735,11.21402476,11.27376506,12.69319217,13.03471822,12.72631614,12.09024612,11.76011427
Ga0242637_11231,4.140753994,3.3131841189999998,3.49008882,4.039622844,3.9848634689999995,4.268645649,3.9642345660000005,3.8060999410000003,4.177226698,4.561592913,3.914464957,3.7054419960000002,3.8339313660000003,3.154430736,3.989110611,3.547978091,3.798069659,3.601460762,3.7340261939999997,4.287870375,3.8028251330000002,7.7757935279999995,6.9583976089999995,6.352505232,4.011281094,4.401657499,3.4852798330000003,3.8225672999999993,3.977831842,3.9350153569999997,3.987546693,4.174672094,3.910455573,5.415492675,5.555664486,4.946659565,3.7220789030000003,3.347410348,3.149291978,4.453106302,3.761569239,4.527271229,4.418181822,3.465722858,4.3663536910000005,3.7560954489999996,4.522624281000001,4.552351294
Ga0242637_112310,10.58572257,10.93525676,10.5073381,10.1111665,10.08136295,10.26467507,10.44120234,10.418736,10.32077914,9.673690172999999,10.07085677,10.4447187,10.12544836,10.82244579,10.69589322,8.840989076,8.667402527,8.453210105,7.5599681510000005,6.643480802000001,6.888874919,6.488400766,6.374626861,6.8289981410000005,10.28168705,10.51505714,10.61792668,10.76948266,10.90507157,11.04369223,10.06584615,10.23065955,10.03515372,9.262797782,10.01378579,9.585780189,8.200165012000001,8.592807361,8.935642898,8.149248823999999,8.609799144,8.948912199999999,8.798747308,10.92629479,10.49026625,10.75801763,8.09019893,7.981234003
Ga0242637_112311,11.83529173,11.99188612,11.88498522,11.39506617,11.50212241,11.56566107,11.71536557,11.71760228,11.65298818,11.45211399,12.02852542,12.16025811,11.58143784,11.88113078,11.84942674,10.046497800000001,10.01664917,9.874740167999999,9.792965066,9.231660566,9.322773287,8.597141235,7.748385282,8.4582454,11.57830384,11.5619398,11.92170455,12.04964363,12.21683203,12.29883383,11.51955663,11.56936798,11.46176901,10.94532761,11.63934947,11.04879942,9.583019977000001,9.592847176,9.943073675,9.277896925,10.38119902,10.4717039,10.00600102,12.19498309,12.37075932,12.11508964,9.500773531,9.208479106
Ga0242637_112312,11.3013863,11.56301536,11.39145559,10.99898216,10.99464525,11.12648868,11.37309505,11.31760782,11.23581027,11.050359199999999,11.66086974,11.6897427,10.87700149,11.42835339,11.32779192,9.885230574,9.909514136,9.997487205,10.32116428,10.13907419,10.18260286,9.594882882,9.20529007,9.376631116,11.17912191,11.44741297,11.46389235,11.63414107,11.65318853,11.8474281,11.28442961,11.48801537,11.1160095,10.651847199999999,11.19762698,10.79638318,9.491214623,9.408612202999999,10.10112361,9.124702314,9.921220391,10.07111642,9.792239271,11.79699269,11.45486485,11.6672701,9.332850347,8.898465167000001
Ga0242637_112313,12.17141862,12.2928528,12.26994276,12.23208118,12.26550284,12.37217383,12.39245419,12.39415311,12.38552249,12.24581177,12.92721608,12.76672238,11.78116332,12.0600691,12.02631283,11.10202264,11.26000726,11.41042641,12.26404794,12.583419000000001,12.61383851,12.07112146,11.52951577,12.0142186,11.86301948,12.10240563,12.08154879,12.3358344,12.27267574,12.41387605,12.73843346,12.71213619,12.60228679,11.70471602,12.20390713,12.20081446,10.85682391,10.74674537,11.1835355,9.970232138,11.375044599999999,11.43772947,10.66250337,12.91334646,13.17177816,12.90122832,10.398442999999999,9.939529991
Ga0242637_112314,6.370101353,6.568579232,6.615536061,6.801936051,6.647689439,6.826416382000001,6.812983992,6.705150682,6.737941312,7.036880277000001,6.568196225,6.6501139920000005,6.26618501,6.298275335,6.559326391,7.306551457,7.424370313,7.279659597999999,7.711563245,7.61462407,7.679989496,7.64873647,8.130465843,7.711204221,6.80945343,7.246560585,6.707098015,6.240598138999999,6.330218,6.723795598,6.807009852,6.759056697999999,6.932733707000001,6.616573237000001,6.591634251,6.680341555,7.026523678999999,6.72840642,7.2065477829999995,7.458294252000001,7.299591767000001,7.09747948,7.6579456420000005,6.651090711,6.4528445229999996,6.854123116,7.363200292,7.16978384
Ga0242637_112316,6.502844646000001,6.292599391,6.757825577999999,6.97030553,6.81359109,6.8356303789999995,7.083753138,6.911542917999999,6.8797500970000005,6.694890934,6.442328847000001,6.574908386000001,7.058401907,6.908855257999999,7.123852691000001,7.49495429,7.578924347,7.272334487,7.703073711,7.5129899060000005,7.562964599,6.92145699,7.301683833999999,7.088175727,6.497848778,6.733658247,6.129644375,7.203418015,6.755985848,6.890736153,6.93771718,6.657935912,6.8531510860000004,7.084601861,7.0505084689999995,7.080459127,6.985673822000001,6.846441292000001,6.894577552,8.090272097,7.730665319,7.803313813,7.815962494,6.844144815,6.794517034,6.918778087000001,8.09019893,8.052909213
Ga0242637_112317,6.66269713,6.9994125789999995,6.768209882000001,7.2178928010000005,7.266930215,7.1107024789999995,7.464369231,7.326369027999999,7.11779853,6.821819893,6.423413864,6.749208058,7.282045953,7.268878585,7.3315147960000004,7.848229712999999,8.330226289,8.338691719,7.668606731000001,7.380742845,7.5730877439999995,7.479830403999999,7.769569364,7.510969952000001,7.235476542000001,7.602117605,7.182491547000001,7.577128751,7.304387421,7.2826234460000006,7.135024789,7.224388059,7.088524065,7.077042443,7.230475016000001,7.41860837,8.145612062,8.19726879,7.8797627210000005,8.986005199,7.968651526,7.635663566,8.01314056,7.613916961,6.863048794,7.297795337,8.80043247,9.057918518
Ga0242637_112318,6.4743867360000005,6.265896937000001,6.470401914,6.590704755,6.88492203,6.889709726,6.731888897,6.578711075,6.857063945,7.008054222999999,6.876928753,6.462545639,7.102521811,6.780611617000001,6.487438292999999,7.980232375,7.9779174589999995,8.143813677,7.981007086,7.954067305,7.960048835,7.594603642,8.097341368,7.944251647000001,7.135901215,6.703034832999999,7.155240818999999,6.435031687,6.705297705,7.019879774,6.490453652,6.336477515,6.427896259,7.593773247000001,7.49271519,7.453351041,8.780058266000001,9.180612228,8.769751949,9.625518774,10.08598626,9.491548544,9.256665952999999,6.997353625,7.334488155,7.023280456,9.816412713,9.722287903
Ga0242637_112319,6.370101353,6.45503134,6.671939309,6.719233055,6.962339012,6.853883387000001,6.914461800000001,7.02090724,6.934949771,6.810732279,6.635467096,6.479144816,6.8567558779999995,6.255982015,6.466221329,7.251854761000001,7.284299605,7.483706892000001,7.825449431,7.554507195,7.632377921000001,7.047755337000001,6.9209990370000005,6.849139407000001,6.297136007000001,6.245327559,6.338170869,7.130498997,7.220288616,7.109666259,6.7964464179999995,6.644781367,6.779715636000001,7.007161312000001,7.296607400000001,7.482478252000001,7.8595768679999995,7.713921295,7.721382902999999,8.246988537,8.632130314,8.162733579,8.291596887999999,6.5262183060000005,6.566864648999999,6.402941922,8.169549607999999,7.964810581
Ga0242637_11232,7.008488627,7.054990806,6.961567407,7.283293619,7.333984571,7.465409016000001,7.202173876,7.13757257,7.262885316,6.1951246,6.602224679,6.207466191,7.441665532999999,7.494500989,7.348989828,7.089765333,7.292448879,7.30141418,7.174141366000001,6.754607339,7.071413057000001,11.32470226,11.25233181,10.5537769,6.9233683710000005,7.143949516,6.792151821,7.013697155,6.9771668689999995,6.956754693,7.255563427,7.526257617000001,6.842886804,7.763445673,7.791052328999999,7.3144647339999995,7.613790029,7.617663192,7.692227206,8.539273506,7.543017475,7.111008073,7.278004095,6.606926023,6.262835217999999,6.478473856,8.762548091000001,8.719170617
Ga0242637_112320,7.194306599999999,7.381184586,7.409032141,7.513291167999999,7.759539527,7.557338131,7.441894287999999,7.402944627999999,7.626873654,7.273245809,7.806652326,7.120917585,7.760745592999999,7.3107410470000005,7.196449301,8.336128072000001,8.261343326,8.183391986,7.966894292999999,7.459353332999999,7.960048835,6.94329072,6.71788509,6.869002875,6.588594352,6.231074587,6.707098015,7.023800546,7.234650297999999,7.444717836000001,7.057544569,7.197630121,7.105792302,7.572432683,7.819440891,7.208031797,8.755983544,9.057626743,8.933153327000001,9.049299915,8.794386616,8.444885757,8.35960522,7.03115232,7.31831415,7.276813878,9.222454339,9.02265483
Ga0242637_112321,6.488686059,6.590251801,6.337160317,6.516428697,6.52541314,6.529791976,6.645951942000001,6.440082296,6.661430519,6.177947146,5.901091802000001,5.872127302000001,6.727438012,6.51992215,6.815585497000001,6.656325108,7.165089685,7.418848173,7.004815763,6.6814841320000005,6.245292997000001,5.243817781000001,4.840645444,5.264394062,5.870293714,5.929323482,6.012805475,6.404397687,6.842956986,6.698284781,6.200885698,5.75997554,5.922550923999999,6.354004901000001,6.1292320160000004,6.099326471,7.3816884279999995,7.7446304360000005,7.82709094,8.382200476,7.623262539,6.969641547999999,6.980871821,6.2670219220000005,5.582626785,5.878397296,8.576134995,8.427171857000001
Ga0242637_112322,3.00145839,2.422088851,2.4500833419999997,2.669405787,3.273794517,2.6922148339999996,2.664422505,3.324328978,2.506512943,2.9887932989999997,2.58606159,1.764951351,2.963087176,3.351026898,3.2488538360000003,3.547978091,3.3308858669999997,2.452468344,2.957841924,1.764951351,1.764951351,1.764951351,2.733434557,3.390490989,3.143822338,3.0702452019999997,3.4852798330000003,1.764951351,3.214162602,2.8067615000000004,3.127659418,1.764951351,2.4662029569999997,3.3047612,3.328847895,2.606994275,3.19781202,4.122987674,2.974604675,4.353666799,3.923781767,3.445576453,2.667729675,2.9134069030000003,3.190463246,2.9136076980000003,3.442297762,4.359912367
Ga0242637_112323,3.698529345,3.425456982,3.49008882,3.677498875,3.522085263,3.632791763,3.824625541,4.091802658,3.2040458910000003,3.316819254,3.3486969460000005,4.116088736,4.342851821,4.221805808,3.632975974,4.753392565,4.281103862,3.698969074,3.2071134580000003,3.00415308,3.469757717,5.243817781000001,3.3872535110000004,3.967222743,4.525876352,4.112162506000001,4.555234673,3.917216817,3.5583942139999998,4.329301877,3.275786601,3.925246862,3.278155795,3.999983807,3.889328561,4.521587941,5.422921493,4.3045167,4.824724139,5.887248805,5.479739868999999,5.539840324,4.677691172,4.1281220880000005,3.9089009,4.128480148,5.979672646,5.496599292999999
Ga0242637_112324,5.357810669,5.430180045,5.009507295,5.429665733999999,5.536779121,5.421298715,5.590140635,5.29636356,5.464967174,5.39231923,5.020303588,5.46731071,5.003764776000001,5.683419541,5.316901363,6.2443583579999995,6.16888972,6.289564507000001,5.66766739,5.161685736,4.181123441,5.171091359,4.840645444,5.138108701,5.828255202,6.031635882000001,6.03295117,5.53850578,6.066362448,5.797834247999999,5.260192441,5.54945943,5.712482951,5.553303362,5.804121743,5.9259611229999996,6.6089580539999995,6.78863294,6.924988761,7.704322417,7.6886592579999995,7.402584952000001,7.086871086,6.01967202,5.636034024,5.70012746,7.67565381,7.466693744
Ga0242637_112325,4.963023044,4.55605399,5.237678875,5.308440455,5.287340617,5.788245009,5.41562481,4.857499627,5.464967174,5.5345733479999994,5.296506438,4.684252222,5.91601374,5.191750273999999,5.055868844,6.378233109,6.924085665,6.962163197000001,6.554112267000001,6.368489265,5.803239861000001,5.56032048,4.840645444,5.138108701,5.806764082000001,5.451121643,5.794059029,4.992980103,4.846067195,4.789837801,5.378952529,5.431291565,5.1002818780000005,5.984731603999999,5.634836862,6.061137782,7.559172932999999,7.7446304360000005,7.5170726629999995,7.633786882999999,8.659566731,8.116554507,8.335244314,5.9855268310000005,6.157496936,5.678876289,7.822018151,7.512619996000001
Ga0242637_112326,7.621213357,7.506047831,7.589573572999999,8.154026216,8.223535748,8.304902361,8.26178576,8.18112451,8.361684299,8.156778023,8.301560594,8.013783384,8.062609446,7.913183775,7.835726237,9.426583772,9.531798079,9.38936379,8.722266145,8.584716332000001,8.739418356,7.914815751,7.578731438999999,8.069626552999999,7.846997257000001,7.80304232,7.936034441,7.644130791,7.357845273,7.716394543,8.250971587999999,8.029373742999999,8.012108884,8.453588027999999,8.19368146,8.464952122,9.786858475,9.902916365,9.522258513999999,9.578019361,9.758205389,9.576843899,9.787758327999999,8.554570382,8.452377154,8.563775668,9.723066867,9.682673673
Ga0242637_112327,7.703114801,7.910626313,7.894356432,8.018523247000001,8.130231121,8.102397224,8.120379563,7.966686183999999,8.097297328,8.314123228,8.01657342,8.00808288,7.8041236220000005,7.796518967999999,7.772390982999999,8.241076225,8.469662283,8.500979559,8.350640063,8.345574697,8.552579458,7.338747958,7.413591428999999,7.689040317999999,8.038324969,8.243093537,7.903661616,7.17650391,7.18374551,7.157231528,8.056795623,7.76969132,8.143275467,8.064077142,7.82505215,8.095618913,8.33629196,8.314472299,8.456158526,7.591875435,8.744012833,8.630021438,8.982507897,7.959236866,7.983847927999999,8.077637112,7.702586096,7.610898412
Ga0242637_112328,3.79986984,4.55605399,3.867591407,4.514300356000001,4.264277858,4.323638534,4.669329099,4.2144303910000005,4.7309567139999995,4.7147717380000005,4.218583159,4.024865287,4.66504715,4.431583664,4.583345395,4.97489283,5.638429098,5.592302132,5.4401634770000005,5.409719957,5.361928221,4.835778512,5.318206933,5.264394062,4.677973662,4.640457153,4.2374047710000005,4.1660224,3.977831842,4.459612024,4.601460261000001,4.622854853,4.066401976,4.789010363,4.406945965,4.521587941,4.818200909,5.335555734,5.448837205,5.852063284,5.665297426,5.579486505,5.198829547,4.613783816000001,4.230481,4.19184173,5.919555579,5.669500702000001
Ga0242637_112329,4.739094285,4.643131277,5.078538254,5.256901236,5.0576658430000005,4.376496604,4.953460831,4.660392731,4.780754992,5.267307644,4.968531455,5.36332174,5.245276071,4.804349092,5.112064538,5.280820142,5.079632359,4.82853269,5.218180433000001,5.497973493,5.16019695,5.954705207000001,5.581806815,5.587314472,5.259413193,5.266836838,5.696262601,5.748802145,5.268860616,5.56276213,5.488562956,6.047253402000001,5.232993875,5.678973714,6.165142749,5.995141107,5.650022798999999,4.737982187,4.734680932,4.714516113,6.261601092,6.618102637000001,5.578933935,4.658514133,4.489924871,4.567961712,5.363917751000001,5.541826584
Ga0242637_11233,6.041703224,5.881951384,7.040772955,7.873209267000001,8.074694829,8.055884487,7.582083602999999,7.674080546,7.685960187999999,7.462158831,5.9548551320000005,6.246796504,7.0403685860000005,6.349449861,6.284176283,7.384891297999999,7.101570542,7.17355671,9.985483016,9.95567632,10.06382961,10.50115908,9.292009527000001,10.08949645,8.211298661,8.062059651,8.358501055,6.551432674,6.933804968,6.890736153,11.56650887,12.10579914,10.52338398,6.474092676000001,8.47635733,9.48627342,10.31762411,10.06373905,10.52223889,8.598665444,7.394123495,7.227368665,7.6079718089999995,8.498323716,8.620041163,8.39236892,8.256924007,8.790791075
Ga0242637_112330,5.740242287999999,5.899453224,5.89993998,5.583727362,5.4849991860000005,5.421298715,5.708318032999999,5.65228799,5.635336689,5.78253743,5.491639599999999,6.015794089,5.3956414189999995,5.381752594,5.746021878,5.966593307999999,6.132970042999999,6.184048724,6.3295493679999995,6.141708631,6.270436562,6.758584973,6.781882584,6.586578389,5.646550329,5.760705767,5.770229216000001,5.910445054,6.204339683,6.213153341,5.837806122000001,6.234718755,5.902877171,6.303013309,6.073623614,6.008585527,6.6089580539999995,5.8711413839999995,6.179637096,5.9215911729999995,5.479739868999999,6.203436097000001,6.126665356,6.01967202,5.962696894,5.635402322000001,6.341975574,6.4385855670000005
Ga0242637_112331,7.076284421,7.223837178999999,6.715522807999999,7.197679487,6.81359109,7.206117884,7.083753138,6.988132255,6.988111994,7.39696585,6.91801882,6.941044889,7.067334627,7.247482387000001,7.202871187,7.752998145,7.947285467,8.187290732000001,8.839201146,9.018338488,9.020263900000002,9.745277641,9.931716765,9.609759834,7.668516900000001,7.914074058,7.518121549,7.410071694,7.191128637,7.4825454339999995,7.0924955370000005,7.429934993,7.260276941,6.9420648289999995,6.438804975,6.861349465,7.412828432,7.650468439,7.709791271,8.442387985,7.394123495,7.176809015,7.706245301,7.143569179,6.92846714,7.128542315,8.280945859,8.172149388
Ga0242637_112332,6.840385147999999,7.039328875,6.638363267000001,6.946270907000001,6.81359109,7.080025872999999,7.126668637000001,6.979820664,7.136753537000001,6.998315927999999,6.515595442,6.411566827000001,6.956303049,7.129623935,6.832256361000001,7.459192233,7.510718871,7.6052768539999995,8.089197314,8.718546767000001,8.319969085,9.236895203,9.342351366,9.341547318,7.2671959820000005,7.342349185,7.553333464,7.043797226000001,7.262951327000001,7.070450204,7.19253277,7.334920497000001,6.883512183,6.5194543220000005,6.438804975,6.947467416,7.317314586,7.403416726000001,7.703960322,8.212836824,6.9183599120000006,6.779367945,7.115777473,7.218815425,6.566864648999999,6.882188509,7.846372742000001,8.241959905
Ga0242637_112333,9.680245699999999,9.758608616,9.486812309,9.759182795,9.696113441,9.731725264,9.909722552,9.854477183,9.859942048999999,9.418527612,8.965423215,9.206263357000001,9.406311206,9.656889921,9.651041701,9.573147323999999,9.735225437999999,9.787549982,9.754464275,9.963400757999999,9.859885426,9.632298905,9.512176647999999,9.63895112,9.612373209,9.597830396,9.679348851,9.807579121,9.808876298,9.8842636,9.694555229,9.837586257,9.795633423,9.141277248,8.910291477000001,9.109205287,9.070962694,8.868461993,9.388726825,9.336161959,10.09806839,9.861136991,10.18534078,9.81191214,9.637233921,9.824532555,9.315512356000001,9.412962777
Ga0242637_112334,8.846968527000001,9.053101243,8.955531634,8.688298987000001,8.598475587000001,8.614002474,8.36690001,8.272371181,8.341411615,7.850894318,7.849738147,8.085909685,8.657761121,8.852759844,8.897816757000001,7.608133735,7.324592891,7.581769126,7.0456941429999995,6.7898218539999995,6.967761387,6.517819203999999,6.481331944,7.036428583999999,8.309738977,8.185237426,8.322222966,8.636272503999999,8.871149681,8.837323725,7.883115257,8.079070287,8.039313917000001,7.823385712,7.836209586,7.8972461329999994,7.9472493879999995,7.344481926,7.8641622,7.298083022999999,7.458041465,7.391543735,7.534964231,8.338886647,8.279430421,8.486718417999999,7.1708402,6.919966869
Ga0242637_112335,9.895141242000001,10.10624813,9.958186175,9.82870682,9.971053212000001,9.806199149,9.610616576,9.591054194,9.593019258,8.779480596,8.91560931,9.163317664,9.488365205,9.696885921,9.608163186,8.52088915,8.570244042999999,8.688696039,8.295245065,8.559454407999999,8.457442716000001,8.274600126000001,8.540932838,8.192865056,8.996278392,8.913993646,9.277775785,9.445825975,9.763810573999999,9.811847119,9.256258728999999,9.33700413,9.441872471,8.657312689,8.657074637000001,8.813231669,8.47549197,8.208326037,8.811014717,8.02878047,8.648654706,8.831310737,8.820847394,9.540093994,9.357657597000001,9.540619972,8.069659839,8.157772452
Ga0242637_112336,10.37609631,10.31320627,10.50346235,10.54012766,10.5710159,10.36663225,10.21478534,10.1767922,10.17490455,10.56677724,10.49044066,10.30062335,10.22054703,10.12616733,9.960392566,10.02831497,10.00182272,9.85404485,9.71068011,9.645838295,9.688949147,8.382350369,7.831316009,8.477766595,10.01614673,10.06889373,9.947557989,9.669704482,9.724937828,9.669927976,9.790743434,9.578989551,9.885809512,10.03265226,9.506925486,9.454787073,9.431670561,9.262452597000001,9.321786513,8.459965174,10.10207339,10.05896009,10.19721586,9.777500625,9.912293294,9.841295083,8.660954961,8.456832689
Ga0242637_112337,9.984757542,9.963235799,9.927274349,9.965432321,9.974558234,9.98851637,9.929034278,9.918889266,9.748896731,9.41304427,9.997733461000001,9.665036126,9.966326837999999,9.769014846000001,9.865473596000001,9.08335906,9.011308758,8.947334168,7.988012027999999,7.285317455,7.707819635,6.396353526,5.259079827,6.32397988,9.590609992000001,9.228747118,9.792682512,9.301821697000001,9.638513631,9.378530621,9.477196509,9.402875072,9.602469114,9.305448442000001,8.812012026,8.973931045,8.791946613,8.650693433999999,8.996525461000001,7.91442691,9.884487932,9.855123682999999,10.03464854,9.845521926,9.746994192,9.706639216000001,8.02056624,7.789388002000001
Ga0242637_112338,13.69166678,13.63756075,13.82723436,13.96906908,13.97426163,14.03245615,14.27970283,14.38538742,14.35897147,13.39316323,13.83710532,13.85363897,13.70038303,13.6719983,13.60766877,13.82474588,13.82585168,13.82951606,13.81334582,13.37641281,13.44018004,12.27735125,11.81827861,12.36763115,13.36156173,13.19941549,13.56603829,14.13103844,14.14850954,14.30728528,14.29897402,14.20142711,14.40642211,13.36245368,13.80922895,14.00605495,13.72116506,13.60124596,13.59724426,13.62120089,13.90701122,13.95912967,13.96118459,14.66909503,14.83237159,14.60260324,13.82304103,13.69530252
Ga0242637_112339,7.456582292999999,7.534248465,7.728907522,7.6924660970000005,7.54992654,7.643755352,8.258575153999999,8.457245608,8.462740681,7.72670733,7.586580242,7.7388354370000005,7.482296497,7.693505002,7.728567266000001,7.772554242000001,7.78930113,7.8462825689999995,8.095697133,7.380742845,7.490039605,6.488400766,5.762437974,6.4348352570000005,7.692072984,7.666974484,7.560273812,8.223882121,8.150220402999999,8.156227293999999,8.515137034,8.421041643999999,8.734884975,7.8809333939999995,8.167420714,8.549937228,7.666413492,7.774699189,7.530314389,7.0727992660000005,8.00333294,8.156226405,8.812047947,8.779901136,8.671861331,8.855428253,7.374411365,6.5530097970000005
Ga0242637_11234,8.268386241,8.316647386,8.169504977,7.999195307999999,7.9802037839999995,8.15483159,8.212859712,8.166559705,8.316702184,8.953252356,7.799344516000001,7.937859167999999,8.710001772,8.220895366,8.301235699,9.876222177,10.14139343,10.12286874,9.897091337,9.984432145,9.944173291,12.85339752,12.86167867,12.39441045,8.00580056,7.788542408,7.881668824,9.11138185,9.094179918,9.120023801,8.543816484,8.674825059,8.274990563,8.608359975,9.241335223,8.961920482,10.37407101,11.94151506,12.42035536,12.20490991,7.600787457999999,7.690740897,7.6579456420000005,7.731607435,7.412743016,7.608844835,12.19706149,12.37533686
Ga0242637_112340,9.896480595,9.937079255,9.895685646,10.05705863,9.989649024,10.14481264,10.01335018,10.01448813,10.08144249,10.01992254,9.569864596,9.672261879,9.914088642000001,10.06023641,9.982944555,9.880733407000001,9.989349875,10.07317338,10.17845371,9.992004539,10.06382961,9.310087363,9.157887211,9.348632667,10.20395926,10.00344967,10.150833300000002,9.958637646,10.203052099999999,9.909468566000001,10.33922359,10.45518534,10.25508693,9.91045117,9.76363725,10.038782800000002,9.856438049,9.782326011,9.88371713,8.832540446,10.52834056,10.20637708,10.31088156,10.39851099,10.37775788,10.21192379,9.016128396000001,8.767310486
Ga0242637_112341,8.465366889,8.461693057,8.296794459,8.048919076,8.003269592,8.254306349,8.109728162,8.064201429,8.204448548,8.727412285,8.166094549,8.154600109,7.658093496,8.027401563,8.198978995,7.372126766,7.510718871,7.656808442000001,7.442471472,7.984759037999999,7.9445388779999995,7.4946867720000006,7.900163323999999,7.689040317999999,8.844291959,8.925081656,8.491498652,8.416302607999999,8.545220646,8.127869431,7.9078441129999995,8.150544724,8.117979151,8.09058633,7.78530693,8.114344397,7.502405071,7.496584004,7.434961753,6.671126478,8.331400902999999,7.975831932999999,7.752979389,7.937133625,8.063613718,7.72697523,6.855823241,6.67929411
Ga0242637_112342,11.23782288,11.13669807,11.13509065,10.29038034,10.43769957,10.50937051,10.69203969,10.69599839,10.83885121,11.76206483,11.66840865,11.6641493,10.94699179,11.06102085,11.02911048,11.15326105,11.49166417,11.57679739,12.47721366,13.26187096,13.06008344,13.36969671,13.19653718,13.27786661,11.53256526,11.71957453,11.45368182,11.94228849,11.79281234,11.80925097,11.16234121,11.0695118,10.99097634,11.92927001,12.02749912,11.8135754,11.084113,11.08037773,10.93498981,11.338301300000001,10.31199986,10.410147199999999,10.49669235,10.92236292,11.19750848,10.8625905,11.50979822,11.48798124
Ga0242637_112343,9.392000095,9.328932394,9.306378113,9.300528415,9.142172759,9.27935475,9.209741499,9.123391468,9.141730941,9.549245707,9.23552756,9.045836622000001,9.062301751,9.421755331,9.278155581,9.677950825,9.90154837,10.04337368,9.997679639,9.823985797999999,9.928493561,9.343286606,9.594594172999999,9.437708845,9.321007538,9.438276812,8.916083188,9.065688368,9.13874927,8.927823472,9.154559549,8.95852089,9.132315595,9.153900419,8.837216709,8.832206569,9.630135727999999,9.617938353,9.623006597,9.6664663,9.491329752,9.39261188,9.374904787,9.091400311000001,8.911645103,9.117708001,9.766246882999999,9.409933367999999
Ga0242637_112344,11.73741815,11.74590121,12.00278209,12.14837498,12.18130523,12.04268114,11.65071564,11.70253915,11.61928949,11.36959536,11.63698944,10.84153592,12.65059695,12.34978574,12.23935667,13.74038558,13.7676071,13.80776151,13.23462474,12.21695871,12.467580300000002,11.56087929,11.86453339,11.85167215,11.04951862,10.80941012,11.07020074,11.25630656,11.53601573,11.53428894,11.04965748,10.815472900000001,11.12555929,11.93815849,11.17529052,11.40206623,13.6466095,13.77140366,13.60996389,13.57237984,13.37641451,12.91033832,13.04511816,11.41060408,11.39734834,11.28246323,13.68261156,13.71844352
Ga0242637_112345,6.712265437,6.5354457870000005,6.660834089,6.810838781,6.53811905,6.710988792,6.5440336839999995,6.66422593,6.3722996720000005,6.501520205,6.460998303999999,6.394164259,6.341844922999999,6.446638841,6.738081898,6.452955864,6.412987867999999,6.505106558,6.351476382,7.087343419,6.770629604,6.396353526,6.9583976089999995,6.927000692000001,6.820189791000001,6.831273417,6.129644375,6.841591171,6.553069735,6.723795598,6.352947775,6.35275835,6.122828611,6.328735186,6.61775802,6.424000522999999,6.554101254,6.078727864,6.600042576,6.30625242,6.804898923,6.499590174,6.70456582,6.402452117999999,6.3290014789999995,6.238819485,5.757208706,6.027805793
Ga0242637_112346,6.135659831,6.419142491000001,6.4185770810000005,6.293045072000001,5.894779528,6.361273322000001,5.6504501860000005,5.919686915,5.880705882999999,6.051582681,5.070243604,5.500353304,5.935707702999999,6.359469741,6.032977647,5.386834068,5.959184685,6.0358927389999995,6.1904604910000005,6.321095654,6.295147771,6.602629057000001,6.976738986,7.053884947999999,6.08175786,6.216678807999999,6.148225393,5.748802145,5.268860616,5.957232736,5.228884131,5.684617141,5.439022045,5.415492675,5.555664486,5.180067749,5.934684068999999,5.978686848,6.000522022999999,5.238749722,5.905061516,5.955534791,6.068599891,5.840183939,4.489924871,5.986003596000001,5.451725904,5.6281973910000005
Ga0242637_112347,9.644024989,9.576750966,9.549804459,9.698172347,9.798541107,9.747662485,9.784742878,9.610014374,9.62858574,9.628666436,9.712825685,9.471521587,9.750518474,9.805143502,9.940366175,9.802055321000001,10.19343082,10.1904632,10.12862075,10.37164056,10.336077099999999,10.13946614,10.37854165,10.112571899999999,9.808276291,9.986614032,9.688877122000001,9.847918237,9.629036241,9.568086021000001,9.294262433,9.188714136,9.268813489,9.332668777,9.091120725,8.967080116,9.279548484,9.646670272,9.823158387000001,10.2244609,10.21917276,9.780938251,10.06829116,9.174981647000001,9.140370332,9.256296189,9.959084717,10.08527217
Ga0242637_112348,11.16356297,11.27091903,11.27397393,11.59205556,11.69221812,11.59915524,11.73368869,11.79034862,11.802835,11.05212407,11.54770041,11.36855569,11.12854508,10.99798646,10.81903443,11.91641982,11.84173107,11.91412387,12.27375214,12.59278698,12.57942502,12.73135441,12.87120089,12.72697601,10.80618882,10.58103313,10.98704128,11.02832615,11.03531092,11.08790747,11.77035279,11.64884708,11.80397022,11.10846103,10.7653154,11.38931135,11.93413187,12.36542644,12.17959149,11.60110118,12.05927109,11.98343032,12.060974,12.21693187,12.17255887,12.15538305,11.75190149,11.69004455
Ga0242637_112349,9.244136463,9.241009111,9.170236151000001,9.314668013,9.429483813,9.476145733,9.563265514,9.653744298,9.705145783999999,9.449212247,9.828603989,9.862733079,9.513078586,9.421755331,9.38220892,9.695981535,9.709601518,9.613060665,9.874592964,10.25846982,10.12529813,10.84618801,10.89813796,10.55683914,9.196862132,9.281464966,9.152524922000001,9.797315602000001,9.269983055,9.452801014,10.0425907,9.696671239,9.975381165,10.17037246,10.15188102,10.36749338,9.768926286000001,9.899509761000001,9.555010677,10.49126944,11.01399992,10.91197982,11.18795036,10.28847955,10.54513016,10.41352286,10.59086818,10.70541262
Ga0242637_11235,6.206635294,6.13918578,6.580601691,5.9818052029999995,6.275127016,5.669202382999999,6.1861335760000005,6.326571788,6.147438318,7.146741823999999,6.550875412000001,6.8546892779999995,7.902200231,6.483747103,6.959101068,8.549506304,8.298220139,8.073932958,8.382883819,8.672162568,8.779302934,11.32366298,11.25983478,10.92593802,5.911134035,5.8568202629999995,5.770229216000001,7.5283029720000005,7.459157577999999,7.638118215,7.247833707000001,6.783264879,6.747059475,7.13643564,8.240618429,7.964154665,9.000991257,10.26775233,10.20073117,9.564542711,6.011404338999999,6.969641547999999,6.606086874,6.223772972999999,6.697752363999999,6.253235265,9.888534953999999,9.879474873
Ga0242637_112350,10.57153887,10.79841155,10.57168102,10.68443294,10.81340831,10.89455892,11.04633025,10.98298959,10.89138598,10.28399231,11.440240199999998,11.24073122,10.64699432,10.76198738,10.95784897,9.867157173999999,9.948696271000001,10.022796099999999,9.870808885,9.910439818,10.00149969,9.628937266,9.280989575,9.524734613,9.918450216,10.23402265,10.03980045,10.52040253,10.42816723,10.54027767,10.75691496,10.71611574,10.84895448,10.16859635,10.76677362,10.93492306,9.850766222,9.929883422,10.21001543,10.30284498,10.83907832,10.58503718,10.07933325,11.43209583,11.408845699999999,11.46117922,10.63579779,10.375041099999999
Ga0242637_112351,5.6914885889999995,4.9110977160000004,5.29665076,4.681923201,4.867262772,5.0266480069999995,4.953460831,4.742600255,5.006240364,5.450934997999999,4.218583159,5.041850661000001,5.003764776000001,5.300425582,5.192383963,6.299413316,6.412987867999999,7.21235345,7.280702803,8.044249885,7.75304185,9.998099137,9.950384826,9.597915898,5.227274716,5.592084812,5.644737465,6.015672426,5.638247326,5.913470117999999,6.409537338,6.631505491,5.902877171,5.775870232999999,6.267783408,6.073980565,7.473160292999999,7.007125982000001,7.8641622,7.91442691,5.322784787,4.754924248,4.213173858999999,6.10164103,6.003829894,5.567606414,8.262967081000001,7.523876547
Ga0242637_112352,7.311449518,7.070484317999999,7.313056153,7.092127934,7.188573139,7.080025872999999,7.390006707,7.299912331,7.24552838,7.39696585,7.578063896000001,7.466896652999999,7.031266572000001,6.929161419,7.2345582639999995,7.92013118,8.13113092,8.187290732000001,8.519674705,8.836808991,8.766130227,9.136305053,9.573674622,9.290950878,6.73197028,6.802677335,6.86125864,6.565342306,6.842956986,6.383022246,7.806277799999999,7.951462597000001,7.335386934,7.069443157,7.359838119,7.506309309,8.029896101,8.069692029,8.594929828,8.715467599,7.073373025,7.09747948,6.965071762000001,7.46736593,7.457734758,7.304721829,8.857454597,8.207476974
Ga0242637_112353,7.854158155,8.099853,7.770793592,8.154026216,7.947279042000001,7.991437909,7.865690723999999,7.970883721,7.826799519,8.19987723,7.978257696,7.696926675,8.206949735,8.324111891,8.146662745,8.161733969,8.112846003,8.175562734,7.569340642,6.824195716,7.113649792,6.682717975,6.627873937,6.586578389,7.620217802999999,7.62406232,8.180804653,7.289666196000001,7.513164933,7.421535476,7.779727749,7.834792192,7.941762666,7.744489856,7.548055815,7.2761609289999996,7.904079276,7.5840941310000005,8.036443364,7.2176715520000005,8.552410219,8.390482948999999,8.711536444,8.093200029,7.5848528129999995,7.955359694,6.839728414,7.111271886
Ga0242637_112354,11.02409313,10.92836901,10.93668625,11.09267412,11.01294119,11.03754075,10.79921223,10.8098996,10.84678252,11.15698664,11.39126991,10.95104365,11.10326894,11.15231032,10.9785711,11.06385159,11.09576215,10.97137603,10.721739,10.80574862,10.77246238,10.04929403,10.22792854,10.16569,10.52238169,10.57963049,10.6344574,10.42076957,10.36758424,10.29671282,10.86881226,10.94974721,10.77536799,10.76548621,10.58777532,10.32324933,10.59031345,10.29133906,10.38870776,9.771079328999999,11.62304311,11.33705639,11.69041619,10.52168379,10.73369476,10.6315671,9.842874669,9.872889584
Ga0242637_112355,8.528929937000001,8.3359965,8.659269232,8.519509173,8.55543242,8.271369653999999,7.931687644,8.060267253,7.94975199,9.37218333,8.599550913,8.513611915,8.349173452999999,8.162097949,8.017877995,7.459192233,7.4609794229999995,7.17355671,6.476448887999999,6.604446799999999,6.770629604,5.615986788,5.532841605,5.809865286,8.070132043,8.228845626,7.919938865,7.590780566,7.559529802999999,7.58346882,7.883115257,7.482599211,7.773745964,8.216281686,7.852785529,7.773105342000001,7.142552369,7.032246855,6.90478613,6.280056735,7.656331627,7.819878449,7.524226103999999,7.7671258629999995,7.888499769,7.597609863,6.341975574,6.059163999
Ga0242637_112356,9.503432532,9.466958576,9.530127535,9.289434329,9.439663852,9.32909029,8.961887006,9.085185789,8.956887835,9.447425223,8.952306794,9.155604494,9.561270423,9.409771967000001,9.350762086,8.779504748999999,8.508644093,8.338691719,7.198511907,7.087343419,6.888874919,5.615986788,5.1328806060000005,5.587314472,8.938376138999999,8.925081656,9.079546198,8.051984606,8.545220646,8.323933735,8.765641631,8.722509841,8.773196007000001,8.928970142,8.691266325,8.464952122,8.533293443,8.374602082000001,8.463078374,7.410867456,8.564072117,8.648683683,8.145131442,9.234182602999999,9.445873973,9.20541051,7.552758734,7.332287833
Ga0242637_112357,10.47264194,10.76668276,10.57242117,9.488270812,9.628009351000001,9.581134583999999,9.113515218,9.041956792,9.137034364,9.022105365,9.541681107999999,9.781537797999999,10.06656316,10.67805388,10.41895533,7.541297577999999,7.694109533,7.785849148,7.018571166,7.115364884,7.0130996,7.858509295,7.800773156,7.817184574,9.437054143,9.441369116,9.59233152,10.15169942,10.51452318,10.36207348,8.752050776,8.789714128,8.877362187000001,9.33425409,8.691266325,8.552227907999999,7.692022105,7.8890709779999995,8.156569989,7.298083022999999,7.986096483,8.033778799,8.771772365,9.37892886,9.38508162,9.341243047,7.4399062439999994,7.226012461
Ga0242637_112358,10.11472461,10.2199585,10.16860728,9.13863176,9.110662532000001,8.923419116,8.719582513999999,8.642301012,8.48878049,9.178949308,9.399129324,9.524385475,9.513078586,9.840389441000001,9.762781204,7.608133735,7.475366664,7.662422122000001,7.569340642,7.824319132,8.020472574,8.091313816,8.063438198,8.043662846,9.076759601000001,9.185140287000001,8.843996149,9.669704482,10.03996459,9.726176401,8.632530589,8.48879463,8.519974073,9.493126659,8.907649995,8.74478219,7.284016434,7.634159112000001,7.821716384,6.768474122000001,7.242652929,7.477592549,7.303351467000001,8.692890241,8.728016927999999,8.732448192,6.82345168,6.885458696000001
Ga0242637_112359,9.43687483,9.315999494,9.277618742000001,8.896912362,8.812063605,8.836669681,8.577373245,8.610372668,8.769316778,7.57124289,7.603463491,7.466896652999999,8.894373846,8.995901911,9.250538536,7.49495429,7.795047017999999,7.733478177,8.201934847,8.437187516,8.531973594,8.265968422,8.565361409,8.335221727,9.278858377999999,9.284911926,8.940220109,9.386420037,9.029786498,9.364422167999999,8.254831788999999,8.169021152000001,8.378028169,8.315935977,8.008839498,7.984654633,7.586740087000001,7.128566922999999,7.10397949,7.752672717,7.820930477999999,8.213760341,8.065915025,8.641878666,8.566289795,8.658705257000001,7.0640879089999995,7.568043933999999
Ga0242637_11236,7.2540678729999994,7.174510828,7.0662358439999995,7.711594573999999,7.59314207,7.404826579,7.818499794,7.773555414,7.98677267,7.1986833589999994,7.09564781,7.232721027999999,7.413927741,7.424735846,7.416845485,8.161733969,8.253018844,8.449968515,8.640170262,8.886410496,8.721331624,7.64873647,8.202326265,8.136661327,6.862352284,7.120977571,7.030809605,7.298013806,7.255927999,7.009549142999999,7.352450225,7.375273631000001,7.252546095,6.811463083,7.011651608999999,7.346505389,7.586740087000001,7.478426019,7.703960322,7.91442691,8.558252953,8.089487059,8.603493392,7.796889059,7.963197561,7.83136893,8.117137159,7.914387389
Ga0242637_112360,7.057237513,7.054990806,7.305949855,7.394020127999999,7.485852556,7.32859794,7.550920972999999,7.445804483,7.61340788,7.3286842729999995,7.3062766429999995,7.271318325,7.022106689,7.1813192379999995,7.247040563,7.772554242000001,7.78930113,7.909014762000001,8.581180307,8.976961718,8.839233403,9.178306762,9.165896648,8.933866613,7.343568737000001,7.2952504760000005,7.200376567999999,7.590780566,7.513164933,7.6907717,7.9078441129999995,7.9831339020000005,7.8163106120000005,7.069443157,7.471402236,7.5250945289999995,7.613790029,7.460036408,7.222954584,8.406577673,7.709815247000001,7.876400639,7.989918049,7.679299342,7.637941192,7.855149042000001,8.345014632,8.643807576
Ga0242637_112361,5.534379952,5.381033025,5.559620534,5.256901236,5.536779121,5.445701935,5.782004859,5.154750768,5.338913594,6.694890934,5.726522462999999,5.433484136000001,6.153086752999999,5.945774446000001,5.814939232,6.796755582,7.110817937,7.385290653999999,7.521856754,7.5129899060000005,7.181404511,7.418824905,7.602538883999999,7.523550500000001,5.054650004,5.266836838,5.220116807,5.222770135,5.211486433999999,4.973300362,6.615954962999999,6.461837488,5.734932025,6.508247295,5.68528209,6.231255426000001,6.243220588,6.72840642,6.821016694,7.041991197000001,6.474626088,6.277393187,6.409822867000001,5.859178469,5.636034024,5.70012746,7.329034207,7.443170052999999
Ga0242637_112362,4.412075361,4.875814748,5.237678875,4.1604384130000005,4.384900493,4.6986458419999995,4.545852507,4.5271795930000005,4.7309567139999995,5.362081109,5.070243604,4.9960046369999995,5.7254107229999995,5.191750273999999,5.59734973,6.326169633999999,6.595473212999999,6.42801408,7.198511907,7.15640113,7.355744045,6.574910802000001,5.674972682000001,6.265172641,4.471220857,4.6836464069999995,4.859823026,4.55761586,4.955471727,4.396006508999999,5.378952529,5.54945943,5.134643458999999,5.83100832,4.957334987,5.499843621,6.018255341000001,6.172248402999999,6.038177841,6.566714891,5.377048301,5.122407431,5.447991032000001,5.28672757,4.80563102,5.421515594,5.7224077289999995,6.390139383999999
Ga0242637_112363,13.05679985,13.05994837,13.14082991,12.81014018,12.76024345,12.78164763,12.62212561,12.70169978,12.73852439,12.91442108,13.47948041,13.26303778,12.9341442,12.98946647,12.82136395,13.404999700000001,13.59117028,13.73230934,14.05343371,13.77649706,13.76741621,13.18260383,12.19953289,13.11938612,12.70919765,12.53448854,12.65759204,12.71221205,12.88269832,12.69665773,12.44247329,12.360598399999999,12.56845388,12.84217808,12.54419493,12.76683138,13.18470049,13.12188846,13.09065349,12.47647651,12.28743016,12.27675196,12.14263803,12.66523267,13.02478948,12.84267346,12.76678411,12.43243175
Ga0242637_112364,8.919911515,8.911971104,8.852041567,8.765822353999999,8.703597743,8.938451998,9.06288288,9.142121446,8.975423049,8.744978044,9.84997796,9.624634301,8.866514729,8.820535207999999,9.015525651,8.461893137,8.778865402000001,8.802358362,7.597098003999999,7.058766186000001,7.355744045,7.0068739110000005,7.196087837,7.12166938,8.457916443,8.496027584,8.534413971000001,8.530476604,8.705825105,8.579118114,9.614205716,9.570328762,9.144892741,8.815505808,9.455407037999999,9.357292572,9.12835015,9.483332581,9.255579062,10.03028916,8.528799702999999,8.143123314,8.304202938,8.811830521000001,8.917023228,8.688126889,9.911796119,10.12275958
Ga0242637_112365,9.573767399,9.55076641,9.416003695,9.682507882000001,9.534535454,9.474673312,9.624399348999999,9.717574469,9.651818747,9.403858796,11.12957149,10.36892114,9.374296424,9.481368522999999,9.428130074,10.00577572,10.36833974,10.51905335,10.17231792,10.10281432,9.999625056000001,9.498706391,9.746520941,9.73940376,9.332292206,9.335651743,9.120023162,9.396168644,9.366022024,9.418096452,10.42222555,10.61615426,9.751084266,9.623316233999999,10.10538234,10.090130300000002,10.50982498,10.70637442,10.44570942,11.70547878,9.060363027000001,8.851588886,8.829593489,9.498443812,9.653434562000001,9.654749758,11.70662245,11.81381845
Ga0242637_112366,10.914662400000001,10.81344303,10.96345434,11.39210591,11.30648726,11.30858553,11.02617824,11.09633497,11.08669585,10.4985196,10.57736991,10.4468269,11.51814298,11.27760252,11.17906335,13.94202718,14.11914462,14.16619959,13.89990579,13.3620577,13.42698896,11.8644016,11.75331855,12.28602151,10.95778006,10.7979964,11.06166945,10.388900900000001,10.3602385,10.42460086,10.73980347,10.59666849,10.88875487,11.29869688,11.44674503,11.49726938,13.72077644,13.49944325,13.35942302,14.77730213,12.41081766,11.86174785,12.04604271,12.0776612,12.24276681,12.19411561,14.84911301,14.91134898
Ga0242637_112367,8.638651097,8.389450089,9.214532316,9.508914433,8.993467417,9.021472685,8.245660782,8.676110721,8.781406103,8.894127798,8.2911794,8.513611915,9.157340372,9.049405109,8.70780143,11.30194051,11.76295154,11.30269743,11.48141459,11.14749961,11.104434300000001,9.192039904,8.8352024,9.029556702,8.317331453,8.132636632999999,8.00377787,8.179406367,7.968891137000001,8.127869431,8.732805857999999,8.019225582999999,8.946046684,9.559689555,9.383088917,9.946020532,11.77703413,10.71995731,10.43078666,11.89990496,10.03242854,9.935212316,9.916478462,9.425708841,10.28721647,10.49144284,12.20923855,11.98490495
Ga0242637_112368,10.00972563,10.1137405,9.971714989,9.67522036,9.75843843,9.795624059,9.592882243,9.599210517000001,9.443180951,8.515188947999999,8.832146352999999,8.927023333,10.14771439,10.21905031,10.16078727,9.654432341,9.60556925,9.455508612000001,8.562533294,7.5129899060000005,7.7882254710000005,8.555249677,8.255842937,8.169045414,9.8881852,9.726349747999999,9.798562205,9.747921912999999,10.00270731,9.715100797,9.099815979,9.158984751,9.206184443,9.272752755,8.997339687,8.973931045,9.520089691,9.57159926,9.397783196,10.39557185,9.559908803999999,9.603393697000001,9.530512163,9.686375542999999,9.610928425,9.729972888999999,10.33245763,10.44774076
Ga0242637_112369,10.29513932,10.34776928,10.3146578,10.02684043,9.985022495,10.07073056,9.848051826,9.770296518,9.895135647,9.429432163,9.384556025,9.569587624,10.47987629,10.54578396,10.51879565,10.05650121,10.11292975,10.11981243,10.0687702,10.21868356,10.10800131,10.72547494,10.88848994,10.60940232,10.11746211,9.88352845,10.06684833,9.953364943,10.27859886,10.04200154,9.750302592999999,9.651401109,9.823282978,9.412878618999999,9.529435918999999,9.492250488,9.636742672999999,9.674841118,9.598078648,10.31416322,9.879829909,9.664271109,9.774231378,10.04054501,9.959966722,9.982910556,10.41888234,10.45069184
Ga0242637_11237,6.795104112000001,6.941603901000001,7.140031105,7.706836192000001,7.715521267000001,7.866740272,7.705131591000001,7.719695249,7.646839412,6.515252153,6.635467096,6.51177938,7.1283595360000005,6.802794400000001,6.8071771320000005,6.815744047000001,7.101570542,6.925264389,6.284665692000001,6.05739422,5.870663298999999,7.97960407,7.316156717,7.632092599,7.430175713,7.682742907000001,7.539351727000001,7.845447752,7.36439023,7.541077971,7.308540957999999,7.511851217,7.267966541,7.158091777,6.961558734,6.940484339,6.985673822000001,7.261955631,7.427903305,7.284988808,8.247096423,7.487996300000001,8.226859048,7.4796540920000005,7.457734758,7.44924558,7.246015427000001,7.1981723639999995
Ga0242637_112370,10.38280134,10.48552901,10.32347799,10.22617134,10.09966841,10.11298708,10.03133169,10.046654400000001,10.15529745,10.01510483,10.18878346,10.08204361,9.934967595,10.21009564,10.16490253,9.860320846,10.03375629,10.33802948,10.46990335,10.81751626,10.66064885,11.04214521,11.13279526,10.90326022,10.23234577,10.27012257,9.977670295,10.09177272,10.37570254,10.18876246,9.963428003999999,9.928492744,9.93129039,9.646470908,9.53458113,9.555272443,9.839355229,9.774908517,9.923140154,10.09733496,9.639222271,9.504412683,9.473061661000001,9.648794364,9.794517635,9.795335737,10.12915915,10.02912446
Ga0242637_112371,10.39137655,10.34140133,10.52043831,10.07470571,9.987337614,10.07753653,9.895325592999999,9.964852643,10.15064503,10.53599792,10.81780325,10.72823749,10.083162699999999,10.23135805,10.11642824,9.617068497,9.685061905,9.597032241,10.22810232,10.82283362,10.67010843,11.38871175,11.27842324,11.02876613,10.52156039,10.44514876,10.39255086,10.37910308,10.60431556,10.47892892,10.30333395,10.33966153,10.17457274,10.21751896,10.12028872,9.9787444,9.810426511000001,9.737237961,9.579095879,9.548202771,9.152073475,9.139090644,9.230488935,10.0154532,10.366009,10.1295133,9.988555695,9.498157605
Ga0242637_112372,12.44681586,12.39880313,12.45189131,12.30373279,12.35360588,12.43371152,12.69116901,12.7734313,12.84926284,13.05835119,14.15751614,13.49898282,11.92898208,12.11387093,11.90657676,12.21725501,12.17343004,12.17511651,12.77165955,13.42424862,13.27912791,13.94280535,13.94428465,13.68957989,12.78044446,12.69061001,12.6078142,12.53582161,12.72768732,12.63251223,13.00739059,13.10573617,13.02044177,12.6326939,12.38192145,12.49244619,12.27209759,12.20978398,12.04570773,12.26613347,11.81704132,11.75060723,12.22324837,12.77364778,13.09971169,12.78659513,12.56577302,12.27401825
Ga0242637_112373,10.10201012,9.948646602,10.02783775,10.2671406,10.15837687,10.15587964,10.34232075,10.23203706,10.32800872,10.28599351,10.60487086,10.39098698,9.62916141,9.680022917,9.543887066,10.10550356,10.16265635,10.26336517,10.53231892,10.80682238,10.7713641,10.4430061,10.50389093,10.48148927,9.836288337000001,10.00135593,9.916803732,9.625634762,9.825567677999999,9.78183109,10.40843054,10.39857946,10.3612922,9.965703428,9.795419343999999,9.95988958,9.873320953,9.650728515,9.979722527,8.944987656,10.60230752,10.49766966,10.57809153,10.306692800000002,10.22570477,10.1821564,9.187935743999999,8.919920185
Ga0242637_112374,9.929566567,10.1286095,9.791467659,10.01822626,9.952214567,10.02418242,10.04350694,9.890369946,9.925411387999999,10.4556035,10.31326626,10.12480714,9.494996945,9.906694294,9.747495413,10.02424303,10.14252038,10.25131264,10.57480571,10.99663488,10.8157217,11.51244638,11.87800362,11.44621384,10.35912274,10.47638687,10.36011806,9.817770137,10.00898406,9.969288086,9.878417561000001,9.967273646,9.788971345,9.937820517,9.677879866,9.612366961000001,9.583019977000001,9.843880827000001,10.13184312,10.24319151,9.274240568,9.422740729,9.643940901,10.00167736,9.610928425,9.886989115,10.18750504,10.10413763
Ga0242637_112375,7.303390683,6.743160702999999,7.361842788,7.197679487,7.147736806,6.99213366,7.0544158370000005,7.352348857000001,6.834014716,7.98014122,8.119912887,7.682681968,6.917305812,6.555209892000001,6.823945052000001,7.8389846279999995,7.446447149,7.52743201,7.793817868,8.142796071,8.064184962,8.204055322,8.509803598,8.086679602,7.0654772239999994,7.097633469,6.894607038999999,6.972559775,6.994152652,7.185034875,6.90858957,7.170365951,6.873462762999999,7.5232291710000005,7.601350506,7.099389963999999,7.104904802999999,7.105083786000001,6.914922865,7.446583027000001,6.011404338999999,7.027862944,6.796737374,7.03115232,6.794517034,7.048263126,7.105052362,6.885458696000001
Ga0242637_112376,10.50548903,10.65814232,10.53189935,10.07008263,10.05290923,10.11014494,9.76903595,9.821159565,9.875533106,10.70705866,11.23690272,10.86142826,9.862454272,10.27758831,10.08289291,8.854813187000001,8.793288371000001,8.874250505,8.975827921,9.169574392000001,9.074701581,9.577549415,9.239847221,9.102624663,10.04386742,10.20611503,9.914098205,10.12263452,10.28981207,10.18532699,9.978678616,10.05927757,9.936122445,10.09943097,10.14964723,10.021528199999999,8.927452084,8.936529785,8.874674291,7.931328842,9.056240254,9.088728404,8.86830767,9.540093994,9.710295193,9.779270556,7.854400384,7.905809417
Ga0242637_112377,9.512195819,9.576750966,9.820418942,9.906489518999999,9.85667937,9.670020151000001,9.310837945,9.268540097999999,9.412417417,9.71140696,8.332263263,8.229995106,9.604841836,9.604232108,9.948982976,8.296156045,8.269620038,8.052718474,8.195897561,8.321732531,8.378849954,8.533838659,8.080489402000001,8.069626552999999,9.846818136,10.22597591,9.648753992,9.109012674,9.238276774,8.834402053,9.49688583,9.278653667999999,9.607021335,9.782750047999999,9.473380605,9.829045384,8.791946613,7.549724815,8.1307265,7.422871234,9.735180892999999,9.818507768,10.09392579,9.446196647,8.776161467,9.489885954,7.396575276,7.382624555
Ga0242637_112378,7.881475098999999,8.140771751,7.765623889,7.999195307999999,8.134415861,8.173105575,8.330669181000001,8.020323723999999,8.217855745,8.004656558999999,7.6201513279999995,7.819166925,7.749694085,8.03053564,8.227593826,8.632101292,8.998917599999999,9.22273369,9.868913117,9.940102251,9.836971392,9.7265275,9.991525156,9.843381822000001,8.110022422,8.513764146,8.229501098,7.996662129,8.161535458,8.281656007999999,8.078739961,8.178171358,8.034815233,7.83239006,7.6143719579999996,7.7332751470000005,8.303445626,8.567269813,8.692367447,9.534443339,7.859303392999999,8.04086115,8.186574051000001,8.155787039,7.798106487,8.028290487000001,9.352818107000001,9.239526279
Ga0242637_112379,11.26762764,11.42189716,11.37924068,11.23122009,11.224470599999998,11.31641543,11.31826117,11.29016126,11.32780749,10.40861885,10.3979357,10.71517863,11.64393811,11.77139157,11.65540698,10.991656599999999,10.81253674,10.64557484,9.544852066,8.149583991,8.473741001,10.61936731,10.23746059,9.875622671,12.11764833,12.12349511,12.11609531,11.42673814,11.42539312,11.45186218,11.72098194,11.86538579,11.46762124,11.13780586,11.10843021,11.13154551,11.64398949,12.02439088,12.00272669,12.42818438,10.82218268,10.72240194,11.072964500000001,11.50376429,11.37309712,11.56105129,12.35743104,12.60659045
Ga0242637_11238,9.631210245,9.772875916,9.74626551,9.437486465,9.395021983,9.35653083,8.801281043,8.866101117000001,8.808242242999999,8.776636695,8.264894744,8.862154488,10.020191699999998,9.988732879,9.91810875,8.96513565,8.519095172,8.356113608,7.848725932000001,7.087343419,7.168106025,6.364313645,6.259363603,6.32397988,9.070034461,8.913993646,9.387174339,8.921925908,9.294170563,9.068737784,8.543816484,8.58824288,8.684083882000001,8.549521244,8.515051872999999,8.489065706,9.183541757,9.262452597000001,9.304554579,8.198946452000001,8.157556759,8.471336566,8.266049365,9.019602107999999,8.867882652,9.01591327,8.130419913999999,8.235128957
Ga0242637_112380,12.37176459,12.44945915,12.31928047,12.50809905,12.51233757,12.584495,12.80419475,12.67991461,12.65249475,12.00799434,11.79042611,11.79898732,12.7571911,12.80586477,12.7837259,12.57827697,12.64431615,12.87090208,13.53147288,13.86910027,13.86832739,14.80236193,14.77754004,14.68981916,13.20973861,13.16592506,13.3358785,12.27108788,12.43666863,12.53556224,13.54657639,13.96767214,13.12398826,12.41270389,12.56236162,12.6715459,13.60172772,13.84939379,13.94596654,14.181116199999998,12.52298583,12.20449197,12.66408936,12.99904384,12.48016475,12.65293434,13.98292989,14.24666064
Ga0242637_112381,11.45835169,11.30404341,11.74033485,12.48986916,12.21774676,12.37986365,12.29221169,12.35956071,12.50538305,11.99887266,12.05637452,11.71138686,11.72020811,11.84398705,11.46428132,12.652371,12.78102936,12.78508228,13.57267433,13.79649966,13.78969058,13.8247266,13.25753782,13.46288709,12.06253269,12.06103875,11.93076758,10.76647935,11.03582331,11.30658593,13.291379500000001,13.49977847,12.99345942,12.1055451,12.12310179,12.6026334,13.84721819,13.50729771,13.28340243,13.68906357,13.11124812,12.94023228,13.30979653,12.35918063,12.59407689,12.69833012,13.58484869,13.82462882
Ga0242637_112382,9.868089698,9.758608616,9.756723003,9.662992082,9.66028847,9.746442776,9.732478957,9.657654792,9.616827405,10.68068103,10.22604333,10.34312104,9.719707943,9.650793721,9.568948699,9.790114412000001,9.88548366,9.970595827999999,10.53231892,10.88414169,10.98918226,12.9091959,12.91700197,12.50951717,9.898344248999999,9.922777193,9.926233319,9.881618977999999,9.980521107000001,9.986497568999999,10.87069993,10.99445673,10.08059586,10.76724769,11.27498312,11.05527364,10.31762411,10.30427806,10.46307025,10.43905371,10.324051800000001,9.847066749,10.71300563,9.837192601,9.785725419,9.645235439,10.79855416,10.69798078
Ga0242637_112383,9.388196755,9.610243293,9.297452244,9.16315036,9.08061875,9.124594386,9.10995697,9.025910338,9.084336922,9.724747178,8.905436732,8.89649692,9.238621163,9.485941526,9.437685806000001,8.455858621,8.752534987999999,9.040790612999999,8.903586022,8.802767719,8.830822844,11.28360531,11.25608817,10.8530744,9.629245496000001,9.447533907999999,9.51587694,9.785495753,9.857222846,9.828093552999999,9.668748461,9.906641555,9.087411448,9.480296829,9.865148893999999,9.629823112,8.948848583,9.174987521,9.571112074,9.492359672000001,9.302361592,8.806594582999999,9.675815567,9.204885787,8.782068105,9.158408613999999,9.327094139,9.422013022
Ga0242637_112384,11.558199400000001,11.73501167,11.60074497,12.05694355,12.07321017,12.10966718,12.24047056,12.25266584,12.28243634,12.19772488,12.33427199,12.0379841,11.62327797,11.65591376,11.58467221,11.68259554,11.64783131,11.76755445,11.41085533,11.40031354,11.4315688,10.67258034,10.6665546,10.80494838,11.12174879,11.14809995,11.49997305,11.45266132,11.63470342,11.67157404,11.85669855,11.84111075,11.94458552,11.73503491,11.91001116,11.60379391,11.25057845,11.05763391,11.20329847,11.24507448,13.04413937,12.57232807,13.03593715,12.05731605,12.02720878,11.93103335,11.32505207,11.35017229
Ga0242637_112385,11.81241468,11.073266699999998,11.2112016,11.23906683,10.675208900000001,10.92344823,9.544935662,9.200473725,9.223755142,14.07913948,12.09642041,11.8974591,12.00615936,12.37681384,12.06690213,10.56811684,10.56607126,10.25874149,9.491637081,9.5694454,9.438001233,9.675301995,9.635544638999999,9.316470906000001,11.60878353,11.43311581,12.40429038,11.31555389,10.82847377,10.97040154,8.540657892999999,8.574448917,8.529597983,11.83247731,13.92566709,9.755411169,9.165378165,8.67480788,8.259528342000001,9.696431822000001,10.68873441,10.60428527,10.88961958,9.428879812,9.577357339,9.630156425,9.397446801000001,9.445873058
Ga0242637_112386,5.898883959,6.344560646000001,6.15903142,5.54138056,6.008895385,5.769079584,5.951167579,5.449548256,5.464967174,5.200420057,5.070243604,5.171089211,6.634286400000001,6.5725344560000005,6.711291715,5.224692397,5.041072829,5.086891291000001,4.103569772,4.182356513999999,4.066657595,7.418824905,7.196087837,7.036428583999999,6.415233951,6.287257392000001,6.44716083,5.888440105,6.000507725,5.978623197,5.837806122000001,5.4617641070000005,5.712482951,6.016764481,5.804121743,5.838282215,6.172077286,5.69298164,5.81764587,6.768474122000001,5.146328175,6.014442298,5.773584463,5.914696581,6.422869211,6.336819188,6.554245461,7.065773967
Ga0242637_112387,9.351555949,9.268121162,9.235246064,9.421605573999999,9.482965649,9.616280644,9.616897801,9.657654792,9.519142478,9.847715331,9.019874623,9.078837343,9.771154618999999,9.505216673,9.444472782,9.087267852,9.296926894,9.178374705,9.21846439,9.543913795,9.513512406,10.13946614,10.40585123,10.17767517,9.932112296,9.874405376,10.0619681,9.51187697,9.533577377,9.448985924,9.294262433,9.002965328,9.348905581,10.21923588,10.05016741,9.994832126,9.738534905,9.662835194,9.478537841,10.05169836,10.00488513,10.12541976,10.19044208,9.934104395,9.957359126,9.860216761,9.85892094,10.09473574
Ga0242637_112388,8.101869368,7.897661692000001,7.821496144,8.583195772,8.307467974,8.697166357,8.378777498,8.711656221,8.299990886,8.401638255,7.813923289,7.882852174,7.92693837,8.058440001000001,8.156617684,8.632101292,8.361537615,8.356113608,8.008824996,8.1222385,7.822571053,8.3903148,8.314668023,8.208529042,8.911040428,8.864167744,8.576089292999999,8.544571676,8.072429347,8.404943863,7.816762442999999,7.568632714,8.216606571,8.792624135,8.447549216,8.435473414,8.642379989,8.889221678,8.588615787,9.514956963,9.367030888,9.259321282,9.543860126,8.633656708,7.963197561,8.555091675,9.187935743999999,9.379284159
Ga0242637_112389,9.680245699999999,9.508760785,9.387687199999998,9.221016127999999,8.837951982,9.084612076,10.31321985,10.78330059,9.460201436,9.431241601,9.174712465,9.145255693,9.483371316,9.604232108,9.570190425,10.08219005,10.24889804,10.24103512,9.436383698,8.554348496,8.418681555,8.802077452999999,8.553198836,8.910116174,9.820348115,10.01179438,9.442671718,11.91440772,9.556613168,9.650126631000001,9.623191767,9.857655925,10.977562800000001,9.406864503,9.418773831000001,9.629823112,10.73895496,11.57799994,11.6655858,12.93442435,10.1968755,8.606348889,8.762667446,8.614287905,8.793809317000001,10.48078413,12.54112303,12.95540526
Ga0242637_11239,10.9479844,10.91556611,11.0462397,10.97840571,10.94548441,10.96389023,10.56785718,10.52673134,10.50519707,10.47590687,10.09492753,10.32718771,10.96023202,10.80927853,10.81537393,10.19878098,10.07092956,9.849131912999999,9.256664458,9.033095119,9.113356158,8.366288349,8.438858518,8.349420775,10.40971394,10.29853643,10.46735357,10.20258472,10.34295157,10.16686503,10.34466667,10.48406057,10.26280047,9.995063391,9.882739727999999,9.893694212,10.53480027,10.73149887,10.68644429,10.07659722,10.15700633,10.14526786,10.13683816,10.15315272,10.34820431,10.23838002,9.944120344,10.08716986
Ga0242637_112390,10.56818116,10.46224106,10.64458235,10.28080926,10.21577696,10.25955407,11.37717104,11.944211099999999,10.5632381,10.89382565,10.97116168,11.01282601,11.577928300000002,10.92113874,11.49794609,11.67092221,11.59982033,11.42535685,11.39381688,11.18514616,11.1406091,10.81841978,10.40246567,10.68552154,11.66639118,11.55052974,11.06411211,13.20350865,11.79250916,11.96362023,11.3363521,11.2021231,13.05264111,11.38803139,11.61850274,12.09932746,12.00350764,12.91897555,12.83866383,14.48057751,13.88742055,10.53701513,11.07480475,10.99422546,11.45486485,11.98778925,14.30093356,14.71915095
Ga0242637_112391,7.627681306,7.862508504,7.612791768999999,7.772065692999999,7.692997759,7.73023048,7.822854266,7.8484722179999995,7.736522999999999,7.39696585,7.16554577,7.381271018,7.917093979,7.940099621,8.032368174,8.296156045,8.244646037999999,8.352646024,8.177632577999999,7.789972286,7.7882254710000005,7.43432001,7.21165498,7.248362872,7.732392237000001,7.841010737,7.801940167000001,8.042082537,8.088326848,7.872687459,7.584930152999999,7.846319316000001,7.800495736,6.991160875,6.9513276920000004,7.506309309,7.8595768679999995,7.759743187000001,8.251556795,8.624874015,7.543017475,7.5783984879999995,7.696713934,8.044410362,7.598309286,7.859858367,8.637889766,8.508732019
Ga0242637_112392,8.379845405,8.358247217999999,8.490954858,8.551703926,8.607534363,8.611324741,8.946008959,8.879557945,8.891467252,8.294374625,8.517325279,8.369901499,8.615779777,8.503974265,8.459719241,9.420399847,9.433940481,9.46356748,9.516069311,9.566912477,9.513512406,8.74732,8.855154005,8.774634662999999,8.481760786,8.621298129,8.447267262999999,8.655882346,8.415765891,8.432255675,8.797746575,8.694088539,8.914563655,8.226562721,8.127110704,8.447829506,8.969932356000001,9.384445507,9.209004208,9.545461363,9.252784118,9.292333419,9.320102872,8.789801049,8.776161467,9.028514742999999,9.72525684,9.578600556
Ga0242637_112393,8.325192181,8.297035173,8.478371875,8.508615901,8.504614172,8.567790862,8.662427433,8.780222768,8.619114865,8.225131807,9.081409852,8.50554331,8.345508351,8.133233727999999,8.496761318999999,8.653350627,8.609896126,8.646841053,9.103854327999999,9.247564449,9.367069271,8.158145805,8.540932838,8.509726066,8.83638763,8.829181156,8.691186663,8.919223915,8.692887042999999,8.874776581,8.531140406,8.466562042,8.649194514,8.427088518,8.469209062000001,8.450288074,8.547389017999999,8.584344981000001,8.438712262000001,8.400521888,9.281322381,9.05764492,9.424817893,8.957279812000001,8.746259949,8.732448192,8.322044822,8.353393823
Ga0242637_112394,10.08918257,10.1803686,10.13091815,9.950417842,9.871795202000001,9.786158457,10.01430218,10.04963354,10.06299159,9.450997061,9.683361282,9.632064747000001,10.11794932,10.27824754,10.23860048,9.770800968,9.758933282000001,9.585262326,9.182281791,8.741191286,8.851758006,7.799914685,7.694022133,7.999323485,10.03583709,9.98343536,10.1323293,10.12145966,10.24973686,10.21707761,10.33102025,10.2972538,10.24051194,9.348444053,9.596574419,9.693464602,9.400950802999999,9.605447312999999,9.677567789,9.5940269,9.591589685,9.65507094,9.668522135,10.412994699999999,10.16597732,10.22384351,9.597191672000001,9.675123362
Ga0242637_112395,9.694175111,9.826296302000001,9.743639249,9.503438287,9.463141581,9.351726154,9.400950111,9.487938943,9.443180951,9.022105365,8.799559265,9.121695829,9.664888935,9.888675803,9.836871172,8.908821746000001,8.818891792,8.718635805,7.512169382000001,6.05739422,6.319441296,5.669565534,5.482136618999999,5.538322247999999,9.829667968999999,9.592276716,9.737128324,9.850756897,9.893862236,9.938328373,9.360243741,9.408716839,9.441872471,8.842493165,9.046193551,8.944587188,8.894750252,8.875415135,8.764159979,8.710581142,8.417491822,8.606348889,8.535626168,9.73458071,9.597593589,9.63977038,8.732378833,8.790791075
Ga0242637_112396,8.532380412,8.516425148,8.227051233,8.527625477,8.250774937000001,8.274758224,8.508770188,8.618421252000001,8.44764697,9.41304427,8.988093838,8.64796274,8.657761121,8.956903415,8.957871461,9.067617109,9.466702943,9.709733475,9.647944876,9.826105598,9.681952388,9.438532488,9.705898636,9.543380896,10.01847724,10.318014199999999,9.648753992,9.02102253,8.814938223,8.26439172,8.445913863,8.622161501,8.474193462,9.543334536,9.088790697,9.025950575,9.05131476,8.818828337000001,8.900391745,10.41372356,8.988621226,8.716592476,8.785322889,8.259176078,7.963197561,8.18285589,10.04750211,10.39662623
Ga0242637_112397,9.084077732,9.163711557000001,8.991396636000001,9.045615273,8.893322008,9.072982026,9.143411127,9.057826713999999,8.998909362000001,8.7036535,8.988093838,8.687727399,8.901879331,9.130501473999999,9.234964162999999,8.437602101,8.764296768,8.729370742999999,8.562533294,8.594698514,8.617585422000001,8.061695493,8.225505546,8.169045414,8.815095194,8.99830107,8.806555136,9.203093109,9.02566485,8.880453219,8.746578377,8.937122409,8.745935202,8.384874327999999,8.184980897,8.435473414,8.519058766,8.584344981000001,8.879854592000001,7.694454717999999,9.076737293999999,8.859620997,8.716260336,8.996278444,8.552533053,8.711760632999999,7.4399062439999994,7.568043933999999
Ga0242637_112398,9.880325702999999,9.93918932,9.770979392000001,9.415787083,9.427780133999999,9.369265613,9.35509535,9.256557164,9.271677755,9.550911022000001,9.379665359,9.459042134,10.0109672,10.09207953,10.12574767,9.600754355,9.626662415,9.733922136,9.197468313,8.700171677,8.757281116,8.358189764,8.088939997999999,8.438456384,9.938279818,9.88352845,9.904588703,9.832204974,9.850248146,9.658410246,9.093363623,9.224482579,9.253409282,9.377949982999999,9.050989159,8.999336099999999,9.137696637000001,9.288732504,9.485350946,9.373737712,9.485209377,9.356174317,9.533191654,9.377288386,9.158646609,9.231077702999999,9.375305026,9.283224492
Ga0242637_112399,10.32528732,10.32374316,10.37189858,10.18827712,10.106074099999999,10.00595003,9.926002192,10.0406776,10.00101939,10.49765641,10.42429807,10.31223322,10.38844835,10.4241776,10.47173363,10.24849693,10.19560408,10.25224334,10.19519381,10.21059292,10.32114367,9.953107835,10.0511162,9.863307466,10.36004189,10.46807208,10.16796786,10.27728127,10.15197267,10.09055981,9.963428003999999,9.96330983,10.0124564,10.21063077,9.843199981,9.872770363999999,10.07651386,10.0267449,9.914331876,10.03224863,10.16276983,10.11371433,10.19213851,9.550321327,9.743971347999999,9.653394405,9.999453927000001,10.0506799
Ga0242637_1124,3.00145839,3.188618776,2.930832432,2.8641280410000003,3.9848634689999995,2.6922148339999996,3.017944431,1.764951351,2.802740674,3.1652587430000003,2.58606159,3.5782764410000003,3.7419712460000003,3.351026898,3.357279135,1.764951351,2.783394397,1.764951351,2.620112537,2.654240015,2.653701924,1.764951351,1.764951351,1.764951351,2.9697458610000003,2.4340741830000003,3.0152714460000003,2.7970937510000002,3.071269312,2.8067615000000004,3.406639872,3.0217587530000003,3.527022611,2.8783458439999996,3.176288832,3.070329118,3.19781202,3.347410348,3.6595699839999996,3.042219942,2.713663973,2.984995328,3.022421094,3.0803301339999996,3.9089009,2.7107655210000003,3.442297762,3.525262858
Ga0242637_11240,8.447201779,8.208825318999999,8.097274485,8.343723317,8.052752052999999,8.162168992,7.8487085279999995,7.792652648,7.94975199,8.614090988,7.747125832999999,7.424719487000001,7.9656573889999995,8.215397753,8.182833087,7.586197478,7.754336537,7.611094382999999,7.745030214,7.61462407,7.779509718,7.621924089,7.440261681,7.655142282999999,8.056586243,8.352276917000001,7.736049387,7.839742667,8.048249621,7.710031391,7.572608866,7.675897658999999,7.5586800279999995,8.273595059,7.879995598,8.151081417,7.813657267999999,7.682543879,7.853667297,8.624874015,7.495074702999999,7.498325509,7.290733500000001,7.0641762660000005,7.2686738,7.436689682999999,8.619168331000001,8.474340772
Ga0242637_112400,10.97168636,10.9042696,11.23710607,10.80228931,10.89026565,10.65233284,10.56266048,10.61585729,10.84029652,11.04327802,11.55856003,11.35907218,12.23458219,12.0760802,11.91393074,12.09300507,12.02184635,11.94898285,11.69335382,11.01626252,11.02372052,10.52305524,9.866866688,10.07888434,9.977139608,9.733935604,9.93959813,11.35906854,11.52729655,11.10376588,9.58076953,9.621530332999999,9.803587517,10.49981353,10.90694391,10.18617374,13.99369653,13.96145449,13.88689293,12.94356316,10.98393048,10.84983448,10.7526319,10.98456081,11.37602889,11.06830106,13.31965073,13.01817138
Ga0242637_112402,12.76193199,12.76810935,12.93278903,13.128519599999999,13.2040833,13.15019722,13.29857926,13.37396066,13.34989342,12.770156300000002,13.86076926,13.36744398,13.01495151,12.79990888,12.70508687,13.57730164,13.4375923,13.33710824,13.05244506,12.69954438,12.74578607,11.16328086,10.32946947,11.15739524,12.59262473,12.34893959,12.65394811,12.80331431,12.83093814,12.80639489,12.98650629,12.67626337,13.06026871,13.01842493,12.76620103,13.18111644,12.7942255,12.98193486,12.78945061,13.80749011,13.56140624,13.5382897,13.83846539,13.3062843,13.59391368,13.33973428,13.88569089,13.97183591
Ga0242637_112403,8.821810867,9.132701062999999,8.812488709,8.871630092,8.657819814,8.859415288,9.08661193,8.947152892,9.072086924,8.840668545,8.490354353999999,8.651623347000001,8.501859113,8.93365771,9.037239067,8.930741868,9.270366937,9.260228199,9.221439039,9.212341537,8.986587128,8.911270968,9.621052548,8.998359994,9.125142025,9.366887775,9.064984655,9.14183221,8.925252655,8.908506089,8.924320462999999,8.992630333,9.009318083,8.325532938,8.154108832,8.647436636,8.460672297999999,8.721860084,8.925658732,9.323416018,9.132626445,8.960161771000001,9.30136297,9.015389395,8.27105422,8.841212391000001,9.092763158,9.15520115
Ga0242637_112404,10.82466379,10.92730643,10.79611479,10.47936148,10.53348705,10.52865592,10.02756469,10.12312324,10.15761805,9.157247998999999,9.508462434,9.903215122999999,10.33493164,10.56319912,10.39882955,9.203468215,8.77014189,8.62401168,7.482710467,7.101422267,7.207638899,8.398235495,7.900163323999999,7.817184574,9.474882557,9.338971778,9.879843921,10.18694521,10.53206291,10.24594746,9.430181983999999,9.314361376,9.814125214,9.262797782,9.363946726,9.514740145,8.575173557000001,8.99516017,8.970053141000001,9.217179238,8.468025172,8.648683683,8.102462698,9.939672707,10.07989264,10.03795968,9.184756343,9.531990053
Ga0242637_112405,8.69207623,8.890321854,8.528058317000001,8.461379167,8.215657692,8.669116274,8.209538202000001,8.144432952,8.199951644,7.610111516,7.586580242,7.931849872000001,7.892184919,8.234548415,8.553113991,7.223707786,7.138209295,7.294199074,6.780970931000001,6.1952876660000005,6.6224148529999995,7.835356363,7.242293719,7.053884947999999,8.641497235,8.739068977999999,8.476905042,9.11138185,8.771293822999999,8.971029626,7.697012153999999,7.64982022,8.15160993,8.266969324,8.127110704,8.258799003,6.761999476000001,6.665550105,7.377502092,7.84476571,7.023532482,7.189616189,6.900079306,7.835641186,7.334488155,8.024101027999999,7.846372742000001,7.454979879
Ga0242637_112406,8.16547601,8.4558091,8.23080723,8.368034796,8.451939977,8.428703148,8.946008959,8.910477465,8.462740681,8.386794662,8.908835567999999,8.347505986,8.710001772,8.81145467,8.647901982999999,9.818608269,9.888173565,10.05835047,10.21920146,10.24743982,10.13215921,10.38838683,9.982483712,10.29968005,8.305927699,8.246633632,8.454733994,10.64582396,8.579366486,8.65062372,8.593435372,8.716242213,9.027544355,8.692348968,8.465621599,8.689665765,9.804570499,10.84564838,10.99708908,13.04554723,8.98428792,8.322369592000001,8.618711772000001,8.492273392000001,8.175555006,8.569536088,12.64685479,13.20889574
Ga0242637_112407,6.571620065,6.693973939,6.532662844,6.088337208,6.080222297000001,6.639118902000001,6.303155516,6.4994757839999995,6.272867711,6.27805993,5.787107708,5.84671801,7.119798335,7.203712822000001,7.202871187,7.319907353,7.900081859,8.073932958,7.78580036,6.969467544,7.379013552999999,7.067769123,5.762437974,7.0008682339999995,6.443302782000001,6.418798259,6.505922541,8.65912489,6.715579105,6.685357821,6.232612634,6.006632882999999,6.28344191,6.39109574,6.1292320160000004,6.502016571,7.179241362999999,8.304202369,8.546886757000001,10.10666355,5.829514431000001,6.203436097000001,5.773584463,6.428072012,6.1205945879999994,6.514802763,9.862904775,10.27370027
Ga0242637_112408,8.255916911,8.313397147,8.256828849,8.601253437,8.672282092,8.502815318,8.825348827000001,8.676110721,8.655696136,8.071162122,7.958711207,7.792883877,8.514970457,8.429957828,8.573072043,8.840989076,8.804723809,8.869405822000001,9.212496628,9.327551411,9.451778511,10.40420448,10.36120686,10.03563762,8.538078608,8.65897875,8.586322668,8.35763471,8.273536785,8.188621805,8.981344678,8.868129876,8.564346277,8.112927015,8.388147246,8.658110382,8.642379989,8.478723686,8.638370782,9.060864605,9.390144136,9.244062342000001,9.562342192000001,8.941824314,8.659079767,8.528721539,9.005355519,9.18386071
Ga0242637_112409,11.23835111,10.84248059,11.19543266,11.61699175,10.95911251,11.24479969,10.96299034,11.18390196,10.95280418,10.9742144,10.50623269,10.48937957,10.23448437,10.93165265,10.82320652,9.659691905,9.896213318,9.747187079,9.384248203,9.4146491,9.401552111,9.70753045,9.680964617999999,9.427707115,11.40655664,11.39892919,10.94392368,11.44985587,11.06674008,11.26975374,10.13239585,10.054317300000001,10.85279265,11.13780586,10.56448819,10.83734192,9.850766222,9.767452687,9.294891587999999,10.39404885,10.95875296,10.88272041,11.36382024,10.04365102,10.00863604,10.68693333,9.785264079,9.784427535
Ga0242637_11241,7.0857142810000004,7.145547293,7.505232536,7.3335582310000005,7.3193508629999995,7.103094337000001,7.395865089,7.231564604,7.254232976,7.903990985,7.083661257999999,7.2030792020000005,7.356797727999999,7.521488402,6.897074592,7.552654322,7.510718871,7.521266172000001,7.801791045,7.969494816,8.035191072,8.185866497000001,8.40541993,8.342338723,6.443302782000001,6.940297022999999,6.8155578420000005,6.722546896,6.9771668689999995,6.879432773,7.118163414,7.035832813,7.164651779,7.241601646,7.238909425,7.341214495,7.766227193,8.105619707,7.650392711,8.338523179,7.183371762,7.056114464,7.628169662,7.072315324,7.127278905,7.290835399,8.350700381000001,8.396888272
Ga0242637_112410,8.476157152999999,8.625279328,8.673137927,7.5562524820000005,7.580926384,7.595784494,7.491978971,7.352348857000001,7.537010412000001,8.401638255,7.295925841,7.812640937,7.989339299999999,8.469751407,8.092377152000001,6.5469064470000005,6.412987867999999,6.1996051979999995,6.889771672,7.718722349,7.468507936,8.452494946,8.636258846,7.962843577999999,8.354705671,8.1055989,8.194249386000001,8.296478994,8.790854534,8.34050384,7.366794355,7.375273631000001,7.577363878,8.029261878,7.640067287000001,7.8717915,5.152609088,6.172248402999999,6.038177841,6.280056735,6.57036743,6.796220224,6.742145415,7.351787937999999,7.366301684,7.4740339879999995,6.008811897,6.206435961
Ga0242637_112411,9.538170738,9.637788142,9.440535456000001,9.734853691,9.676161167,9.768241298,9.79917633,9.71131705,9.646871647000001,9.493183224,9.867550844,9.704337237,9.64713577,9.655875675,9.605743262999999,9.426583772,9.296926894,9.409527609,8.617766393,7.999863391,8.106611357,7.96900613,8.194516312000001,7.990289652,9.399995681,9.534083715,9.429469973,9.527927781,9.329708028999999,9.164904847,9.089045963,8.777725749,9.19816112,9.507249469,8.880965684,9.082512472000001,8.938190002999999,9.267747017000001,9.132944562999999,9.615097679,9.763272421,9.755337109,9.825409927,9.466397561,9.419591964,9.519945116,9.477577305,9.454719803
Ga0242637_112412,7.303390683,7.188777185,7.517587563999999,8.541051983,8.498134135,8.578798125,8.851154569,8.829590168,8.863308068,10.47590687,10.03553589,9.461129554,8.327041827,7.989251587999999,8.274058702,9.818608269,10.17372274,10.64840556,13.27078929,13.71734129,13.7617589,14.19591551,13.65754905,13.90434783,7.321078786,7.462935151,6.905553767000001,7.139818226,7.248870277999999,6.935082977,11.09180588,11.63479374,10.2781049,9.276055872,10.047770300000002,9.860808205,11.07197651,11.11309986,11.10276774,10.54166111,11.26682111,10.49380447,10.95502505,8.577612371,8.024282216,8.073588772,10.47981594,10.981209300000002
Ga0242637_112413,5.4779191560000005,5.330128456000001,5.760888199,6.756577571,6.88492203,6.958795025,9.75884758,9.429672432,9.599861772999999,14.30864621,13.10810848,12.55364075,6.371028016,5.972167507000001,5.363805982,13.16790517,13.62794454,14.27305906,17.22956763,18.22565249,18.11926663,19.09430579,18.5471535,18.76435766,10.00561259,11.14715333,9.042862975,6.659117934,6.598230864,6.833310691,14.27304076,14.63853016,13.23733323,10.96694858,12.27761544,11.98931243,13.75039791,13.82513506,14.21952183,9.945491353,8.632130314,7.811619916000001,9.176665303,10.47719598,10.65702679,9.972079056,10.182732000000001,9.556853667
Ga0242637_112414,6.022150627,5.405818514,5.937310685,7.07005706,7.122667742000001,7.529234889,10.45318704,10.0683599,10.2734177,14.605317699999999,13.78754203,13.210341399999999,7.282045953,6.167466962000001,5.973989322,13.35075228,13.80269269,14.43171477,17.48760423,18.39578649,18.31038829,19.06994928,18.46601673,18.79663745,10.02544627,10.69618068,9.446421561000001,7.355131393,7.344665527,7.562429187999999,14.90188699,15.31239963,13.78711288,11.65007471,12.83053961,12.53113451,14.21319698,14.36032021,14.63022657,10.18625394,9.175069062999999,8.351142043,9.840632369,10.82583599,10.70444802,9.89159488,10.46416666,9.888208759
Ga0242637_112415,9.15069613,9.027545749,9.478938708,9.548006757000001,9.562753339,9.610928977,11.35028044,11.21607924,11.10785105,14.9607038,14.15098344,13.73217122,10.20849263,9.457119503,9.758430337,13.88043083,14.1338104,14.35038979,16.91427119,17.8803205,17.76078571,18.54425218,17.90247497,18.239194,11.60297184,12.40406473,10.95515354,9.550801486000001,9.761334018,9.926030509,15.12829934,15.36730247,14.11407512,12.57503153,13.91205876,13.35714994,14.51543804,14.060867499999999,14.32107761,11.61031224,11.17664951,11.03233102,11.61274501,11.63996956,11.93545708,11.27543204,11.65414043,11.62360652
Ga0242637_112416,8.676567306,8.788666383999999,8.631125298999999,8.424183499,8.5334194,8.737016792,8.851154569,8.852517573,8.87181369,9.29875909,9.689302501,9.381809664,8.936397662000001,8.96347682,8.957871461,9.185347856,9.145521449,9.156667491,9.094149938,8.870065435,8.9167791,8.871996844,9.096355552999999,9.098427485,8.859971856,8.907299699,8.897026774,8.797973406,9.019460215,8.965699098,9.864591296,10.03178257,9.312205783,9.222276367000001,9.855587307999999,9.645998618,9.12835015,9.224837402999999,9.177798559,9.943410341,8.344984743,8.455524357,8.503192342,8.83113378,8.721884289,8.620370148,9.778952827000001,10.02714881
Ga0242637_112417,7.3432417029999995,7.264813479,6.997308508,7.14938244,6.8343343999999995,7.024718205,9.67464175,10.37110519,8.283083696,7.531297307999999,7.02218549,7.499771866000001,8.341833911,6.981952045,8.504576643,9.314341279,9.647451611000001,9.380878303,9.338401689,9.645838295,9.523984162,10.28965617,9.418073077999999,9.947384625,8.700747403,8.621298129,7.796072971,11.955535000000001,9.756368113999999,9.981224175,8.969649095,9.005537549,11.22564874,8.762324794,9.209518184,9.846881325,9.400950802999999,10.42529291,10.51559829,12.59720876,10.39758507,6.6369394470000005,6.980871821,7.23340445,7.2172625870000005,8.917720905,12.32747256,12.73408386
Ga0242637_112418,9.776495644,9.844423134,9.805386432,9.674002186000001,9.599538615,9.554898382000001,9.574927186,9.595138119,9.568811598,10.10626526,9.275569646000001,9.348367852,9.645646431,9.672018662000001,9.705169968,9.277181944,9.60556925,9.819297667999999,9.43382119,9.054950836,8.971363552,8.248548482999999,8.113998700000002,8.363481405,9.515049165,9.592276716,9.528314474,9.305964698,9.57365179,9.429757648999999,9.360243741,9.418400855,9.441872471,9.530945431000001,8.926039595,9.113864937999999,9.27107988,9.057626743,8.986955275,8.286931007,9.765799279,9.610550547,9.461854473999999,9.461760855,9.617549904,9.492920212000001,8.486014112000001,8.214439829
Ga0242637_112419,9.033840932999999,9.119735713999999,9.134595193,9.276650017,9.222982749,9.194241297,8.913718742,8.949281506,9.001495504,9.238031655,7.552208805,7.372421935,9.334177112,9.441901347,9.318614455,8.467902513,8.661124975,8.60664937,8.932918328,8.559454407999999,8.684463267,9.7265275,9.036457103,9.215445845,9.286614027999999,9.494438277999999,9.12938434,8.420130244,8.598917886,8.118291537000001,9.490352536,9.608053281,9.352524729,9.134014102,9.22232933,9.328182436,8.916633635,7.81865842,8.165082594,7.905901074,9.679983446,9.576843899,9.966897364,9.344080956,9.276302281,9.301992104,8.169549607999999,7.964810581
Ga0242637_11242,9.341756932000001,9.461096511000001,9.275802101,9.619357932,9.590429857,9.714362889,9.606834671,9.409715296,9.414359478,9.103792866000001,8.681321405,8.836654435,9.630667856,9.805143502,9.609371626,9.920711974,10.01172393,10.00302703,9.768768596000001,9.342437784,9.304666909,9.615411822999999,10.02713472,9.89268923,9.209156617,9.18882496,9.325389284,9.394224186,9.282127501,9.423938833,9.468912648,9.542259572999999,9.366911202999999,8.95599461,8.878269903,9.071376121,9.701199416,10.03918198,9.859011116,10.41822603,9.817865879,9.74453441,9.80115962,9.606011800000001,9.539503814,9.595288206000001,10.20015647,10.31152783
Ga0242637_112420,9.806728161,9.970475442,9.899229853,9.988155241,9.947466216,9.953004002,10.62069643,10.55006035,10.58322891,10.34669252,12.26634518,11.78821985,10.23547476,10.29332732,10.3087159,9.680540479,9.60556925,9.439254549,8.255162504,7.544239417999999,7.735122792,8.08150847,7.790446735,8.269537313999999,10.173958,10.16835578,10.12766598,9.753999879,9.825567677999999,9.805893666000001,11.41305225,11.52971183,10.87246216,10.66890898,11.47912896,11.37417883,10.5488801,11.01261907,10.64976746,11.89721966,10.05533067,9.906424741,9.980704532999999,9.91500974,9.669455291,9.819707269,11.49318808,12.0270341
Ga0242637_112421,9.714060862,10.018165699999999,9.658365381,9.941333572000001,9.917429602,9.930625018999999,10.74059341,10.66460369,10.70007396,10.71302071,12.3016782,11.57154304,9.729582854,10.08832533,9.99316423,9.646506866000001,9.772099699999998,9.910552414,9.516069311,9.192760276,8.944329486,9.407477363,9.649892596,9.549543148,10.13582556,10.15711471,10.12415857,9.554288548999999,9.596061361,9.878602188,11.96815729,12.28559843,11.2067786,10.5835086,11.62334033,11.50556689,10.35816742,10.79704424,10.94119753,12.15767338,9.948168701,9.537332292,10.04782516,9.788651237,9.149537413,9.527363053,11.81751873,12.21709731
Ga0242637_112422,5.716073102,5.846293105,5.760888199,5.933610091,5.914440741,5.844248707999999,5.438643431,5.693684669,5.608316198,5.805124462,6.081057114,6.015794089,5.85525438,5.86354852,5.3405469839999995,5.105299126,5.586119897000001,5.052757096000001,5.4401634770000005,5.161685736,5.73248443,6.038401672000001,5.581806815,5.680529589,5.646550329,5.96424484,5.745996002,6.2054726460000005,6.017256918999999,5.56276213,5.918146994,6.1252000639999995,6.189243906000001,6.123562943,5.849026537,6.208152165,5.422921493,5.162995195,4.949797315,4.545835038,5.7497599379999995,5.65562299,5.844589955,5.720600994,6.003829894,5.567606414,5.117265012,5.246040917
Ga0242637_112423,9.260872212,9.426919396,9.124536628,9.458864285,9.329012592,9.462839528,9.720862276,9.645891365,9.616827405,8.920132395,8.758704202999999,9.073389383,9.121359314,9.396474269,9.367999825,9.08335906,9.138760442999999,9.348170431,9.573071776,9.467209566000001,9.580258311,9.335058147,9.366878476,9.454225827,9.309633901,9.483979475,9.385222029,9.773578263,9.448387131,9.686223981,9.718511569,9.765058595,9.565524787000001,8.738576695,9.116505672,9.247083948,9.05131476,9.075851164,9.438725501,8.850420866,9.363698557000001,9.142386429,9.690292737,10.18632052,9.837692476,10.08797845,8.93897206,8.818472396
Ga0242637_112424,10.61123335,10.79258825,10.5235035,10.51653527,10.52952106,10.63332244,10.72904228,10.69599839,10.67841978,10.54772151,10.27031387,10.36558196,10.29083188,10.63906599,10.61217151,10.175103,10.33718052,10.42231109,10.8172414,10.90935385,10.94017811,10.95355047,10.97877812,10.95292154,10.60689039,10.84077923,10.76105001,11.30627767,11.14908793,11.33425225,10.74324205,10.90291802,10.68997995,10.23883499,10.61555635,10.5015409,10.06186028,10.30942134,10.47595512,9.711184362000001,9.989833338,10.09001464,10.06644256,11.07689663,11.04006581,11.00382316,9.783163395,9.712485857
Ga0242637_112425,10.39042626,10.54700617,10.56945828,10.43833743,10.35046588,10.42192267,10.25963276,10.33980737,10.39149453,10.13096895,10.96709201,10.34876914,10.40878458,10.51030998,10.45704189,10.09583535,10.16265635,10.23257143,10.96298653,11.28484186,11.38206213,11.06719971,10.65237241,11.19128979,9.990259519,10.14767978,9.965961957000001,10.884066699999998,10.81301257,10.82196715,10.51687284,10.56039209,10.28569666,9.967747549,10.19584554,10.23189951,10.32990719,10.22756339,10.50222468,9.47517634,9.788344018,9.812313732,9.704626068,10.5841679,10.81803743,10.54577938,9.781059647000001,9.57319449
Ga0242637_112426,10.72792296,10.73848731,11.00077438,10.56334044,10.64619933,10.49636883,10.91435183,11.4909014,10.56586136,10.82047555,10.840226699999999,10.81566683,11.17935122,10.65995684,10.89433032,10.88791501,10.78754124,10.62200697,11.15723916,11.36575793,11.32032056,11.035813000000001,10.45733617,10.94476246,10.60921158,10.51945312,10.32592192,13.09890292,11.3316867,11.25289478,10.54315058,10.32840565,12.02502652,10.62554647,10.76677362,11.03617233,10.97884529,11.74104113,11.49926686,12.62863143,12.17643256,9.845045465,9.859970986,10.36082262,10.84367912,11.31582966,12.575819699999998,13.02437466
Ga0242637_112427,11.24520059,11.15496918,11.10420195,11.48011689,11.17658156,11.39713342,11.23659121,11.59551031,11.2886425,11.36534288,10.28738748,10.34876914,11.14181156,11.30568052,11.09399879,11.09427459,10.95661054,10.79866668,10.809355199999999,10.87393215,10.87213733,11.07092064,10.71375714,11.0076599,11.67121301,11.74919761,11.44386752,12.78153733,11.063728300000001,11.04811219,11.01593912,10.87294663,12.01963039,11.29340941,11.05810626,11.18639891,11.89746388,12.3442832,11.85897847,12.87697911,12.25227285,11.72994464,11.55788157,11.21692594,11.55743074,11.96283964,12.48891216,13.05596644
Ga0242637_112428,8.790454587000001,8.903350352999999,8.789754191,8.666412607,8.929891476,8.868414051,8.696042488,8.803941865,8.645811074,8.883593266,8.824968129,8.726425229,8.481965894,8.647639357000001,8.626574143,8.560796068,8.654819985,8.737369844,8.98285705,9.406172187000001,9.470848293,9.379744678,9.228419902999999,9.414262687999999,8.809722613,8.843277779,8.537933275,8.768252553,8.713532605,8.610198393,8.957857914,8.845336665,8.734884975,8.341387324,8.369071,8.405379658,8.668409663,8.283440498,8.44571611,8.067518867,8.944691021,8.891309547,9.117188031,8.498323716,8.352704613,8.492794269,8.373221867,8.098787236
Ga0242637_112429,12.00662522,11.94383031,12.14639528,11.60393802,11.56353403,11.68696887,11.76400241,11.82379665,12.04173751,11.97239959,12.08632507,12.47396172,11.62667903,11.8586069,11.73755414,11.87292851,11.79447964,11.90053471,12.75712802,13.27492694,13.15892782,13.97427258,14.21664379,13.86597624,12.55177669,12.31583556,12.28266488,13.13617295,13.4466149,13.47549287,12.23806542,12.40267387,12.03153179,12.16287302,12.28526669,12.28344485,11.62915643,11.51928414,11.69930604,11.76265779,10.32918625,10.95009155,10.79119878,12.14452311,12.37418466,12.05245752,11.90801852,11.73612626
Ga0242637_11243,5.6914885889999995,5.881951384,6.174748645,5.452719867000001,5.704514842999999,5.583952678999999,5.5055496470000005,5.937005012999999,5.608316198,5.8920709129999995,6.128586255,6.167028737000001,6.495484058,5.985184107,5.988965352999999,6.127484201000001,5.999663255,5.9647947,5.894129065,5.76988924,5.90322142,7.322184567000001,7.257372247999999,6.8085711820000006,4.5784510880000004,4.805726889,5.322368268,5.866092029,5.5716295989999995,5.6980937670000005,6.294039204,6.269445075,6.2053787279999995,5.918436255,6.604755409,6.298416699,7.179241362999999,7.2830344,6.600042576,6.198476607000001,5.377048301,6.014442298,5.660000498,5.421062803,5.346438148,5.258711873999999,6.119789277000001,5.962955225
Ga0242637_112430,8.673445411,8.544418448,8.653684203,9.210971729,9.203200658,9.135817281,9.057351067,9.079366653,8.919087264,10.57662034,9.913955433,9.492083735,8.627899637,8.574377335,8.797477848,9.487007415,9.712639827,9.731254448,9.865114092,9.793976835,9.830658424,8.927780836,9.33526634,9.427707115,9.380197397,9.410143688,9.20438039,8.900166914,8.669302017,8.743881434,9.803975657,9.751331545,9.285948856000001,9.822825832000001,9.919914517,9.753421752000001,9.786858475,9.563011686,9.533806542999999,9.698901079,10.28406853,9.946568404,10.36301818,8.976910911000001,8.990284586,8.935672983,9.814356931,9.729595976
Ga0242637_112431,7.918869827000001,7.835569585,8.003778674,8.164474683,8.235272733,8.271369653999999,8.733524318999999,8.538670379,8.44764697,8.679496834,10.22468036,9.609657601,8.341833911,8.106752615,8.221283856,8.261978419,8.436965394,8.313942047000001,8.388188391,8.832597505,8.693769073,9.083251274,9.60051589,9.051434112,7.793557665,7.831611942,7.84235543,7.670083452999999,7.884910164,7.7290372210000005,9.922762432999999,10.09353001,9.069930595,8.89928929,9.717630598,9.850608325,9.05131476,9.588622555,9.209004208,9.962032263,8.384985162000001,8.310697957,8.458780645,8.395095193,8.336740121,8.133152117,9.846903,10.17722522
Ga0242637_112432,8.356675698,8.522067437999999,8.318135969,8.325216959,8.564764697000001,8.366543492,9.068393561,8.903907416000001,8.929988878,9.468724788,10.99133956,10.27711951,8.403060932,8.521899791000001,8.494146772,8.431464882,8.330226289,8.331663612,8.237637306,8.459209572999999,8.495189478,8.831623459,9.555498922,8.89567592,8.55744191,8.403917977999999,8.330363984,8.267027337,8.183902695,8.46284878,10.69149472,10.99575097,9.847850657999999,9.522626522000001,10.48698425,10.33792737,9.118942713,9.786020506,9.350056736,10.50685448,8.36512361,8.188472605,8.51408485,8.36561077,8.18450281,8.287923264,10.18591578,10.65896093
Ga0242637_112433,1.764951351,2.686586935,2.725182339,2.409644588,1.764951351,1.764951351,1.764951351,2.4271808669999997,1.764951351,2.9887932989999997,1.764951351,1.764951351,2.963087176,2.587354007,2.64618703,1.764951351,2.783394397,1.764951351,1.764951351,1.764951351,1.764951351,1.764951351,1.764951351,1.764951351,2.473778066,2.703120283,1.764951351,1.764951351,1.764951351,1.764951351,2.4650293580000002,1.764951351,2.4662029569999997,2.681282262,1.764951351,1.764951351,1.764951351,2.910528862,1.764951351,1.764951351,1.764951351,1.764951351,1.764951351,2.9134069030000003,1.764951351,1.764951351,1.764951351,1.764951351
Ga0242637_112434,8.276639638999999,8.351924817999999,8.4170563,8.271454834,8.065957739,8.201870742,7.886641047,7.8439022320000005,7.91724557,8.098751741000001,7.9120453060000004,8.107395754,8.149253979,7.943429052999999,8.102712562,7.506680518,7.225926855,7.227584355,7.1113485139999995,7.272932517,7.0130996,6.94329072,7.287064152,6.8289981410000005,8.461347005,8.680076695,8.171771361000001,8.051984606,8.036006018,8.074386022999999,7.873103747,7.891527916,7.577363878,8.009550627000001,7.847281357999999,7.757305038999999,7.473160292999999,7.51451613,7.4628549379999995,6.38209156,7.7202779679999995,8.026661495,7.35274693,7.46736593,7.486967624,7.436689682999999,6.43067678,6.813858297
Ga0242637_112435,8.612808366,8.896850812,9.36223197,8.409618129,8.68660081,8.180350829,8.357927264,8.466192818,8.787412983,6.45951993,6.635467096,6.10415414,7.515302223,7.864837313,7.588488816,5.966593307999999,6.0773473860000005,6.1036337529999996,6.73170198,7.142851812000001,7.181404511,7.64873647,6.976738986,7.485474644,6.185187692,6.393435247999999,6.669049772,6.841591171,7.13863432,7.247896425,7.56640851,7.301804343,8.240244514,6.626970511000001,7.435165134,7.346505389,6.437684056,6.216819847000001,6.196378494,5.489094956000001,6.954277387,6.560066151,7.303351467000001,7.358457914,7.2686738,7.18218988,6.573846487999999,6.149326563
Ga0242637_112436,9.491073807000001,9.945501058,10.082898,9.21265066,9.651556458,9.143250997,9.499425963,9.386339446000001,9.631927736,7.404356826,7.636648227,6.816033568,8.281733000000001,8.999104692000001,8.645547736000001,7.251854761000001,7.348239052,7.490035118,7.411537556,7.491774135,7.355744045,7.858509295,7.759016224,7.934865021,7.638520085,7.302073823,7.825173111000001,7.604304328,8.256050062,8.174827439,8.511914942999999,8.466562042,9.100384464,7.517656999,8.253158699,8.213202122,7.349860838,7.650468439,7.805471474,6.768474122000001,7.507210689,7.456557062999999,8.035995056,8.473968644,7.910239703999999,8.160128331000001,7.450538494,6.970226897000001
Ga0242637_112437,7.934603992,8.030284963,7.781077725,8.409618129,8.250774937000001,8.388605375,8.530228434,8.393011227,8.416977292999999,9.619173128,10.29779476,9.235826187999999,8.230987033,8.331753913,8.31611566,9.536449764,9.484587864,9.784979727,9.43382119,9.7138164,9.54983575,10.18595853,10.30791657,10.12293996,8.703646978,8.604843022999999,8.984738702000001,8.329417728,8.15400196,8.29446995,8.792445126,8.876585327,8.582952899,10.00206165,9.35039444,9.489862632000001,9.137696637000001,9.384445507,9.436969355,9.615097679,10.44565527,10.1287468,10.68797547,8.700782319,8.376324855,8.620370148,9.508423457000001,9.328849358
Ga0242637_112438,10.01836336,10.05463059,10.06196892,10.88146993,10.73429397,10.72843741,10.60750924,10.60104168,10.60038986,11.96461191,12.75687225,11.24437184,10.54443545,10.44134956,10.23155478,11.67871492,11.39804446,11.48476815,11.18111747,11.13643851,11.175068699999999,10.07916104,10.01388392,10.32324973,10.64660495,10.35783561,10.88296978,9.896805916,9.663928477,9.92053096,10.27415539,10.25139607,10.2979487,11.87121282,11.28773591,11.20617021,10.92318351,10.89438066,10.64368986,11.58717338,13.26517585,12.69326314,13.46852393,10.46566336,10.8108331,10.81671045,11.40714167,11.37601584
Ga0242637_112439,8.641849126,8.696867014,8.518871543,8.980095774,8.912941024,8.923419116,8.779047224,8.615743378,8.766278548999999,8.371796726,8.210843254,8.164883415,8.863955199,9.058644252999999,8.826865291,8.994571899,8.89040254,8.677652919,7.809720379,7.029610664,6.888874919,7.145155066,7.272294658,7.523550500000001,8.614019446,8.610348942,8.672096571,8.152047355,8.220427448999999,8.323933735,8.749317172000001,8.697274257,8.622462293,8.303039885,8.31825874,8.400302417999999,8.755983544,8.99516017,9.093356066,9.017999671,8.35172899,8.439536888,8.407126413,8.539979959,7.888499769,8.534623372,8.896847382,9.042352091
Ga0242637_11244,4.140753994,4.643131277,4.159119162,4.271266876,4.646911621,4.61399296,4.149254746,3.723610747,4.51177886,3.450563658,4.739976276,4.2014779110000005,4.0761650860000005,4.543578041,4.77092408,4.83117596,4.470061133,4.656285493,4.630727353,4.067851648,4.181123441,6.298008836,5.719373603999999,5.768038651,3.425532893,3.3393896030000003,3.607398345,3.720385549,4.176888662,4.023757596,3.7303142510000002,4.013713061,3.278155795,4.2986041319999995,4.827425965,4.125150941,4.377864054,5.414567487999999,4.734680932,5.064189077,4.621105128,5.579486505,3.6742944960000004,3.6664255989999996,4.230481,3.466003933,5.0051764169999995,5.007921351999999
Ga0242637_112440,11.04235785,11.13255498,11.09392883,11.218325199999999,11.27082095,11.20450742,11.14828555,11.18480553,11.22920601,11.2572932,11.06477897,11.22423374,11.0625526,11.23748761,10.94737521,11.73211616,11.60881753,11.73363527,12.07431195,12.21129329,12.08992653,11.557346899999999,11.28946244,11.67340481,11.00320219,10.80641525,11.08169882,10.70897782,11.0475584,11.01042733,11.22369217,11.2796117,11.14081331,10.633294,10.54252258,10.69482372,11.22887901,11.46731014,11.5151666,10.84119405,11.26949449,11.17674095,11.37431841,11.268279699999999,11.28329525,11.32394559,10.97823486,10.83415782
Ga0242637_112441,10.14095279,10.15153981,9.908638723,10.35793443,10.34596261,10.40656108,10.38121505,10.34304883,10.551815199999998,11.18352999,10.53950163,9.796494261,10.03733026,10.21285685,10.17228054,10.32662746,10.50954431,10.53825759,10.95585998,11.12701241,11.17838696,11.04593124,11.3971453,11.29762424,10.74769144,10.85302226,10.63363535,9.889922575,9.83266243,9.543251501,10.82534878,10.81840162,10.75773493,10.9101519,10.25730465,10.72406967,10.57663413,10.52372214,10.46307025,11.21950584,11.76368153,11.26707201,11.55326903,10.48559503,10.50641056,10.36714978,10.92873262,11.35883835
Ga0242637_112442,10.33519826,10.20512971,10.35565166,10.59457969,10.50710774,10.54768693,10.16593099,10.1511322,10.24641804,11.87372573,12.759463,11.30895896,10.3386233,10.29723539,10.04588425,10.88230188,10.78898128,10.9330031,10.9478003,10.89023291,10.95379683,9.509714822000001,9.428097544,9.882961647,10.40615854,10.25174524,10.5688878,9.531470505,9.565157634,9.490407079,10.55493859,10.54013299,10.32950907,11.84892853,11.41547796,11.05446595,10.09102009,9.969411778,9.644470715,10.60622369,12.73706122,12.26546105,12.73330033,9.999546273,10.35416366,10.18591108,10.59086818,10.63321492
Ga0242637_112443,6.584989301,6.252357319,6.736829553,7.163347551,6.933793005,7.080025872999999,7.550920972999999,7.668922009,7.646839412,7.660358248,10.07993043,8.760726314,6.8567558779999995,6.742863568,6.627793283,7.946196121,7.942116276,8.187290732000001,8.382883819,8.209279152,8.174661169,7.067769123,6.781882584,7.406166355,6.537442523999999,6.661163172,6.629968471000001,6.223142734,6.275628467000001,6.350616533999999,8.49242977,8.658573287000001,8.025775547,7.715580547999999,8.403228651000001,8.52449669,7.836799837999999,8.451064069,8.126373869,8.957415841,8.474219156,7.899962317000001,8.383561512,7.371705984,7.397428217000001,7.241151425,8.762548091000001,9.133326533
Ga0242637_112444,6.584989301,6.643046963,6.934167344,7.017204262000001,7.274536619,7.373553051,6.533433323,6.695028047999999,6.552647097,5.13022099,4.609972668,5.171089211,6.946652267999999,6.8813272439999995,6.98914069,6.157606328,6.16888972,5.769901987000001,5.11866428,4.287870375,4.475808083,4.257192719,3.3872535110000004,3.8026455180000003,7.127284156,6.6070503920000005,7.155240818999999,6.308373689,6.233280996,6.24877135,6.048744573,6.199132313,6.779715636000001,6.950364584,6.110934165,6.30931133,7.502405071,7.2830344,6.863510367999999,5.489094956000001,6.57036743,6.277393187,6.18247369,6.725261135,6.794517034,6.918778087000001,5.117265012,5.401599866000001
Ga0242637_112445,9.04596172,9.058934922999999,9.407732855,9.966427752000001,10.12932126,10.03020904,9.129419608,9.073523948,9.271677755,7.57124289,7.762239407999999,7.3364721489999996,9.859887622999999,9.424140105,9.302267941,8.588639841,8.487511987000001,8.179482672999999,7.728393821,6.564324514,6.478889971,6.038401672000001,5.482136618999999,6.461263513,9.615455612,9.414870807,9.717090067,8.599613752,8.418912263,8.731371192000001,8.693528203,8.191788735,8.943649157000001,9.106446895,8.369071,8.517479775,9.839355229,9.822454228,9.58386504,7.835816606,9.602939666000001,9.307092787,9.275991637,9.350783875,9.453296005,9.477684699,7.969742385,8.235128957
Ga0242637_112446,10.10780333,10.10812487,10.36337038,10.42464081,10.38072091,10.4454145,9.661332905,9.657654792,9.813603992,8.266264284,8.701059744,8.075045412,10.70033345,10.50693914,10.39952824,9.297569232999999,9.249598181,8.804897978,8.823624802000001,8.667441047999999,8.739418356,8.854832137999999,8.869938679,9.127554477999999,10.28749618,10.248218099999999,10.46550691,9.510082472999999,9.511642058,9.744967537,9.215247113,8.923585355,9.530807388,9.62849393,9.150417001000001,8.863901904,10.43598811,10.38444805,10.38415819,8.376041256,10.15508004,10.07284471,9.895806952000001,9.822800913,9.840525371,9.922305021,8.188723425,8.421165791
Ga0242637_112447,7.4995357810000005,7.550907812,7.781077725,7.767503044,7.726652447,7.825741258,7.709841645,7.783135645,7.736522999999999,7.367017063,7.828356146,7.4161339260000005,8.395991197,8.389035195,8.099275647999999,8.939417496,8.93270969,9.132608316,9.919244226,10.45070536,10.18755156,10.00330116,9.173861861,9.904757191,7.321078786,7.329048714,7.482028047000001,7.834014922000001,7.08415517,7.41372443,7.645004988999999,7.3592676820000005,8.057169624,7.981494289,7.665312706,8.204489873,8.668409663,8.737209164,8.730145139,8.635225549,8.282823987999999,8.31654558,7.909692476,7.90104831,7.866427077999999,8.007220423,8.749695592,8.738619769
Ga0242637_112448,9.285617337,9.289780581,9.281245174,9.456032146,9.427780133999999,9.455393812999999,9.306181132,9.307226137999999,9.247915435,9.718833416,9.695219352999999,9.176082004,9.730988053999999,9.481368522999999,9.594803094,9.905296125,9.912159647000001,9.917609406,9.790964122,9.780922268,9.75489047,9.343286606,9.700394866,9.564834594,9.706438255,9.578298253,9.570161311,8.759215563,9.031842914,8.780774071,9.116882487,9.063467051,9.106827483,9.79200887,9.241335223,9.378100619,9.476557424,9.427658242,9.233491641,9.556395875,10.04704463,9.840994382,9.988535417000001,9.245017314,9.309396971,9.272278336,9.361291831,9.397751711
Ga0242637_112449,9.750068037,9.804470619,9.722455251,9.983245831,9.92106719,9.971913505,9.793642078,9.805970602,9.75810177,10.33514192,11.062492,10.16505953,10.13927257,9.957792507,9.940366175,10.67197122,10.54321365,10.59364839,9.658957782,8.926480805,9.194261766,7.97960407,8.130465843,8.398044766,10.27488003,9.842012477,10.25392798,9.189702627,9.241834304,9.134348184,9.462251138,9.248568831,9.443570239,10.60599364,9.912028737,10.1297784,9.5057244,9.465012168,9.275369234,9.561832208,11.85313377,11.28283716,11.78506491,9.879525795,10.08706706,10.00220465,9.474976772,9.454719803
Ga0242637_11245,11.10394307,11.10274483,11.04357317,11.51046267,11.46895878,11.55036616,11.92123272,11.88512084,11.91955481,11.25882237,12.54004838,12.16282537,10.85074318,10.98955774,10.91157659,11.02566186,11.25844882,11.4041595,11.49438399,11.74761257,11.77076018,11.30482687,11.350470800000002,11.34710575,10.63753661,10.7269168,10.74743595,11.06728721,10.83142817,10.97902523,12.11818064,12.15904313,12.11140017,10.76842082,11.12671621,11.41628195,10.81665602,10.55653676,10.69822125,9.771079328999999,11.84299892,11.72060416,11.59297685,11.99101847,12.17312083,12.025994699999998,9.997643262999999,9.756079902
Ga0242637_112450,10.37417485,10.26691569,10.43674294,10.70783502,10.64766375,10.56023621,10.39150988,10.49939184,10.44757036,11.33134874,12.537855,11.32852777,10.83645381,10.60057736,10.41826599,11.8145917,11.67027425,11.59047712,10.86462581,10.60434404,10.56754699,8.866297938999999,8.630482015,9.060093015,10.47819542,10.19149707,10.655667999999999,9.312156975,9.425106653,9.486690281,10.0144078,9.799556682,10.0441336,11.24239874,10.77331743,10.70926425,10.67299026,10.23569125,10.06860198,10.28487782,13.04647931,12.60554167,13.26737842,10.69433176,10.9112571,10.69354223,10.38188044,10.06807971
Ga0242637_112451,9.945182288,9.928607999,9.961580291,10.38647643,10.48270066,10.44165127,10.48031088,10.48332363,10.57196381,10.25568014,9.937441982000001,9.648644629,10.0293576,9.994360746,10.05832625,10.68105207,10.70832503,10.72883865,10.94510371,10.83340991,10.82739408,10.16985607,10.73140473,10.41723045,10.18437388,10.40848681,10.32388491,9.56123749,9.344674406000001,9.536076686,10.35997816,10.29094188,10.47937313,10.22180744,9.961259132999999,10.28313191,10.3858847,10.16934897,10.04112181,10.76782709,12.66477869,12.23645556,12.77690918,10.70221548,9.985786691,10.61006976,10.69286108,10.87207446
Ga0242637_112452,9.534734319,9.410283104,9.53165071,9.823222589,9.534535454,9.706857425,10.15906073,10.08103403,10.17490455,9.752511166,9.614259779,9.361837746,9.418572017,9.482513134,9.372277268,10.24325143,10.49373556,10.7761956,11.451958300000001,11.72847464,11.62698343,11.5160903,11.7952285,11.80671789,9.524918476,9.64955064,9.333511823,8.797973406,8.938467187,8.660555482000001,10.52728189,10.56301373,10.58082302,9.68052067,9.422479297,10.18838434,9.878904965,9.550033709,9.627633011,9.684021741,11.22059887,11.0198421,11.37132672,10.42257035,10.18616247,10.34800741,9.82051551,9.60797714
Ga0242637_112453,6.240849865,6.31881479,6.84869378,6.661334644,6.705140522000001,6.862923865,6.388010931,6.715202637000001,6.566703287,6.8437422660000005,6.34516328,5.92163303,6.887349006,6.742863568,6.296254961,7.074084212000001,6.913553856,6.906454373,6.591426521,5.581083416,6.026528808999999,6.5466481420000004,6.695904429,6.787850294,6.400991392000001,6.259440542,6.534427166,5.820322182000001,5.895684574,5.672033075,6.615954962999999,6.830493495,6.980328724,6.687824652000001,6.591634251,7.105645374,7.317314586,7.460036408,7.23108847,6.477363137999999,7.420031753,7.189616189,7.513407397999999,7.429860202,7.234604227,7.167064709,6.739188362,6.617536594
Ga0242637_112454,11.15575457,11.05148764,11.17462321,11.37721282,11.40068725,11.45801012,11.75320833,11.72662729,11.75689259,12.26267707,12.81100562,12.35664563,11.30684485,11.23952006,11.29023395,12.41487333,12.34550672,12.46048442,12.7888061,12.96107986,12.92709478,12.89771876,13.15966212,12.93162443,11.86204658,11.76871629,11.86609719,11.61673643,11.75285537,11.72893902,11.77875461,11.80539159,11.67694544,11.82938927,11.59365767,11.67960966,11.61751324,11.76182678,11.8085988,12.16795833,12.05256077,12.16857505,12.19898635,11.77815778,11.51904442,11.67430361,12.28430873,12.04667125
Ga0242637_112455,9.321956927999999,9.031506951,9.482093307000001,9.017075756,9.071918619,8.884028061,8.907583027000001,8.951406983,8.83458824,9.873230777,9.867550844,9.843658904,9.317437575,8.886011427,9.222382459,9.221363786,9.194157017,8.852320139,9.456721532000001,10.03479093,10.00897394,10.054314999999999,10.4243311,9.975118867,9.383817354,9.414870807,9.079546198,9.390327389,9.616758818,9.185686577,9.238824889,9.078204156,9.171772786,9.758159082999999,9.779615816,9.803314133999999,9.262561267,9.087874116,8.741572771,9.053165122000001,9.650205021,9.668849285,9.436315368999999,8.912674391,9.464357944,8.915461105,9.271233213,9.354287151
Ga0242637_112456,8.309188912,8.184124963,8.200481769,8.08236571,8.096308756,7.906605817999999,7.681347743,7.816173937,7.717769106,8.249951783,8.264894744,8.112717627,8.08915369,8.231828125,7.884464877999999,7.98861739,7.687946131,7.445142849,6.515804557,5.872266967000001,6.435108205,7.182343406,6.556467632,6.787850294,7.771614702999999,7.8596265270000005,7.859335428,8.662360162,7.960277835,7.6110524239999995,7.522242943999999,7.568632714,7.701781196000001,8.00159007,7.7145149989999995,7.6964623560000005,7.8819997310000005,8.29385879,8.32176265,8.725191135,7.198422224,7.5783984879999995,7.340555848999999,7.90104831,8.148373627,7.924223372,8.53677468,8.966027197
Ga0242637_112457,9.634424618999999,9.611566947,9.634464406000001,9.399664162,9.396764767,9.444904826,9.341505027,9.11013427,9.205926338,9.740886124,9.474460788,9.427362873,9.451335465,9.443077691000001,9.428130074,9.524967794,9.309022331,9.287723096,8.585804637999999,8.222215777999999,8.214001377999999,9.379744678,9.032081948,9.172169415,9.592175443,9.906086881,9.474238939,10.66045857,9.395068254,9.398449176,8.988316783,8.898893852999999,8.931601385,9.295717308,9.32883738,9.016027599,9.498487753,10.06981355,9.977308022999999,10.68555675,8.799328578999999,9.025876897,8.803194494,9.009047167,8.82275093,9.139170514,10.34532896,10.72016242
Ga0242637_112458,7.270697058,7.216893082,6.828990567000001,6.738026389,6.88492203,6.933274745,8.058954282,8.309302887000001,7.164726596,7.16426451,7.462514627000001,7.222908003,8.09353062,8.046104668,8.18607676,9.253026806,9.653788479,9.823060864,10.99027412,11.32661595,11.16171881,11.82748492,11.67901267,11.72127354,7.321078786,7.425933736,7.319717803,10.9026515,7.829233645,7.855494485,7.49638442,7.629947892000001,8.176328182999999,7.635529528999999,7.836209586,7.974441074,9.329341951,10.55653676,10.81301961,11.60307993,6.703001936000001,6.301223246,6.262320027,7.2972869860000005,6.672509707000001,8.483670869,11.39343612,11.48005926
Ga0242637_112459,9.339789116,9.154659817999999,9.277618742000001,9.082810359,9.069735364,9.111389694,10.57238899,11.03802767,9.692397879,9.896994005,10.29649795,9.972167293,10.27164929,9.914348141,10.33159444,11.29519741,11.71981281,11.94121269,13.07029086,13.63857007,13.47854003,14.033473,13.73815329,13.91393263,10.13044877,10.2024744,9.538890531,12.67945569,10.84902867,10.82858897,10.23170042,10.17918534,12.04277591,10.39282037,10.76239453,10.97046782,11.72527909,12.45459469,12.50785679,13.67423901,12.1384262,9.088728404,9.233787157,9.57629201,9.610928425,10.85435647,13.59041558,13.85932737
Ga0242637_112460,9.726163385,9.687588077000001,9.670860329,9.601527908,9.635409193,9.672591073,9.693783496,9.601919076,9.587865988999999,9.916502001,9.853509703,9.588807427,9.434184334,9.696885921,9.887555746,9.487007415,9.847288676,9.909372885,10.11108524,10.33786899,10.37852988,9.788102913,10.0227313,9.968235131,9.798816755,9.886934784,9.756892059,9.840797054,9.539370901,9.517981962999999,9.448835123,9.624880015,9.545111087999999,9.45428971,9.091120725,9.326845188,9.361607701,9.241078444,9.428156414,9.332986015,10.1685104,9.865131983,10.08482276,9.544486017999999,9.207744278,9.550847339,9.349982436,9.59736383
Ga0242637_112461,10.76358961,10.5764506,10.57906552,10.42608869,10.58865829,10.37533831,10.94562886,10.77911853,10.73933574,10.65613488,11.53950172,11.06865243,10.28127247,10.24693332,10.59397358,10.61489877,10.617227699999999,10.578144300000002,10.671507400000001,11.17187299,11.11486285,12.12282173,12.44430456,11.99628453,11.16761839,11.47067892,11.06898507,11.15200252,10.97620586,10.99088126,10.53682403,10.58123302,10.45937334,10.4669516,10.62362646,10.34058014,10.254589300000001,10.47649043,10.36396787,11.53837355,10.18936584,10.24060793,10.31866788,10.29544507,10.47211366,10.17556209,11.21948504,11.41204201
Ga0242637_112462,8.799074117,8.783977752,8.751048508,8.858820828999999,8.920229905,8.790073393,8.597841867,8.566671556000001,8.546591889,9.776907665,10.10385153,9.359601479,9.125639256,9.002300378,8.911597691,9.221363786,9.326977437,9.604339972,9.663339512,10.15602564,10.06741355,9.757643703,9.989270102,10.0617409,9.227404088,9.1287101,9.339573855,8.377457001,8.393546994,8.260043166,8.578112026,8.771693989,8.487422571,9.652837352999999,8.974803838,9.045594075,8.894750252,9.026731547,9.084409111,9.364435131,9.916679657000001,9.504412683,9.690292737,8.628149252,8.703328368,8.519823265,9.324207397999999,9.454719803
Ga0242637_112463,9.248338637,9.315999494,9.166319251000001,8.915587462000001,9.049935931,9.00116113,8.735834909,8.780222768,8.591915253,8.028762126,7.945531464,8.391954594,9.550168799,9.458283508,9.578852705,8.146827168,7.9575685929999995,7.932434077999999,7.222477175,6.7898218539999995,6.936723275,7.305428628,7.012735715,7.233122031000001,9.109922911,9.045805036,9.14100103,8.737906444,8.988030308999999,8.795871814,8.629560597000001,8.759554274,8.794639695,8.233376254,8.294189232999999,8.445366741,8.352438823,8.324669622,8.392339025,8.436480999,7.285566544,7.876400639,7.677460078999999,8.887540485,8.828470221,8.772953973,8.511617672,8.564289074
Ga0242637_112464,7.588431094,7.840094497000001,7.5237255979999995,7.4463490320000005,7.071181994,7.354457991,7.112505014,7.13757257,7.296984431,7.223968555,6.890756098,6.988161845,7.327360566,7.933417609,7.518149855,7.209425436,7.110817937,7.483706892000001,6.476448887999999,5.804834614,5.966199916,6.574910802000001,6.134042288,6.1066750260000005,7.336111008,7.225179196,7.414691223999999,7.013697155,7.035761077999999,6.890736153,6.742434605,6.9095906320000005,7.29079221,7.046401815,6.267783408,6.68870323,6.497069943,7.081211592000001,6.9645633579999995,7.37424447,6.547022713,6.370431002,5.944906754,7.371705984,6.566864648999999,7.26265461,7.118452405,7.096264975
Ga0242637_112465,9.986016262,9.988926538,10.01264763,9.778581633,9.739335386,9.645365127,9.564565921,9.542534021,9.554794057,9.702444453,10.08143718,9.955976044,9.848280857999999,10.04482239,9.833772721,10.00370913,10.04585264,9.945497156,9.971416577000001,10.1219212,10.03483303,9.552927262999999,9.490017675,9.653328207000001,9.840246022999999,10.00762806,9.770417745,9.447702155,9.55946695,9.536076686,9.827492045,9.796589382,9.860614905,9.558333697,9.22869249,9.421345658,9.408692287000001,9.536937922,9.798751794,10.08794565,9.463581239,9.610550547,9.484182453999999,9.591935851,9.532513356,9.807572967,10.11419637,10.08906505
Ga0242637_112466,9.100441943,9.163711557000001,9.091869654,8.867372963,8.984223737999999,8.940586821,8.87859948,8.951406983,8.983294382999999,9.157247998999999,8.962155274,8.852644714,8.82237275,9.143585134,9.028231495,8.760046889,8.654819985,8.646841053,8.576541104,8.957754467,8.872393683,9.083251274,9.397812722000001,9.007342394,9.203022471,9.360367737999999,9.045337759,8.974929408,8.736411051000001,8.810813177,8.869991,8.901658317,8.852017297,8.679933473,8.223726642,8.462518444,8.504682213999999,8.706345922999999,8.864257546000001,8.226594699,9.148204985,8.989738667000001,8.982507897,8.930682405,8.633171772,8.933441152999999,8.310421271000001,8.365955214
Ga0242637_112467,10.07387421,10.01716726,10.26972943,10.00472336,10.15837687,9.969824647000001,9.993211606000001,9.987814417000001,9.965698505,10.37234812,10.74170773,10.79264449,10.05538973,9.983082972,9.777906728,9.978676318,9.880088756000001,9.892757413,9.812823332999999,10.07812466,9.957754637,9.053468803,8.41216995,8.971072257000001,10.09334529,10.19699618,10.14853324,10.01919009,9.985834567000001,9.891309266,9.60516334,9.400922547999999,9.724796557000001,9.977924931,9.932962445,9.751429587,9.287967666,9.257138675,9.294891587999999,8.382200476,9.326525704,9.684759447000001,9.077353399,10.10737861,10.3501935,10.29684134,8.710436394,8.098787236
Ga0242637_112468,9.279470734,9.294733062,9.508632484,9.005499956,9.108537174,9.031522212999999,8.747332666,8.810982205,8.991123,9.01004875,9.465256687,9.544212841,9.287190175,9.518669249,9.055087215,9.15959078,9.165616401,8.919481232,9.203498439,9.4146491,9.435229917000001,9.241304968,8.42557596,9.05577006,8.865160841,8.829181156,9.157108826,8.606348649,8.962383841,8.938746934,8.67059412,8.581362387,8.745935202,8.935251644,8.891698714,8.817046669,8.838543814,8.558655828,8.632244456,8.020906344,7.76138582,8.033778799,7.400505644,9.350783875,9.536012819,9.492920212000001,8.027682759,7.702903251
Ga0242637_112469,6.584989301,6.632641725,6.532662844,6.516428697,6.3776980210000005,6.80780962,6.812983992,6.7350984160000005,6.661430519,6.670560655,6.533343557999999,6.976526291,6.81492712,6.750492763,6.951492256,6.635096769,6.500095625,6.906454373,7.269244337999999,7.653353107999999,7.71697825,7.738837951,7.492166087999999,7.806930249,6.8308467,6.79301771,6.756313597999999,6.710082709,6.6311953379999995,6.809683649,6.848505369,6.683889763,6.873462762999999,6.755715147999999,6.693399491,6.769752769,6.761999476000001,6.846441292000001,6.522571967,6.38209156,7.183371762,6.9990463389999995,6.932942053,6.980152202,6.9704850060000005,6.918778087000001,6.756440132000001,6.795387807999999
Ga0242637_11247,7.211635605,7.152842934,7.255199876,7.540291634,7.531001562999999,7.411000683999999,8.876506771,8.787379537,8.81119345,12.05598578,11.351859699999999,10.89037453,7.475603696,7.252861289,7.163903474,10.38653878,10.40072522,10.84258533,12.71580157,12.58686099,12.69832288,11.24898784,9.991525156,11.33734429,8.888283025,9.703349872999999,8.301667091,6.257844036,6.924973725,6.890736153,12.74462284,13.13862233,11.57994085,9.541963211,10.86671204,10.36423804,10.98144303,10.41100875,11.33312564,9.037641765,7.394123495,7.568629215,7.340555848999999,8.695525734,8.488950603,8.234534235,8.732378833,8.790791075
Ga0242637_112470,13.56768397,13.53674526,13.76084609,13.70762113,13.79383382,13.71326747,13.43030822,13.52421645,13.54199295,12.63302536,13.75828503,13.6535784,13.34260104,13.2844344,13.14601679,12.69781789,12.44728019,12.22337462,12.15975251,12.26384619,12.32814641,11.27179901,10.87877697,11.17244697,12.22899936,12.09751358,12.41748439,13.22061729,13.36435172,13.34237012,12.53465268,12.23580752,12.86474171,12.97335498,13.02449749,12.76867926,12.63587715,12.7491036,12.57206853,12.16483588,12.65015077,12.67118614,12.15617251,12.62639958,12.995222300000002,12.86362956,12.34751384,12.13325184
Ga0242637_112471,10.32628148,10.44971472,10.43836789,10.29514218,10.26812698,10.34342484,10.13825144,10.095521000000002,10.21890344,9.940839368999999,10.14334014,10.05603975,10.60393008,10.60215784,10.37202557,9.457111922000001,9.196329237999999,9.120426566,7.9597857670000005,7.129173886,7.490039605,7.271320808,7.372637404,7.053884947999999,10.43610383,10.22328365,10.58598671,9.755515378,10.03382148,10.21258436,10.06913797,9.9162422,10.17047788,10.42739444,10.22690235,10.17283855,8.827034865,8.558655828,9.010762738,8.418613498,10.02189706,10.06244379,10.09755098,10.4407479,9.860201392999999,10.35219046,8.256924007,7.989376106
Ga0242637_112472,12.7707226,12.55521776,12.766007400000001,13.05099161,12.99492829,12.87877638,12.63425183,12.73801131,12.74084776,12.9123174,13.27985958,12.88843919,12.5897468,12.40922515,12.311107699999999,12.704195,12.46247567,12.12518814,11.41540843,11.39817789,11.44678359,10.639552900000002,10.46059552,10.68412188,12.42487597,12.38932925,12.2700246,12.74041969,12.32455217,12.55587958,11.96374252,11.67412657,12.40293,12.88647688,12.4481734,12.35176954,12.5457255,12.55327863,12.1099377,11.89990496,13.83394003,13.61739237,13.90708088,12.31487726,12.69808821,12.63519251,11.87387942,12.01611863
Ga0242637_112473,9.916423092999999,10.11747214,9.840221688,10.0105258,9.989649024,9.981276117,10.03602664,9.904700078,10.02409519,9.693425917999999,9.535098284,9.624634301,9.746355585,10.12982445,9.907341274,9.830316592,9.721716546,9.777241371,9.30233237,9.003429344,8.936511491000001,8.110726757,8.054836397,8.061023815,9.779709546,9.902725521,9.762919136,9.941430424,9.741367008,9.857171791,9.480496781,9.398967378,9.719200734,9.342154628,9.22232933,9.371630286,9.454288565,9.519289871,9.841859877000001,9.227477985,10.10407173,9.89083321,10.06088253,9.886462112,9.728761386,9.958972988,9.352818107000001,9.232684422
Ga0242637_112474,9.721636828,9.648144614,9.923798457,9.654370195,9.534535454,9.554898382000001,9.452433704,9.411260301,9.49181343,9.766911962,11.28150165,10.60244314,9.680972952000001,9.568027832,9.363709662,9.698539053,9.404180221,9.247215681,8.888693132,9.222033391,9.099419494,8.358189764,8.154819309,8.583657855,9.36012362,9.438276812,9.349620975,9.151073693999999,9.454532327,9.26811,9.608183767,9.606359762,9.348905581,9.889038728,10.35360679,10.07427965,9.070962694,9.432380721,9.229439159,9.469402777,8.885505585,8.948912199999999,8.942751911,9.061066139,9.216494336,9.25986311,9.243998322000001,9.354287151
Ga0242637_112475,7.1855633260000005,6.924651892999999,6.9705861570000005,7.142348804,7.297117903999999,7.32859794,7.336181452999999,7.238547087000001,7.322039585,7.708912783,7.516997896,7.261765471,6.771846947999999,6.922424455,6.702249714,6.777513377999999,6.733643871,6.467076724,5.981201552999999,4.79203651,5.4529875489999995,5.56032048,4.840645444,5.809865286,7.7826279220000005,7.944910962000001,7.736049387,6.7349040989999995,7.010940497000001,7.2826234460000006,6.490453652,6.320010186,6.667851638999999,7.358440016,7.412977427,7.1118737439999995,7.066247163,6.495236836,6.426579632,6.823872422999999,6.499165323,6.845625117999999,6.8144842489999995,7.276305848,6.722560023,7.4740339879999995,7.021924626000001,6.699304861
Ga0242637_112476,9.418346364,9.55076641,9.537727378,9.281457421,9.448092684,9.385027615,9.633102137,9.607320986,9.788367838,9.450997061,9.701112037,9.824329155,9.077846648,9.26695421,9.086667743,9.300939278,9.095188797999999,8.844935297000001,8.41442252,7.481048008999999,7.707819635,7.479830403999999,6.695904429,7.392513502000001,9.722251327999999,9.632064742,9.577019273,9.447702155,9.713453177,9.571599166,9.363822362999999,9.208942895,9.450341401000001,9.192869073999999,9.192257735,9.465764135,8.768071128999999,8.66681444,8.750084474,9.472292447000001,8.61541443,9.194119979,8.7303399,9.614391915,9.614242962999999,9.685576517000001,9.413832928,9.211961974
Ga0242637_112477,11.53602777,11.52699342,11.65066163,11.32384188,11.32811078,11.33357431,11.51235329,11.60937333,11.63394733,11.48209914,12.31102022,12.15188281,11.40562006,11.36832043,11.33511456,11.13732584,11.06874779,11.05054925,11.02643984,11.22264008,11.15162469,10.49193668,10.33303052,10.48952439,12.1230729,11.9828146,11.86189159,12.02754835,12.26592155,12.07641229,11.46811848,11.24193305,11.40539138,11.46566074,11.47868413,11.60434588,10.75422608,10.57587314,10.61368927,10.74650212,10.51938388,10.74317213,10.2632599,11.4791215,11.81604255,11.55851928,10.87943911,10.67545276
Ga0242637_112478,6.675250136,7.237625797000001,7.006106933,6.986108688,7.139428815,7.0877564689999994,7.424805107,6.96305222,7.039382035,7.462158831,6.957969167999999,6.762823569,6.534686295,7.026608397,6.943843041,6.942083727999999,7.316623842,7.242655978999999,7.314541569,7.235126064,7.154683676,8.317000395,8.186663838,7.9811988739999995,7.43716347,7.72396797,7.445007645,6.864263078,7.146251602,7.444717836000001,6.697717175,6.549170864,6.9519608260000005,7.015095381,7.352084313,6.897859671,6.554101254,6.697321291000001,7.2552182720000005,7.964549794,7.811175552000001,7.884297382000001,7.982093365,7.23340445,6.566864648999999,7.2266356389999995,7.772039137,7.682959076
Ga0242637_112479,12.30575831,12.2319765,12.37888216,12.33297032,12.54472623,12.43825107,12.09777014,12.18111609,12.25479406,11.60461398,11.85263244,11.29029557,12.34629744,11.96827486,11.69521688,12.11948952,11.8333811,11.53381458,10.80440435,10.36290652,10.30453637,9.245701294,8.840216231,9.470555841,13.02533925,12.66752411,12.81180731,11.9849023,12.05841566,11.91812206,11.21083435,11.16866174,11.64962632,12.88984953,11.95962755,11.73106274,13.87542518,14.26905795,13.802888399999999,13.35437915,13.48448869,13.20896482,12.99522055,12.57687657,12.64843487,12.77838078,13.15903243,13.60149574
Ga0242637_112480,8.501024903,8.458754079,8.599519246,8.143501503,8.239163933,8.183959853,7.92765015,8.102963973,7.86138494,7.829095883,8.078254131,7.759341735,8.410096186,8.10378003,7.880465652000001,7.743119732,7.748425782000001,7.662422122000001,7.210544355,6.6814841320000005,6.920949772,6.117484336,5.197383578999999,6.1066750260000005,8.531565977,8.1055989,8.246809037,8.304784465,8.377464156,8.089170202,7.247833707000001,7.123747099,7.614020537999999,8.642032658,8.521977068,7.936360054,8.642379989,8.833184495,8.641424216,8.177856802,8.172871403,8.390482948999999,8.159078377,8.332127527,8.671861331,8.430852407,7.947400206,8.268964706
Ga0242637_112481,7.897620289,7.99825492,7.931760625,7.653430607000001,7.524637628,7.627941741,7.502876494,7.377868717,7.362853996,7.4692238070000005,7.692944852,7.308908906,7.8041236220000005,7.740199757999999,7.538599294,7.471211758,7.489611742,7.378484378,6.307282713999999,5.540133262,5.803239861000001,4.737776482,4.994320674,4.924648265,7.867830652,7.944910962000001,7.836650708,7.732992201,7.700678397999999,7.747795797999999,6.76428305,6.604580627000001,6.883512183,7.973376909,7.802474905,7.303624263,8.088914303,8.29385879,8.306454001,7.871284555,7.380992631,7.5488898110000004,7.618106103,7.84516866,7.676512824,7.836156427000001,7.9247064410000005,7.82622126
Ga0242637_112482,8.398873186,8.316647386,8.256828849,7.794664866000001,7.928121815,7.788292609,7.54038193,7.768741324,7.565261907999999,7.666517736,8.490354353999999,8.075045412,8.475273383,8.049198407,8.095830525,7.752998145,7.284299605,7.294199074,6.140935227999999,5.363454685,5.264641359,5.171091359,4.360694114,5.07047746,8.278962986,8.017164975,8.233847593,8.236961739,8.259564408,8.123088434,6.928073273,6.84206254,7.197236939,8.270285996,8.17622753,7.453351041,8.731500201,8.592807361,8.413927461,7.905901074,7.740978377999999,7.876400639,7.556203486,8.027773331,8.092424055,8.06137512,7.830182136,7.489839742999999
Ga0242637_112483,8.4868673,8.560957321,8.459289163,7.902635101,7.956763062,7.966508094,7.671723259,7.699599981,7.785372712999999,7.76165089,7.978257696,7.745703323,8.600485331,8.483538138,8.413421939,7.7331731779999995,7.724537455,7.477350765,6.351476382,5.2661502030000005,5.264641359,5.171091359,5.429562132999999,5.380361131,8.573381777,8.375097707,8.37039378,8.592847263,8.634539197,8.385113872,6.90858957,6.79521804,7.236958876,8.384874327999999,8.349739076,7.619891268,8.460672297999999,8.634390225,8.861641563,8.306494966,7.531180417000001,7.79495959,7.638163467999999,7.928196592999999,8.175555006,8.163941216,8.286889326,8.172149388
Ga0242637_112484,13.07169665,12.91377089,13.24268656,13.27671751,13.45386235,13.55036188,13.56950511,13.67426988,13.71956568,13.90331366,13.83799697,13.60343169,13.37205708,13.10330945,13.11135898,13.77865715,13.63125988,13.57643445,14.125369599999999,14.55938739,14.52797875,14.96491431,15.12047956,15.00115574,13.58801142,13.52530774,13.65197009,13.75038324,13.60537372,13.91120433,13.78043152,13.76048446,13.82537962,13.984024100000001,14.33316368,14.06238056,13.96903929,14.16844954,13.68549281,14.31922388,14.61156887,14.51930179,14.89509196,13.72675397,14.03119232,13.746798000000002,14.10683643,14.38054423
Ga0242637_112485,7.228758716000001,7.488858813999999,7.123955662,6.946270907000001,6.81359109,6.889709726,7.311598419,7.01278313,6.712886817,6.430822582999999,6.240951495,6.620501636,6.610025128999999,7.045331083,7.3315147960000004,6.815744047000001,7.025373799,7.425466942999999,6.609726987999999,6.221345911,5.837348212,5.56032048,6.198069137999999,5.850504926,6.720552861,7.000280496,7.020777669,6.962089227000001,7.241777825,7.019879774,6.338445395,6.920543805,6.559156367000001,6.563429375,6.316479206,6.341508384,6.497069943,6.929023064,6.90478613,7.0727992660000005,6.523292994,6.745059889,6.262320027,6.953958714,6.697752363999999,6.52671136,7.036116594,6.832094877
Ga0242637_112486,9.556926106,9.478611726,9.463061405,9.451773486,9.539276931,9.389722828,9.506209275,9.426620016000001,9.443180951,8.742065232,9.093408069,8.953955472999999,9.526087967,9.432455904,9.45795169,9.651795351,9.599016507,9.568920281,9.288215827,9.2348554,9.223468612000001,9.347383302,9.328146345,9.135769589,9.140202253,9.348886282999999,9.064984655,9.488372571000001,9.495341496,9.539668554,9.275385722000001,9.395049069,9.229990097,8.817774138999999,8.910291477000001,8.903912039,9.245371633,9.278277918999999,9.198677147,10.08417275,9.132626445,9.197292545,9.34776404,9.073276457,8.933038336000001,8.917720905,9.828686265,10.00724206
Ga0242637_112487,9.172972758,9.140057849,9.066874624,9.29578425,9.203200658,9.253828834,8.801281043,8.763384249,8.71362485,8.691625734,8.48580976,8.509583253999999,8.540840937999999,8.599917113,8.788970287,7.92013118,8.070837138,7.960044301,7.624331064,7.832779523999999,8.141037568,7.418824905,7.529903699,7.560646587000001,9.033627751000001,9.310504902,8.788941358999999,8.849974931,8.705825105,8.737639875,8.390848527000001,8.385933097,8.240244514,8.584578939,8.310280117000001,8.526828097000001,8.069508682999999,7.956205005,8.143706128,7.80863117,8.289864517,8.31654558,8.220222536,8.193568142,8.219749042,8.230903706,7.720265484,7.989376106
Ga0242637_112488,7.8868769379999994,8.088488872000001,7.760435586,7.781147907,7.923292479,8.036052548999999,7.783182396,7.54487703,7.565261907999999,7.32089385,6.651804752,6.999704174,7.946427817999999,7.936762485,7.823279772,6.613550644,6.955226809,7.006996076,6.797026275,7.1698242379999995,6.872565602000001,6.602629057000001,7.065098646,6.907926396000001,7.557475788,7.425933736,7.375876508999999,7.167419671,7.50133693,7.349663901,7.2243926489999994,7.170365951,7.406776141,7.234824367000001,6.8667530160000005,7.281695619,6.661800464,7.007125982000001,7.130314062999999,6.961959372999999,7.482835688,7.79495959,7.7621471589999995,7.806675157999999,7.844011281,7.906124631,7.091526534,7.050283032
Ga0242637_112489,9.199258433999999,9.04332571,9.45505674,9.450351134,9.375711099999998,9.402169198,9.502143117000001,9.614045052,9.568811598,9.238031655,9.483606539,9.425225981,8.958159655,8.984635846,9.024612659,9.027493872,8.955973284,8.820042492999999,8.892430792999999,9.291184589,9.220252455,8.854832137999999,8.996594634,8.547165572,9.307729546000001,9.185140287000001,9.226357584,9.297666764,9.465223833,9.484828285,9.06945496,8.979606587000001,9.19816112,9.169969579,8.954472075,9.206940769,8.827034865,8.460342999,8.859020829,7.871284555,9.383578052,9.567066986,9.59091535,9.659632112,9.643736025,9.589630243,7.977113517,7.879765047
Ga0242637_11249,9.091113708,9.07629574,8.883398397999999,8.516793558,8.567862086,8.476571466000001,8.756465341,8.637028457000001,8.571173586,10.32641788,10.28346532,10.20047571,8.410096186,8.444128314,8.532875917,8.19834054,8.051766425,8.423770148,9.808873487,9.884229612,9.890556637000001,9.048444726,8.41216995,8.841456113,9.483343324,9.745240117,9.477907723,8.993029924,9.155821376,8.911281602999999,10.62520453,11.09991857,9.786297876,9.294089051,9.576758895,9.337508624,8.519058766,8.093742981,8.503914486000001,7.3493017929999995,7.9420819279999995,8.089487059,8.193366842,8.787332433,8.839841221,8.6451308,7.258172054,7.212159637
Ga0242637_112490,9.12121251,9.194069443,9.091869654,8.749722557,8.830234135,8.927730234,8.623025842,8.678678938,8.473958209,8.511772523,8.444250928999999,8.729892274,8.7241835,8.697781037,8.793230338999999,8.296156045,8.206355031000001,8.210464453,7.8640374589999995,7.662874979,7.332092723,7.106981535,7.030402324,7.138128712,8.419631737000001,8.634868765,8.623235893,8.92462285,9.092210531000001,8.941464924,8.445913863,8.492466972999999,8.643296686000001,8.810958418,8.525427237,8.689665765,8.12695937,8.592807361,7.82709094,7.469911105,8.885505585,8.963892216,8.68768211,8.358976015,8.709540235,8.41494221,7.780490195,7.394938799999999
Ga0242637_112491,8.476157152999999,8.370809482,8.678648284,8.538376661000001,8.517487563,8.656183663,8.302886033,8.538670379,8.557178237999999,7.647959768,7.971771591,8.23975644,8.678302333,8.65171546,8.847495721,7.26572476,7.251233776,7.050475792,6.036445229,5.048901257,5.4964242720000005,6.117484336,5.960243686,6.32397988,8.4301742,8.322395159,8.462162272,8.655882346,8.437647715,8.439964997,8.104639887000001,8.079070287,8.034815233,7.893893724,7.82505215,7.8041958629999995,8.009674187,7.969264771000001,7.698105697999999,7.581204406,7.554758139,7.508581239,7.534964231,8.439794451000001,8.36849434,8.223615118,7.572360982999999,7.914387389
Ga0242637_112492,9.672448626,9.495916833999999,9.570699083,9.598962677000001,9.668967947,9.700572904,9.694971464,9.772702432,9.78086064,9.349397904,9.146198337000001,9.274323881,9.632172731,9.469872191,9.359406702000001,8.88207021,8.593506683,8.376745852,7.988012027999999,7.824319132,7.75304185,8.597141235,8.398638173,8.349420775,9.309633901,9.322294664,9.470560801,9.151073693999999,9.229344378,9.398449176,9.72269817,9.651401109,9.948132246,9.324715974,9.288797877999999,9.321483765,9.253992053,8.811596323,8.761355844,8.660783981,9.092927786,9.295297397,9.442029926,9.600397891,9.800349483,9.593875794,8.551660943,8.669368577
Ga0242637_112493,11.38915614,11.20624526,11.57179624,11.49743704,11.49278282,11.43245071,11.22018256,11.30311788,11.3604076,11.23052671,11.32412686,11.31589595,11.41264219,11.20387893,11.11584604,11.21886546,11.01807279,10.95489198,11.02132848,11.0190448,11.07713971,10.34806692,10.09791535,10.37448058,11.18691296,11.15706193,11.33227326,11.07337588,11.09946124,11.10800584,11.10683232,11.04908644,11.1276729,11.15584782,11.1181735,11.03862492,11.084113,10.85623048,10.70041876,10.45520996,11.06207837,11.15650946,11.13513454,11.26295932,11.70228995,11.34844181,10.49657993,10.56404232
Ga0242637_112494,12.21071013,12.09176959,12.24207017,12.03386312,11.9643099,12.04937309,11.77105999,11.94367739,12.00805487,12.06329673,11.87843064,11.97071449,12.15018419,12.23188884,12.06953864,12.30084095,12.19314193,12.03586084,11.4069412,11.09044448,11.07357991,10.33574788,10.04026492,10.41216685,12.07713921,11.98705305,12.03125101,11.88216726,12.11212439,12.08288892,11.51231966,11.44080799,11.7742593,11.97062873,11.93746253,11.84520953,11.73608739,11.58543923,11.31220314,11.79186577,11.27925472,11.57271502,11.41701487,11.88360762,12.27872004,12.07186407,11.80566707,11.89460042
Ga0242637_112495,11.3274386,11.1934856,11.43483647,11.24932687,11.18970926,11.35173514,11.07854541,11.24668937,11.3492842,11.11088035,10.69227223,10.95992791,11.33298976,11.38677747,11.20327442,11.24096448,11.11081032,11.03007466,10.0404161,9.297309748,9.401552111,9.861550878,9.407978467000001,9.397279018999999,11.24080217,11.00965541,11.24454112,11.24664015,11.32750753,11.250705,10.7021351,10.63621049,11.04117625,11.04695119,11.300880300000001,10.91637232,10.87090279,10.69069289,10.55093741,11.17230834,10.18559629,10.56552881,10.32486683,11.23786811,11.57113999,11.41033139,11.27585085,11.37989145
Ga0242637_112496,9.714060862,9.548003768,10.05774642,9.766059269,9.644239189,9.900235907999999,9.416877036,9.593778095,9.774826628,9.276788058,9.322197673,9.524385475,10.13290862,9.873922757,9.810845098,10.24849693,9.841748754,9.391054915,8.312088086000001,7.594862322000001,7.831031137999999,8.60400639,8.019906792,7.765167817999999,9.742129577,9.658879067,9.537133231,9.72024966,9.65060807,9.786373501,9.089045963,8.995221031,9.488670633,9.68673893,9.844581615,9.603559033,9.996583076,9.909705534,9.483650684,9.935056142999999,9.0228269,9.333284991000001,9.323202657000001,9.771268396,10.44258589,10.14791708,9.966509094,10.12829961
Ga0242637_112497,10.29107157,10.080670199999998,10.45772583,10.25252534,10.16145555,10.26382283,9.87973916,10.09744165,10.26483266,9.498370801,9.476752668,9.801445487999999,10.38755763,10.40317688,10.05744109,10.32331704,9.764799863,9.552390993,9.570741103,10.045747,9.999625056000001,10.32332275,10.50231035,10.2149844,9.872811218999999,9.500380867999999,9.910030377,9.997580381,9.955823926,10.09055981,9.819695764,9.565107221,10.1581231,10.40040727,10.01378579,10.08855305,10.19316326,9.885802331,9.457903314,10.30770653,9.376981945,9.729273431000001,9.67823854,10.07637227,10.8744124,10.53992356,10.2481589,10.49853275
Ga0242637_112498,8.999350706,8.706809861,9.087733775,8.810855719,8.903164869,9.039511732000001,8.54874606,8.683801696,8.929988878,8.419980481,8.166094549,8.733351007000001,9.228708007,9.162276693999999,8.986056482999999,9.098931082,8.787536477,8.43692881,8.571886932,8.789792246000001,8.612687657999999,8.715976365,8.814970971000001,8.8908302,8.582861827999999,8.368614241,8.806555136,8.797973406,8.718648155,8.965699098,8.638452291,8.53225746,9.0786975,9.641357446,9.019528889,9.193796701,8.959428987999999,9.001529964,8.520594127,9.254587192999999,7.699276052,8.30482653,8.09522688,8.726781696,9.381195676,9.296792772,8.942741275,9.344800465
Ga0242637_112499,10.46092121,10.4114696,10.5687166,10.20186495,10.17472107,10.35627507,9.707974951,9.816503047000001,10.06793495,9.031678627,9.53949017,9.884672151,10.520258300000002,10.60741365,10.33598094,9.221363786,8.919621502,8.629752985,8.300881287000001,8.087311004,8.174661169,8.759669214,8.583415117000001,8.710079206,9.853360444,9.498897514,9.972478317,10.23987512,10.16888947,10.39912348,9.508248379,9.508202162,9.87955199,9.81262648,9.563395702000001,9.580179065,9.345565032,9.403811142,9.052650422000001,9.778102446,9.51855459,9.422740729,9.374904787,9.797264739,10.36009849,10.19059074,9.655772375,9.989088064
Ga0242637_1125,4.786832832,5.106036055,5.40772777,5.333525783,5.635024095,5.445701935,5.105703657,5.030295955,5.40333455,5.05635864,5.4167632679999995,5.740317942999999,5.478782677000001,5.683419541,5.4313862429999995,5.105299126,4.736800533,4.291204563,3.5826343030000003,1.764951351,3.003423942,1.764951351,3.1110896560000003,1.764951351,4.979232842,4.6836464069999995,5.61826134,5.420473985,4.99012813,5.474946152999999,4.387889002,4.318388806000001,4.554766425,5.235803123,5.113784613,5.055180197,4.818200909,5.162995195,4.824724139,4.864979065,4.068024151,5.499061404,5.252278774,5.10671788,4.603319646,4.520141599,4.678308878999999,4.941547642
Ga0242637_11250,7.4047967770000005,7.844605255,7.454725573999999,7.881678095,7.823145632,7.962310903,9.320106715,9.195102375,9.098900916,11.84821944,9.945738225,10.05879918,7.698886552,7.744023583,7.6128007989999995,10.37059032,10.34992023,10.91313278,12.20666395,11.76539575,11.90199985,10.49747719,9.41471605,10.75782501,9.022059617,10.14198906,8.593104806,7.4023501210000004,7.565221961000001,7.475058904,12.77719176,13.27691889,11.71610033,9.269442058,10.65624988,10.32190753,11.07684336,10.45344381,11.57826455,8.082727501,7.994740462,7.844374008,7.815962494,9.223265901,8.579916577999999,8.534623372,7.429194995,7.600303615
Ga0242637_112500,10.54786914,10.5662474,10.77311995,10.58488989,10.56250136,10.68898347,10.072132199999999,10.27848803,10.26698372,9.332069508,9.344958435,9.972167293,10.66106807,10.7126057,10.48759216,9.454088014,9.413546422000001,9.060052902,8.377559666,7.1698242379999995,7.401913389,7.403161433999999,6.6735829429999995,7.036428583999999,10.11310712,9.844350532,10.16227892,10.46219477,10.47123376,10.61368067,9.879667949,9.623206146000001,10.24538665,10.0844375,9.76363725,10.06307965,9.54137293,9.273022078,9.13511239,9.745031373,9.909841645,9.921849567999999,10.01944069,10.35500013,10.70289217,10.74662269,9.696524556,9.949995917999999
Ga0242637_112501,10.05959778,9.936023065,10.36593414,10.17542125,10.25281292,10.26382283,9.880783511,10.00326323,10.00875241,9.278799309,9.548234031,9.850045024,10.31913583,9.995964684,9.992238155,9.253026806,8.790415291,8.768929919,8.361468268,7.087343419,7.343966892999999,6.830653764,6.100925536,6.6103830089999995,9.946870292,9.788378864,9.990569076,10.37022779,10.06427875,10.289264300000001,9.472231902999999,9.424180214,9.689461174,9.646470908,9.424328467,9.348093816,9.393167552000001,9.309417088,8.933153327000001,9.718504442999999,9.750571314,9.617672067,9.760576393,9.937447961,10.13400584,10.19618637,9.523602677000001,9.800710016
Ga0242637_112502,9.414611942,9.377980096,9.644353986,9.48688401,9.562753339,9.609587952,9.229552095,9.20225974,9.299265007999999,8.785151635,8.720531637999999,8.942047665,9.808903027000001,9.712578922,9.691541869,8.560796068,8.395969026,8.335181946,7.994983111,7.369154476,7.735122792,7.371314461,7.065098646,7.336571028,9.454371937000001,9.232322213,9.50513018,9.877449187,9.774902767,9.917773303999999,9.110506184,9.063467051,9.085237891,9.119377175,8.823268511,8.896719525,8.615871965,8.514796974,8.497188247,9.045424323999999,8.718150547,8.61111458,8.859793862,9.532744109,9.756024904,9.37945427,8.93897206,9.263220432
Ga0242637_112503,10.64030352,10.77910479,10.82745597,10.608674699999998,10.71206976,10.79483993,10.29688232,10.34304883,10.33006767,9.703942077,9.835763888999999,9.924551593,10.74065261,10.76292972,10.68160261,9.581485046000001,9.727736121,9.561430438,9.561380575,9.431454942,9.401552111,9.250084264,9.328146345,9.276162716,10.44739122,10.20156281,10.48021445,10.64827339,10.61395606,10.72907068,10.11551343,10.0838263,10.2257882,10.1552054,9.967613523999999,9.971060825,9.827853259,9.868482836,9.879844198999999,10.27663636,10.08396269,9.801930873,9.986581678,10.49091454,10.56923962,10.53551605,10.25423803,10.39356234
Ga0242637_112504,11.48574964,11.54580934,11.63125697,11.3203424,11.41838214,11.46098756,11.06895617,11.17438012,11.14399595,10.07304126,10.43847706,10.70640659,11.58765602,11.49168339,11.47757697,9.542156661,9.389066655,9.303971965,8.771807772,8.241405724,8.38460797,9.023058479,8.978518145,8.900505417,11.13200902,11.02261717,11.20358368,11.49682213,11.54288123,11.77766064,11.21579324,11.25279917,11.23253914,10.79110819,11.01887083,10.81557849,10.08620087,10.16934897,10.18512338,10.48412929,9.367030888,9.636492691,9.401544336,11.38715808,11.49497332,11.37211712,10.37770992,10.73112665
Ga0242637_112505,11.9034899,11.91249193,11.99728054,12.16364441,12.22683758,12.1872284,12.08604626,12.03994747,12.02149504,11.17707459,12.29390086,11.84846531,11.78319662,11.77746612,11.67689082,11.03277319,11.01315245,11.05428939,11.45385657,11.72051992,11.65166503,12.41886638,12.76448051,12.31795848,11.37325642,11.30359447,11.80022396,11.53747064,11.73844743,11.99600947,12.38815831,12.50891951,12.1740985,11.781967199999999,12.03356889,11.831602199999999,11.46622746,11.62516792,11.83550898,11.9057951,11.20019339,11.16057852,10.98175273,12.34393372,12.11698169,12.15178798,11.96147899,11.96749666
Ga0242637_112506,4.638419917,4.725074123,5.29665076,4.831518636,4.1996928989999995,4.151463913,5.782004859,6.0367391239999995,5.0473067160000005,4.326727,4.218583159,4.741270685,5.003764776000001,4.804349092,4.904735846,7.459192233,7.800770101,7.189200961,7.886704176,7.849552837999999,7.79688886,8.265968422,8.037477339,8.2317106,4.899551132,4.4528408719999995,5.071195536,7.4480710839999995,5.477676901000001,5.59087327,5.488562956,5.520822417000001,6.298558283999999,4.7509363360000005,5.351814527,5.316718516,6.243220588,6.981559298,7.003079779,10.09546198,6.547022713,5.369221982999999,4.5964761439999995,4.936962314,5.063055895,5.70012746,9.85692489,10.41336228
Ga0242637_112507,6.9477254020000005,7.188777185,6.778519832000001,7.638515472999999,7.537337531,7.579432853999999,7.26754267,6.9963961679999995,7.164726596,5.561397691,5.597064109,5.3988349929999995,7.243164129,7.300388865,7.003928826,6.697865064,6.870639231,6.554298041,7.314541569,6.969467544,7.181404511,6.427695064,5.581806815,6.461263513,6.709044174,7.041646512000001,7.0506663210000005,6.187582506,6.28947145,6.213153341,7.4766815289999995,7.375273631000001,7.097184052,6.41530189,6.23437802,6.086709458,7.412828432,6.78863294,7.325274566,6.566714891,7.61206879,7.402584952000001,7.388713487,7.2972869860000005,6.422869211,7.039983609,6.649685233,6.596347517000001
Ga0242637_112508,3.893771605,4.2559482730000004,4.398382944,5.741580793,5.287340617,6.080054989,7.18873664,7.068712767999999,7.11779853,4.665563422,4.609972668,4.429408888999999,4.280950425,4.351503758,4.366319211,5.224692397,5.559229,5.7058584020000005,5.801422745,5.76988924,5.90322142,6.985989784,6.556467632,6.849139407000001,4.414305016,4.84416264,4.859823026,5.222770135,5.29670126,5.56276213,7.873103747,7.547600844,7.90279277,5.508829662999999,7.221990955,7.393269317000001,6.661800464,7.056937216000001,6.743495051,6.894570085,8.35172899,8.182080783,7.14411537,5.9855268310000005,5.687517277,5.878397296,7.144884355,7.16978384
Ga0242637_112509,8.234892104,8.303602252000001,8.579039643,8.884326613999999,9.034346272999999,9.117063655,8.464871617,8.770624838,8.564192886,9.347482774,9.483606539,8.102054171,9.977025066,9.771826324,9.50416015,9.492912883999999,9.535234435,9.835534425,10.46739979,9.125500536,9.518757786,9.363654731,8.350251509,9.486703072000001,9.203022471,9.823170362,9.317220752999999,9.49926836,8.949387573,9.250683438,8.779105632,8.447769477000001,8.604361558999999,9.933643497,10.24270765,9.955569808,10.37011152,9.847421191,9.837872772999999,10.98267778,10.17802753,10.15834983,11.25603277,9.838385452999999,10.16371699,10.0296261,10.67144206,11.16043074
Ga0242637_11251,4.412075361,4.55605399,4.693531291,3.9748242310000004,3.9848634689999995,4.151463913,3.667967475,4.154517597,4.099120538,4.506527245,4.6764910319999995,4.684252222,4.458824889,4.175655838,4.318467398999999,3.547978091,4.138748662,4.1660756469999995,3.8692144980000003,4.182356513999999,4.790629011,6.038401672000001,5.581806815,5.264394062,4.815079697,4.805726889,5.220116807,4.2396179919999994,4.29486285,4.1851910939999994,4.829143013,4.509011222,4.332374654,5.486061952999999,5.185963425,5.081055200000001,4.090071432,4.464627463,4.167803702,5.661866713999999,4.425862026,4.88837244,3.9712646019999998,4.51974777,4.489924871,3.991945537,5.574061733,5.85982513
Ga0242637_112510,4.585211685,3.869455631,4.648502583,4.1604384130000005,3.404506301,4.656963169,4.311789794,4.47976412,4.321039304,4.042654659,4.466516375,4.624800024,4.458824889,4.026822059,4.318467398999999,4.904869941,4.875340189,4.291204563,5.2654368069999995,5.581083416,5.361928221,6.396353526,5.996728318,5.965935097999999,3.844348227,5.021994946,4.2374047710000005,4.613261821,4.350212306,4.329301877,4.949863798,4.3849201980000005,4.914692706,5.208172581,5.287778339,5.081055200000001,5.845938526,5.25189535,4.867664457,7.771567846,5.7081519489999994,5.98529092,4.75442959,4.1281220880000005,4.80563102,4.36583428,7.246015427000001,8.221369232
Ga0242637_112511,9.592068534,9.377980096,9.729108727,9.720764887,9.747553399,9.730492,9.67464175,9.689836489,9.663296432000001,10.22680121,10.65430432,10.26283118,10.25904242,9.871303545,10.03333401,10.80489979,10.71212522,10.63419607,10.77332393,10.73756448,10.68534919,10.17907947,10.18915778,10.20525935,10.21822233,10.25614207,10.2005285,10.15973375,10.09607302,10.2024231,9.670194346,9.556362434,9.581033395,10.32347903,10.39662688,10.24328524,10.6665477,10.72766193,10.44396179,10.98773535,10.36295676,10.47562869,10.76863743,10.34999065,10.57775342,10.27937462,10.92492675,11.02641507
Ga0242637_112512,8.670316745,8.857226319,8.779533798,8.911458283,8.910503189,8.93417285,8.684126835,8.72165325,8.866148852,8.770932016,8.508390888,8.572729362,8.929070094,9.169401758,8.987916047999999,9.098931082,8.99393118,9.132608316,9.03451135,8.579699216,8.457442716000001,8.467630003,8.698322398,8.540992748999999,9.14873803,9.327318072999999,9.315171373,8.774245914,8.882589688,8.80485519,8.605577916,8.577909794,8.663834439,8.846942377000001,8.834437838,8.726643037,8.49016093,8.89607571,8.962748302,8.894175678,8.575640487000001,8.698793757,8.942751911,8.987702737000001,8.652646262000001,8.928967107,9.005355519,8.827582707000001
Ga0242637_112513,5.61509253,5.632516237999999,5.760888199,5.849499729,5.6110890179999995,5.983700409,5.689287742,6.052707669,5.903080129,6.730632312000001,5.4167632679999995,5.969486165,5.7918038570000006,5.300425582,5.139346887,9.263428572,9.511006258,9.457123991,9.924729702,9.995775883,9.739247382,8.715976365,8.946328777,9.081515579,5.84942864,5.7406836320000005,5.289095496,5.566548676,5.350798311,5.381364859,6.135248869,5.943460536,5.980002565,6.462525189,6.23437802,5.911715405,5.650022798999999,6.216819847000001,5.981316873,8.511447003999999,6.141944919,5.7279088929999995,6.1548405939999995,6.164004831000001,5.7852377310000005,5.678876289,8.845423893,8.302024868
Ga0242637_112514,5.506428846,5.828125547000001,5.89993998,5.583727362,5.3173146,5.825823053,6.028808547000001,6.0995742129999995,5.857976777,5.805124462,5.25404949,5.3988349929999995,5.245276071,5.439836747,5.2435085610000005,9.706184514,9.789470063,9.800333017,9.227369998,8.369029157,8.665669596,7.305428628,6.9583976089999995,7.584857438999999,5.717420712000001,5.760705767,5.745996002,5.647517796,5.6809942520000005,5.645488592,6.101270058,6.336477515,5.862700526,5.775870232999999,5.7811300789999995,5.776699099999999,6.018255341000001,6.029579036,6.440691297000001,8.818983167,6.045169324,5.98529092,6.0080859779999995,5.612697371,5.962696894,5.7620501520000005,8.857454597,8.542322357
Ga0242637_112515,5.043482011,4.9110977160000004,4.693531291,4.900722199,4.867262772,5.058786706,5.07653965,5.323067096,4.963942665,5.736265317999999,4.739976276,5.041850661000001,5.146769223,4.918501658,5.3405469839999995,9.063654632999999,9.062219716,9.218930079,8.576541104,7.6244042929999996,7.726079061,6.038401672000001,5.581806815,6.265172641,5.017445148,5.118838335,5.147612545,5.112534724,5.29670126,5.2461741669999995,5.816996737,5.658588847000001,5.734932025,5.6382992839999995,5.22071963,5.2500364930000005,4.615431697,5.489425957000001,5.448837205,8.226594699,5.62111866,6.071026256000001,6.1548405939999995,5.95054898,5.409254872000001,5.567606414,8.316244755,8.150529882
Ga0242637_112516,7.837516106,7.893314121,8.192799719,8.185147247,8.303756984,8.165823742,7.4016997589999995,7.384178707999999,7.262885316,5.736265317999999,6.862967371,6.749208058,7.5218136520000005,7.565374284,7.354768074,5.224692397,5.117168106,4.94510423,5.4401634770000005,6.141708631,5.803239861000001,7.371314461,7.012735715,7.170493899999999,9.935815972999999,9.495926222000001,9.918154595,9.015973201,8.790854534,9.141457388,7.902932149,7.596206304,7.678895669,7.923689082,7.427807111,7.501574507999999,5.751330366,5.8711413839999995,6.33887169,5.394172671000001,6.881523865,6.90896764,7.13001608,7.311106634,6.817725212,7.18969335,5.451725904,5.351613692
Ga0242637_112517,6.400676749,6.196885752999999,6.391947107000001,8.195373467000001,8.083379308,8.41648367,8.497920158,8.351764221,8.226725134,6.765507867,6.240951495,6.42876132,8.044637923,7.247482387000001,6.823945052000001,9.976570511,9.934452749,9.938575595,9.516069311,9.156156059,9.154376071,10.40813194,10.32411136,10.07461754,7.380289362,6.703034832999999,7.748255651,6.551432674,6.494549028,7.194184719,8.311528312,7.880357939,8.2635013,8.280190497000001,7.998945152,8.847208806,10.71730013,10.84918438,10.71932498,12.25233079,10.30332927,9.77882209,9.974803348,9.611603947999999,9.829160258,9.937975095,12.26787733,12.5926312
Ga0242637_112518,5.119603225,4.875814748,4.737150617,4.7587211819999995,3.9848634689999995,4.47645793,4.3619100589999995,4.5271795930000005,4.321039304,5.2342578269999995,5.210283856,5.3988349929999995,4.7577086710000005,4.578977647,4.542587383,4.4900135830000005,4.409928452,4.701380336000001,5.218180433000001,4.79203651,5.213380113,6.364313645,6.289057454,5.724953022999999,4.525876352,4.4528408719999995,4.664329848,5.033966346000001,5.324007009,5.2461741669999995,5.228884131,4.917352993,4.874449673,5.6382992839999995,5.870961901,5.679052574,4.818200909,4.737982187,4.9093304369999995,4.246408504,4.7922398369999994,5.175324517,5.143286713999999,4.309901821,4.489924871,4.937387107,4.94560721,4.459495233999999
Ga0242637_112519,3.00145839,1.764951351,3.245552862,2.669405787,2.744398912,2.891426793,2.858160055,3.0574123839999996,3.2040458910000003,2.9887932989999997,3.516347495,3.086552422,2.7522056530000003,3.040961976,2.392844266,3.7318454780000003,1.764951351,3.1044040639999997,3.991602028,4.385771447,4.384474106,5.3129993319999995,5.762437974,5.07047746,3.652503691,2.904468678,3.19503281,3.196494403,2.905376211,3.625076574,3.907346379,3.8303429139999996,3.9907369210000003,3.7001612999999995,3.584336313,3.634319656,3.19781202,1.764951351,3.149291978,3.042219942,2.713663973,4.68310128,2.667729675,3.224071216,3.4799555860000004,2.7107655210000003,3.908340615,3.707348591
Ga0242637_11252,3.4671807360000004,2.884693773,3.3742476210000003,3.16318366,3.273794517,2.891426793,3.581642131,3.635355282,3.2040458910000003,3.316819254,4.540104715,3.9268758439999996,3.136324976,3.040961976,2.836309725,4.4900135830000005,3.6967962130000003,3.1044040639999997,4.630727353,3.648450477,2.653701924,4.927376411,5.06529812,5.538322247999999,3.143822338,2.703120283,3.607398345,3.486982523,2.7038793560000003,4.023757596,3.127659418,3.616358705,3.527022611,3.180771594,4.524616065,2.7892875010000004,3.7220789030000003,5.560550526,3.759391237,4.545835038,3.923781767,4.68310128,4.418181822,2.9134069030000003,2.792585865,2.4396198080000002,4.437674205,5.007921351999999
Ga0242637_112520,10.55382308,10.46955901,10.72533526,10.32881633,9.924695629,10.23715059,10.2180944,10.57508717,10.43614594,11.76386086,11.54223979,11.08769226,10.1540135,10.46933052,10.15417835,10.68750358,11.22266496,11.7074076,13.846477599999998,14.64165,14.48491029,15.12604821,14.85760322,14.84340576,10.16030393,10.21065294,9.896387511,10.88890801,10.34295157,10.29565109,12.23464921,12.58484023,12.03800786,11.49572113,11.49196987,11.74514675,11.07441199,10.58862156,10.66560041,11.49214233,10.47065248,9.67796228,10.04969775,9.844334962000001,10.07749322,10.24559371,11.70606816,11.61967859
Ga0242637_112521,11.65672834,11.37746134,11.98176365,11.698628900000001,11.71962961,11.57976867,11.68010714,11.99738043,11.59509471,12.32263889,12.52600813,12.1362918,11.78218033,11.44752877,11.79364467,11.99913782,11.94448492,12.14286029,13.67019439,14.19197641,14.14499197,14.1724395,13.92848259,14.11130439,11.67896824,11.82484852,11.52589981,12.23542082,11.64481556,11.79241365,12.61003843,12.90889859,12.54985663,11.94854589,12.44339416,12.26366355,12.26997421,12.04457954,11.89971113,12.77330562,12.63847858,12.04635634,12.29722944,11.59551103,12.01847942,11.67330092,12.69569419,12.79601731
Ga0242637_112522,5.666474096,5.477688232999999,5.82214174,5.849499729,5.894779528,6.00021559,5.935121981,6.052707669,6.147438318,5.712555859,5.020303588,5.251130599,5.875795049,6.501948327000001,5.780895195,6.187109631,6.203932956,5.7058584020000005,5.702296605,4.5628060999999995,5.047435514,5.0133739969999995,4.572983816,5.138108701,5.646550329,4.84416264,5.4481850220000005,5.3575774130000005,5.659780544,5.2461741669999995,6.579440329,6.520644754,6.4818457920000006,6.048097775,5.826750102,6.539493293,6.018255341000001,6.633061821,5.81764587,6.994507531,6.172806286,6.098503088999999,5.620042009,5.63493947,6.4528445229999996,6.295634727,6.721727367000001,7.1981723639999995
Ga0242637_112523,11.12466292,11.13117131,11.37160666,11.30271651,11.33857555,11.34328853,10.56591061,10.70861877,10.86038018,8.498025323,9.188760925,8.747103598999999,11.16746523,11.20005719,11.09916917,9.140907172999999,9.028479491,8.352646024,7.753276982,7.798635997000001,7.770740965,8.000569135,8.162846599,7.700164855,10.57399547,10.65014969,10.63198984,10.20147321,10.14438995,10.289264300000001,9.571514449,9.274394056,10.05528041,9.623316233999999,8.528869173,8.479468592,10.28855025,9.638519377,9.520601224,7.723857513,10.60654264,10.45058948,10.61397069,9.894512555,10.07749322,10.263471699999998,7.6846872479999995,8.045118957
Ga0242637_112524,10.054807400000001,10.01116204,10.11678066,10.23197756,10.2747761,10.34342484,10.53837919,10.49284009,10.38655678,10.13096895,9.80143336,9.930590213,10.54043396,10.35462053,10.40927449,10.91895119,11.04784909,10.95774753,10.75804119,10.14248045,10.31361859,9.785085769,10.07683102,10.08526097,9.892003232,9.802877247,10.03980045,9.929396353,10.0173108,10.02159753,10.81558239,10.82278358,10.57153666,10.22180744,10.16521162,10.48724716,10.89865496,11.06221145,10.72293256,11.83572044,11.17854722,10.77749143,10.89795927,10.39040121,10.44258589,10.40468898,11.61806083,12.05929355
Ga0242637_112525,6.354566335,5.713996002000001,6.250854297,6.661334644,6.864899694,6.889709726,7.016883684,7.122552252,7.088890139,7.06514089,6.715361918999999,6.8546892779999995,6.669928354,5.699327078,6.117148726,6.796755582,6.769133834,6.877770592,7.018571166,7.634118621,7.446649796,6.682717975,6.695904429,6.849139407000001,6.537442523999999,6.9833956939999995,6.669049772,6.308373689,6.47045754,5.935518384,7.232248773999999,7.3592676820000005,7.139720085,7.460717707000001,7.420411337999999,7.571013849,7.215019439,6.902018501000001,7.10397949,6.5882120010000005,8.149838021,7.6542574210000005,8.051032628,6.490193576,6.29629906,6.882188509,6.17221836,6.574841795
Ga0242637_112526,2.493146696,3.3131841189999998,2.930832432,3.16318366,3.273794517,3.3221123230000003,3.8963039360000002,3.956726771,3.495777414,3.316819254,2.58606159,3.5782764410000003,3.53504885,3.040961976,2.64618703,3.892319216,3.465611188,3.601460762,3.8692144980000003,3.648450477,3.64741757,2.8057856639999996,2.733434557,3.8026455180000003,3.930480587,2.703120283,3.349279727,3.196494403,3.071269312,1.764951351,2.955392989,3.616358705,3.733234295,3.416535432,3.6943890839999995,4.270522828,3.19781202,3.347410348,3.551058527,3.52051745,4.198123123,3.445576453,3.4946380269999997,3.351217807,3.4799555860000004,3.080556652,2.9824992530000003,3.310755737
Ga0242637_112527,1.764951351,1.764951351,2.4500833419999997,1.764951351,1.764951351,1.764951351,1.764951351,2.4271808669999997,3.0232919369999998,1.764951351,1.764951351,1.764951351,1.764951351,2.350359106,1.764951351,1.764951351,2.492414675,1.764951351,2.620112537,1.764951351,2.653701924,2.8057856639999996,2.733434557,1.764951351,2.757788731,1.764951351,1.764951351,1.764951351,2.434624694,2.509444961,1.764951351,2.80145218,2.4662029569999997,2.418245537,2.491398329,2.7892875010000004,1.764951351,2.910528862,2.476742168,1.764951351,1.764951351,2.984995328,1.764951351,1.764951351,1.764951351,1.764951351,2.638270533,1.764951351
Ga0242637_112528,5.082054823,5.011930914,5.144354881,5.382407154,5.511124041,5.539340915,4.9209356710000005,4.820237303,5.006240364,4.937774533,5.377795913,4.624800024,5.896045455,5.074048457,4.622938842,5.78534409,4.736800533,4.701380336000001,5.355480453999999,5.048901257,5.264641359,4.51831327,4.840645444,4.845648752,4.979232842,4.235484963999999,4.990409729,4.55761586,4.503972568,4.6882346880000005,4.742474206,4.872372338,4.914692706,4.67152528,4.957334987,4.946659565,5.152609088,5.0681414689999995,4.68738559,4.453106302,5.7497599379999995,6.177912815,5.198829547,4.658514133,5.469417836,5.0747936430000005,4.250125233,4.721248791
Ga0242637_112529,4.412075361,4.2559482730000004,4.398382944,4.46901742,4.739261539,4.4273871830000004,3.824625541,4.47976412,4.625687201,3.874070482,4.12472298,4.497658663,4.8446072760000005,4.431583664,4.457275895,4.281559972,4.875340189,4.561454398,3.991602028,2.654240015,3.64741757,3.208116214,2.733434557,4.577747215,4.227785699,3.9026848060000003,4.003383257,4.005455174,4.350212306,4.329301877,3.7303142510000002,3.8303429139999996,3.278155795,4.351143767,4.058751566000001,4.125150941,3.19781202,3.91283721,4.638428239,4.002277801,3.761569239,4.823235936000001,3.9712646019999998,4.4188348369999995,3.190463246,4.520141599,3.442297762,3.866371795
Ga0242637_11253,6.916354811000001,7.202903697000001,6.819036941,6.569871344,6.349131116000001,6.386590438,7.202173876,6.867165116000001,7.008839465,7.790137292000001,7.560878787999999,7.661047521,6.468742894,6.581119145,6.729207112,5.93213082,5.896240317999999,5.851066731,5.863888597000001,6.296799737000001,5.837348212,6.192437593999999,6.627873937,6.2038558429999995,7.416097757,7.900653682000001,7.070253094,6.897615492999999,7.205782377,6.748862239,7.176334751000001,7.1518989920000005,7.053354055,7.2280150679999995,7.1611614889999995,7.231101204,4.995296209,5.754864724,5.301167458,5.238749722,5.528438668,5.894103462,6.18247369,6.595669797999999,6.422869211,6.309494405,5.17014544,4.941547642
Ga0242637_112530,4.963023044,4.684705087,4.693531291,4.514300356000001,4.984562088000001,4.47645793,4.3619100589999995,4.379729396,4.251042272,4.1921740110000005,4.739976276,4.5626886739999994,5.213194683999999,4.3921291710000006,4.735373538999999,4.583471988,4.470061133,4.1660756469999995,3.8692144980000003,3.803921163,3.64741757,3.735313503,3.1110896560000003,3.613718618,4.354923841000001,4.549828091,4.163851932,4.7182830000000004,4.685497855,5.015657664,4.328871157,4.174672094,4.332374654,4.450525224,5.150333711,4.733919193,3.7220789030000003,4.3045167,4.167803702,4.714516113,4.7922398369999994,5.122407431,4.418181822,5.041244268,5.469417836,4.863306925,4.437674205,4.459495233999999
Ga0242637_112531,5.810393549,5.846293105,5.802013633,6.073594029,5.894779528,5.898145238,4.887640704,5.349278414,5.464967174,5.613580464,5.4167632679999995,5.36332174,5.974302285,5.835056992,5.316901363,5.437019741,5.224151297,5.120220928999999,5.06615415,4.182356513999999,4.859361138,4.105023658,4.668031599,4.24518793,5.381157138,5.266836838,5.4481850220000005,5.325055145,5.722500414,5.56276213,5.407155786000001,5.160708887,5.383136995,5.884102434,5.660281949,5.610042742999999,5.650022798999999,5.414567487999999,4.734680932,5.292467671,5.7081519489999994,5.7279088929999995,5.536607461,5.471438399,6.193474781,5.8969019629999995,5.062331788,5.401599866000001
Ga0242637_112532,6.968265904,7.015512049,6.9524918389999995,6.81968681,6.738541908999999,7.095445811,6.750308849,6.48779165,6.40397205,6.7069035889999995,7.24302656,6.816033568,6.897403993999999,7.007639198,6.738081898,6.127484201000001,6.132970042999999,6.1036337529999996,6.394351991000001,6.718509934,6.734981756,6.458368144,6.695904429,6.927000692000001,6.776755546,6.723522646,7.127464824,7.00352241,6.804950083,7.109666259,6.232612634,6.491541595,6.508080294,6.727010317,6.5783923589999995,6.373000124,6.311006991,6.260050016,6.468505938,6.198476607000001,6.499165323,6.52003258,6.409822867000001,6.549743234,5.737211476000001,6.441203655,5.88852457,6.059163999
Ga0242637_112533,7.6595928660000006,7.583659902999999,7.560014947999999,7.364106163,7.439243757000001,7.453494495,7.119604227999999,7.167151527000001,7.280035712,7.120051687,6.944775112,7.0111547629999995,7.528295805,7.552348212999999,7.177010137000001,7.105277632999999,7.101570542,7.157740763,7.03219648,6.984740346000001,6.952325925,6.733737546,6.580665552999999,6.787850294,7.135901215,7.151526166,7.567180911,7.229838693,7.283818273,6.956754693,6.90858957,6.830493495,6.863342731,6.899833195,6.971717625,6.713500741,7.249930782000001,7.240564003999999,7.214774531000001,6.859655011,6.881523865,7.163887002,7.13001608,7.12020721,7.108587705,7.26265461,6.341975574,6.288056674
Ga0242637_112534,10.68050866,10.57577262,10.49098952,9.747648663,9.567403122,9.689191313,9.529036837,9.683457325,9.668187623,10.26990568,10.64006036,10.56702383,9.868850986,10.24288639,10.11472731,9.698539053,9.764799863,9.788833395,9.643516065,10.16944482,10.01455432,10.23321484,10.4799985,10.16569,10.49083888,10.50917492,10.19273606,10.72298865,11.06473293,10.83737105,10.66563299,10.87716625,10.16534291,10.65375295,10.71105581,10.6301606,9.719987936,9.943180245,9.963955534,9.382980691,8.504796282000001,8.542918022,8.383561512,9.315240897,9.456992751,9.501984881,9.648867004,9.249728606
Ga0242637_112535,7.646912867999999,7.746783156,7.959190565,8.274673397,8.239163933,8.140043845,8.684126835,8.483922446000001,8.744829863,8.846104508,11.12811423,10.25202129,7.846234798999999,7.724802244,7.6224119560000005,7.782233725,8.022679026,7.88520884,7.512169382000001,7.874352581,7.661133102000001,7.322184567000001,7.504855366,7.26344423,7.3058881410000005,7.50493636,7.070253094,7.4023501210000004,7.48341096,7.735317233,10.0291316,10.12934845,9.09823038,8.982522106000001,9.546515735,9.698643473999999,8.399822399,8.617900646,8.348167937000001,8.786845041,8.654121037000001,8.401528901,8.88518601,7.967984172,7.855262732999999,7.8456840020000005,8.701565101,8.795441674
Ga0242637_112536,8.078455307999999,8.263743646,8.286004109,8.962242467000001,8.986540217,8.914758034,9.992245578,9.895898393,9.886767152000001,10.59449342,12.57736849,11.69728874,8.385321194,8.43942027,8.356980973999999,9.501726006,9.739700438,9.755087892,9.676405413,9.972998504,9.976937418,9.745277641,10.13306635,9.850886227,8.42315446,8.776281976,8.301667091,8.066711391,7.5365337420000005,8.41280015,11.33133453,11.55583135,10.46607079,10.74834674,11.69095357,11.22675006,10.37011152,10.64463513,10.44133637,11.306271699999998,9.80809223,9.43354252,10.17336714,9.067184217000001,8.613430763,8.82685504,11.16325216,11.49299994
Ga0242637_112537,8.906678881,8.866126302,9.043575726,9.386337324,9.441353563,9.500949659,9.567163222000001,9.514057472000001,9.416298927,10.01631077,9.962188942000001,9.55793162,9.682426283,9.484799634,9.346420275,10.42256468,10.40730351,10.31148614,9.630147467,8.878261116000001,8.967532423,8.185866497000001,8.130465843,8.208529042,9.269104811,9.122943749,9.610828429,8.706908201000001,8.920820772999999,8.978988667000001,10.03363193,10.08139014,9.59332135,10.37675681,10.38527971,10.17209408,10.70791905,10.72573963,10.75288526,11.07586478,10.34617032,10.06938606,10.41914219,9.830014703,9.898766219,9.832938165,11.05424089,10.96994016
Ga0242637_112538,6.206635294,6.000201688,6.026686716,5.684408297999999,6.02706223,6.00021559,5.817473055,6.052707669,5.580774831,7.404356826,6.240951495,6.762823569,6.169799106,6.060897007,5.958855267000001,6.9246996339999995,7.138209295,6.925264389,6.697893701,6.4143704,5.966199916,6.038401672000001,6.100925536,6.234841304,6.234237257999999,6.172605152999999,6.271968332999999,6.324829715,6.3435475,6.061131447999999,6.731384782999999,6.818830758,6.1397226,7.818862366,7.568272886,7.270604904,7.215019439,6.758834553,6.863510367999999,6.961959372999999,6.078158097999999,6.098503088999999,6.262320027,5.914696581,5.920349227000001,6.069892649,7.512736099,7.16978384
Ga0242637_112539,11.02654183,11.01694176,11.06949508,11.06180414,10.98425089,10.98886051,11.17790059,11.18886462,11.21479221,11.208011500000001,11.43435645,11.3461415,11.0918306,10.94042549,11.05017617,11.85297875,11.91115047,12.045556699999999,12.50280592,12.87462786,12.88430327,12.92401524,12.951002599999999,12.95763409,11.57474515,11.52233371,11.31903975,11.46243767,11.51962381,11.45756955,11.16900419,11.154245699999999,11.21525103,11.00476947,11.20839858,11.19265248,11.01732862,11.11750501,11.15764539,11.33195202,10.68206114,10.83463486,10.81891318,11.32554439,11.33744324,11.16420575,11.54988805,11.21872058
Ga0242637_11254,8.183145746000001,8.184124963,7.821496144,8.022357944,7.923292479,8.075447411,8.34587611,8.361387987999999,8.063040483,8.601289332,8.439558492,8.329335792,7.468879679,7.693505002,8.057380865,6.834485387999999,7.165089685,7.336957699,6.66327232,6.874265449,6.856069484,5.954705207000001,6.4553886270000005,6.352505232,9.017406262,9.300322131,8.43599419,7.9067577479999995,7.973178573999999,7.820481096,7.60926127,7.526257617000001,7.867808277000001,8.07928486,7.879995598,8.111240318,6.097225568,6.495236836,6.810194429,6.749524052999999,7.394123495,7.528876392000001,7.706245301,7.46736593,7.234604227,7.522367652000001,6.612265337999999,6.832094877
Ga0242637_112540,9.670884141,9.623425498,9.594213865,9.605367223,9.544002875,9.486410814,9.477502507999999,9.601919076,9.465830596,9.345565097,10.79686125,10.11556033,9.343393604,9.457119503,9.387853601,9.027493872,8.863316296,8.869405822000001,8.345195325,8.222215777999999,8.134217751,7.53835883,7.554524265,7.584857438999999,9.211195549,9.430516929,8.974386667000001,9.320372215,9.347979287000001,9.388524276,9.878417561000001,10.06545403,9.543528774,9.402337405,9.81528574,9.774175056,9.219196923,9.422920254,9.179900068,9.801268936,9.005825445,9.109084766,8.914256092,9.025898201,8.922381377,8.94234783,9.553490217,9.807632355
Ga0242637_112541,8.866236702,8.950139369,9.058445771,9.080973207000001,8.922651371,9.072982026,9.081170537,9.251390994,9.340702825,9.150673432,9.157671709,8.914890175,8.884305399,9.102484467,8.901767619,9.573147323999999,9.721716546,9.698851387000001,10.70270744,10.98149918,10.89349445,11.14221368,11.17903723,10.97712552,8.913547008,9.149658349,8.809469969,8.713161368,8.800536313,8.871929863,9.307330685,9.272259523999999,9.319620814,8.810958418,8.612351921,9.001013967999999,8.731500201,8.789680158,8.520594127,9.466507307999999,10.17232479,9.987458931,10.26809343,9.071248568,9.176694237000001,9.36296491,9.427347277,9.466431699
Ga0242637_112542,7.990870311,8.187679589,7.899085357000001,7.971693496,7.903811771,8.117573995,8.212859712,8.129490916,8.204448548,8.057166837,8.582625484,8.287596107,7.777165649,8.082798598,8.092377152000001,8.577566744,8.543190518,8.63547153,8.312088086000001,8.189654013,8.301825687000001,7.869947838,8.178768379,8.15294426,8.825780697999999,8.977149022999999,8.502347775,8.530476604,8.294244792999999,8.302949768,8.096058154,8.313043401,8.139090106,8.347680602999999,7.8582687710000005,8.132829873,7.613790029,7.8890709779999995,8.239516254,8.344844354,7.859303392999999,7.945961329,8.09522688,8.077119502,7.011311974,7.910670655,8.310421271000001,8.255525506
Ga0242637_112543,12.57153365,12.52761291,12.68516858,12.81525988,12.76277959,12.63957245,12.58368082,12.65486389,12.76216337,12.059792100000001,12.89673103,12.4362603,12.23135896,12.37157214,12.14626529,12.35615161,12.30078148,12.22550874,12.38106324,12.53240236,12.51723445,12.42420938,12.60573189,12.54503262,11.60646166,11.4369939,11.68155327,12.01968707,12.24591009,12.29139634,12.21000957,12.14831762,12.32724402,11.75440592,11.577961300000002,11.67620083,12.27103629,12.02829532,11.88529541,11.39193417,12.58868272,12.44232713,12.71719029,12.09448223,12.10936781,12.20108968,11.49318808,11.37290783
Ga0242637_112544,10.33618562,10.50417752,10.48471243,10.61693929,10.50791424,10.45739128,10.50761038,10.44763187,10.518799900000001,9.596776072,9.786730367,9.665036126,10.34781133,10.53423994,10.36130642,10.19335123,10.08623772,10.07422635,9.985483016,9.767748492,9.79651461,9.535079115,9.686542872,9.690051588,9.462953495,9.149658349,9.635675272,9.767582395,10.16608374,10.14816375,9.900760376000001,9.820158628,10.04525216,9.444047846,9.306953299,9.427597282999999,9.970668418999999,9.822454228,10.05148831,9.520551409,10.17802753,10.19531288,10.32331958,10.28847955,9.782782733,10.23294598,9.613835469,9.344800465
Ga0242637_112545,12.00941323,11.93089946,12.24833652,12.06556247,12.03399467,12.11487517,11.94239381,12.04169413,12.03827849,11.65426038,11.8504248,11.81417302,11.94360038,11.97377942,11.8063455,11.87970542,11.71110404,11.47363874,11.28996735,11.32436828,11.34119605,10.63117653,10.37854165,10.49432406,11.77857482,11.56051847,11.69855427,11.93394723,11.98177296,11.94478029,11.70273005,11.48479292,11.83534652,11.995137099999999,11.7172113,11.91695029,11.8370717,11.76182678,11.7976926,11.066334300000001,11.47879672,11.61068659,11.61843378,12.11775609,12.3420606,12.27895824,11.31998944,11.02046885
Ga0242637_112546,8.994355517999999,8.966784192999999,9.22021108,10.08848672,10.15116765,10.19485347,9.652799264,9.742336213,9.878349829,7.75009687,8.029122406,8.244612445,10.24435781,9.658916277000001,9.527360382000001,10.16773859,10.03739586,9.589687305,9.148297799,8.946106151,8.826599104,8.274600126000001,8.233149926,8.192865056,8.740820467,8.501964037,9.120023162,8.161224811,8.256050062,8.26439172,8.976677817,8.661838322000001,9.26497783,9.051608568999999,8.959581944,9.1626533,12.02255143,12.51650272,11.72111567,11.63437638,9.896067612000001,9.687018071,9.577997664,9.886462112,9.743971347999999,10.13632098,11.37193182,11.90270471
Ga0242637_112547,8.522004125,8.669165442,8.743181166,9.363848638,9.408905658,9.582502307999999,9.000833949,9.115830851,9.151078473,6.968699735,7.071574155,7.261765471,10.22054703,9.566949122999999,9.432233141000001,9.43581024,9.113695406,8.789592779,7.550534334,6.718509934,6.872565602000001,6.574910802000001,6.198069137999999,5.809865286,8.644518262,8.144070849,8.783021981000001,7.9067577479999995,8.142627414,8.348718051,8.47929187,8.236273269,8.921890193,8.552248448,8.369071,8.612740007000001,11.35843693,11.978309900000001,11.32887065,11.18996943,9.302361592,8.960161771000001,8.914256092,9.559030273,9.707194382,9.828140957999999,11.01001786,11.55052603
Ga0242637_112548,7.995878227,7.9192050929999995,8.059755798,8.588378213,8.695124311,8.79480134,8.540839025,8.463216577,8.432393645,6.682777196,6.699733755,6.964795992999999,9.604841836,8.920204308999999,8.946441431,8.87304164,8.622874911,8.285126712,6.904664781,6.168747975,6.478889971,5.865819405,5.318206933,5.538322247999999,8.194905471,8.121111042999999,8.309924629,7.670083452999999,7.790884693,7.9717510339999995,7.970222303,7.720428227999999,8.12646065,8.153007243,8.219472602,7.8972461329999994,10.6665477,11.32092147,10.83585566,10.85565144,8.733723493,8.481782554,8.179749117,9.105340887,9.126509552,9.063632482000001,10.54697246,11.004491400000001
Ga0242637_112549,12.0388215,12.0123235,12.17615938,12.31139174,12.3234582,12.26530957,12.19102049,12.24207017,12.25533588,13.00907744,12.87604381,12.70376783,11.89334446,11.85794557,11.64011652,12.44716852,12.42615049,12.49431171,12.89252135,12.99985793,13.02411155,12.76696228,12.70147768,12.75857217,12.07462172,11.88286434,12.22106485,11.82953904,11.90756395,11.89482334,12.31656398,12.34240152,12.25367045,12.22635757,11.9010754,11.87913294,12.00350764,12.0134019,11.93932525,11.67193746,11.90849531,11.996692300000001,11.87441296,12.47568066,12.80782381,12.58489116,12.01660969,11.82807304
Ga0242637_11255,10.27055894,10.26775547,10.24487348,10.29672597,10.29547604,10.38006502,10.64610055,10.59697452,10.53673977,11.3157616,12.83755211,12.00115937,10.26778197,10.28153919,10.22683845,10.82376482,10.72421902,10.60971402,10.51059691,10.63005053,10.61973892,9.806074456000001,10.2563378,10.18164821,10.26999813,10.55628783,10.30748449,9.885776751,9.900629719,9.905298199999999,11.51513835,11.64720083,10.95393368,10.82589325,11.38066395,11.30217675,11.04739287,11.64361162,11.26250121,11.8199271,10.49064855,10.34441628,10.57289231,10.04675036,9.965167817000001,9.951272434,11.59369631,11.89838809
Ga0242637_112550,10.80197354,10.82375845,10.76860586,10.89512578,10.89335515,10.91315808,10.97721896,11.05887686,10.97402659,11.17869115,11.00092561,10.95845099,10.585405999999999,10.702817900000001,10.64494964,10.86077059,11.06459219,11.15177351,11.128212,10.86880016,10.98823722,10.44873737,10.17533805,10.55836783,11.18535811,11.25872396,10.96302819,11.24610123,11.00893458,11.07744345,10.96383629,10.94103975,10.91224113,10.50122547,10.34777262,10.53551045,10.52058166,10.64055974,10.66409998,10.53061409,10.63998332,10.38949282,10.64278963,11.05243468,11.22595254,11.03173562,10.5932681,10.44182044
Ga0242637_112551,9.767740123,9.835388188,9.879029903,9.888746734,9.838841698,9.819019865,9.683047533,9.643264192,9.618513046,9.894372893,10.31198328,10.05742012,10.07433339,9.97822252,9.967949134,9.834973442999999,9.717185325,9.725904228,9.29952009,9.186173676000001,9.207315643,9.219120093999999,8.601245659,8.943258372,9.408905857,9.395868678,9.446421561000001,9.266117357999999,9.30611392,9.212937897,9.181171512,8.971735524,9.299137056000001,9.461561064,8.923426819,8.896719525,9.454288565,9.584385526,9.540364149,8.233424735,10.16468589,10.12041477,10.1173283,9.492394396,9.725700055,9.480744701,8.506533187999999,7.989376106
Ga0242637_112552,7.228758716000001,7.244470949,6.997308508,7.2178928010000005,7.251595909,7.0877564689999994,7.36035225,7.313201381,7.338504287999999,8.427252557000001,8.386908315,8.02511724,7.782597712,7.586826238,7.240812927,8.83169885,8.698386921,8.879078973,9.25956145,9.146009762,9.116819388,8.944103886,8.809868466000001,8.876194602,8.015168335,8.32574609,8.05871406,7.425391856,7.36439023,7.45996819,8.247101029,8.103290804,7.882905672000001,8.246907515,8.085641595,8.384962581,8.303445626,8.208326037,7.969979668,8.902769607,8.210461335,8.012320642,7.5977657789999995,7.551261576,8.024282216,7.892399937,8.706007567999999,8.845632516
Ga0242637_112553,4.140753994,4.684705087,4.452168233,4.323454215,4.495743092,4.569649976,4.708165356,4.702102272,4.387612859,5.200420057,5.296506438,5.251130599,4.965630485,4.351503758,4.661434729,3.892319216,4.784519682,5.2157469,6.859515342000001,6.807111346,7.446649796,10.34602104,9.716843582000001,10.09371953,4.725186993,5.179903711000001,4.859823026,5.910445054,5.428273047999999,5.504822717000001,5.662190797999999,6.067140458,5.294966788,5.030015719,5.582545822,5.001963246,3.7220789030000003,4.464627463,5.064661065,6.226187843,4.7092957680000005,5.413829457,3.8313353180000003,4.470215957,4.3663536910000005,4.900834924,6.409009136,6.832094877
Ga0242637_112554,7.358878648999999,7.393553315,7.646932725,7.302348852000001,7.511824857000001,7.500572924,7.447545957999999,7.358771302999999,7.362853996,8.416330647999999,8.243516599,7.9438435279999995,7.675717737,7.512548612000001,7.706145617000001,8.449798753,8.365404168,8.035519303,8.649035279,8.584716332000001,8.637011852999999,8.071636004,7.790446735,7.817184574,7.938464928999999,8.082013302,7.876117817000001,7.314565374,7.153828832,7.316533405,7.71393922,7.714150298,7.5205698739999995,7.83239006,7.677771572,7.879110215,8.352438823,8.272946405,8.022456733,8.20590836,8.423906159,8.450214865,8.668310487000001,7.721296519,7.920987995,7.836156427000001,8.526764465,8.462692361
Ga0242637_112555,9.917742842000001,10.12305157,9.896868016,9.797723077999999,9.80511783,9.889225629,9.599240989,9.536883502,9.671439227999999,9.730636796,9.434931215,9.801445487999999,9.830038209,9.979844491,9.883565869,9.379544979,9.358356055,9.435981645,9.321866298,9.693060474,9.476250821,9.280397758,9.730409019,9.305588984,9.485029539,9.36851319,9.759908745,10.09775918,10.15102701,10.13159886,9.110506184,9.398967378,9.146978313,9.461561064,9.218071577,9.06015313,9.061172177000001,9.230271425,9.503922755,8.670881889,9.284850294,9.168485097000001,8.990329288,9.504467967,9.163179728,9.506495945,8.919976831,8.832116377
Ga0242637_112556,11.47548028,11.39870076,11.58615999,11.21790731,11.48706811,11.45838264,11.52976784,11.52233771,11.62349266,11.32989458,11.33553662,12.04391515,11.23339476,11.27430189,11.13191196,11.86668827,11.89050544,11.87236106,12.461260099999999,13.21552474,13.12965765,13.53506404,13.87650698,13.41622913,11.86528705,11.91714142,11.89382551,12.50010667,12.64395708,12.76556835,11.19082659,11.04596631,11.3192425,11.40132619,11.75810764,11.32378854,10.88484561,10.80070125,11.08829636,11.44438043,9.658387559,9.950333988999999,9.954956552999999,11.85501522,11.83747149,11.76400581,11.66900611,11.49514548
Ga0242637_112557,12.17996807,12.02131467,12.39633467,12.08814521,12.10660397,12.12053526,12.14264759,12.20424886,12.29329388,12.1327711,12.22740554,12.72607236,12.044525,11.89280038,11.88653174,12.63911881,12.6628918,12.68006586,13.03627736,13.92084653,13.88034768,13.55866537,13.92597939,13.597414800000001,12.94369581,12.89952489,12.5277814,13.31073624,13.29477359,13.45245528,12.08901983,11.85436986,12.15064495,12.45975798,12.77944482,12.42702362,11.82265712,11.51149483,11.72867181,11.9057951,10.630309599999999,11.04030289,10.76977392,12.39691114,12.9087875,12.49827205,12.24440168,11.86559504
Ga0242637_112558,5.666474096,5.713996002000001,5.781598573999999,5.965919447999999,6.114599127999999,5.769079584,5.869081032,6.084121432000001,6.388223061000001,6.568905718,6.365128764,6.10415414,5.813267869,5.23622359,5.763564733,6.403574545,6.9756197470000005,7.041884187999999,8.445286348,8.824137466,8.739418356,7.947573706,7.272294658,7.722159712000001,5.828255202,5.875292813,5.745996002,6.055693177,5.821286186,6.176629778,6.477279767000001,6.461837488,5.882929632000001,5.901372141,6.073623614,5.59225673,7.317314586,6.172248402999999,7.0589899,5.344228856,6.011404338999999,6.655532917,6.7605736720000005,6.651090711,6.672509707000001,6.490685711,5.451725904,5.823730594
Ga0242637_112559,6.18921751,5.933828587000001,6.110820507000001,5.6648314410000005,5.813320753999999,6.04865022,6.212974506,6.231640139,6.109493207000001,6.7069035889999995,6.240951495,6.015794089,5.896045455,5.84937358,5.988965352999999,6.378233109,6.881488354,7.2046772070000005,7.8640374589999995,7.357472189,7.401913389,7.218596184,6.6735829429999995,7.053884947999999,6.008417962,6.341326334,5.90760089,5.910445054,6.1748033079999995,6.139153197000001,6.663243297999999,7.343082005,5.862700526,5.28950145,5.582545822,4.974582655,7.104904802999999,6.78863294,7.340390809,6.30625242,6.078158097999999,6.098503088999999,6.685401651,7.384833404,6.4528445229999996,6.673171643,6.668036582,6.234161219
Ga0242637_11256,4.412075361,3.6224631489999997,4.092030704,3.9066627169999997,3.522085263,4.523839893,4.090398034,4.271795039,4.251042272,4.614551348,5.165124858,5.129307492,3.8339313660000003,4.2664301039999994,4.366319211,4.389752078,4.347036161,4.291204563,3.7340261939999997,4.067851648,3.8028251330000002,4.51831327,3.7987871739999997,4.672884133999999,4.629103398,4.235484963999999,3.607398345,4.309413512,4.176888662,4.329301877,4.650069804,5.044266382,4.746292825,4.401735515,4.998102894,4.40180063,5.152609088,4.856866072,4.095618047,5.064189077,4.621105128,5.579486505,4.8271728110000005,3.755778032,2.792585865,4.061967078,5.0051764169999995,5.5856647520000005
Ga0242637_112560,5.293729104,5.933828587000001,5.176150348,5.175905001,4.82588164,4.9255903089999995,4.708165356,4.820237303,4.920335663,5.33118652,4.388768833,4.9960046369999995,7.956074654,7.871843978999999,7.939319833,11.82808526,11.76770665,12.01215657,11.90194393,11.36575793,11.31128061,11.30482687,11.28762843,11.32212727,5.4933045510000005,5.266836838,5.386665998,5.033966346000001,5.120823571,5.56276213,4.910764331,4.872372338,5.028947718,5.235803123,5.287778339,4.700706096,10.56282386,11.06677451,11.4487466,12.26613347,4.621105128,5.579486505,5.353497345,5.341992759,4.80563102,5.041675762,12.19548274,12.11523091
Ga0242637_112561,7.3432417029999995,7.317697041000001,7.298808348,6.700191151,6.682434484,6.607183947999999,6.898037609,6.578711075,6.450209912,7.42630507,6.240951495,6.892334516,8.746588194,8.34691755,8.879902737,11.48269944,11.74674005,11.95385379,11.95205007,11.87388437,11.81779815,11.59401255,11.66424647,11.80543106,6.8727028279999995,6.763643847000001,6.894607038999999,6.951542017,7.213053747999999,6.999143899,6.216836744,6.807072797000001,6.495022844,6.4969522820000005,6.551537317999999,6.2763765220000005,10.66007625,11.12481717,11.4543999,11.91856344,5.976825521,6.414785426,6.0080859779999995,7.128036692,6.840565294,6.704953937999999,12.05846448,11.87551146
Ga0242637_112562,10.10317062,10.169625199999999,10.30756263,10.07470571,10.10394203,9.913338274,9.738252406,9.718822702,9.765728023,10.16072011,9.710880003,9.794840068,10.04412908,10.17229263,10.04766826,9.622465802999999,9.71567175,9.787549982,9.748290166,9.888293076,9.874279842,9.073391945,8.908639323,9.127554477999999,9.699192792,9.599215482,9.656868388,9.676120329,9.741367008,9.585566813,9.472231902999999,9.433761322999999,9.402261961,9.451370875,9.145941285,9.174596865,8.980359801,8.833184495,9.022520733,8.406577673,9.800718293,9.675689422,9.588341049,9.729446321000001,9.694724058,9.711857189,8.556589086,8.456832689
Ga0242637_112563,9.899155577,10.11187105,10.11373309,9.760331153,9.761146904,9.516774952999999,9.174404536,9.244473861,9.144073509,8.535519299,8.708880071,8.603295165,10.63803437,10.53754767,10.36774746,9.974461626,9.692775468999999,9.409527609,9.103854327999999,9.176237042999999,9.295527781,9.658913692,10.02052454,9.820631509,8.945742302000001,8.983527266,9.096350951,9.352773182,9.808876298,9.909468566000001,9.160744487999999,9.345150534,9.029806533,9.463010947999999,9.640188575,9.341487178,10.85682391,10.70637442,10.94119753,9.848740357,11.17284657,10.60905743,10.12800273,8.976910911000001,8.867882652,8.760417667,9.900212418999999,9.875088022
Ga0242637_112564,7.3666339679999995,7.63664574,7.247801772000001,7.5023477860000005,7.485852556,7.4713295529999995,7.571770718,7.41532088,7.486197701,6.998315927999999,7.471739365,7.290236159,7.342154292000001,7.341358828,7.7106579260000006,7.447071651,7.565538942000001,8.123609645,9.501459682,9.669642592,9.660756173,9.861550878,10.34894737,10.04657144,7.4510381820000005,7.687960958,7.4299291279999995,7.485094512000001,7.269940597000001,7.341452393,7.286074311,7.568632714,7.56493492,6.9420648289999995,6.855823267999999,7.242498893,6.554101254,7.128566922999999,7.147606816000001,7.244976904,7.22805967,7.300030443,7.480455463999999,7.2972869860000005,7.234604227,7.3455960220000005,7.363200292,7.126124115
Ga0242637_112565,9.130348741,9.112274287,9.087733775,9.734853691,9.653015469,9.596108696,9.822191101,9.648513761,9.940314281000001,9.477507623,8.842847155,9.051389435,9.519597941,9.549579177,9.453921224,10.88679413,11.02113949,11.38094508,11.75572434,11.8243757,11.83839634,11.6663021,12.13571889,11.880678199999998,9.435310873999999,9.465871781,9.496112984,9.449575897999999,9.245383082,9.443244303,10.48189787,10.60007628,10.14670419,9.303831138,9.312954684,9.829045384,10.56282386,10.61170504,10.64597196,11.28259736,10.81121576,10.35581814,10.61270454,10.25581921,10.23003219,10.09996807,11.15596493,11.39835084
Ga0242637_112566,7.202997149,7.258064488,7.435319747,8.022357944,8.219602099,8.278138853,7.975369679,7.8484722179999995,7.7427204839999995,8.121346659,6.715361918999999,6.664694803,8.308335808999999,8.198778053,8.169784947,8.99872847,9.050260023,8.926495046,8.312088086000001,7.357472189,7.521745895,6.733737546,6.259363603,6.294877003,7.903580203,7.940545855,8.043937792000001,6.806899709,6.6202908570000005,6.913080226,7.863022247999999,7.60979784,7.800495736,8.394024812,7.917247252999999,8.467381702,8.927452084,9.169340796,9.008399595,9.844285975,9.950391836,9.641159731,9.67823854,8.679640061,8.279430421,8.603623724,9.981244198999999,9.943725477000001
Ga0242637_112567,9.783751537999999,9.75741328,9.782539824,9.354754077,9.419231427,9.292786115,9.675845579,9.546757433,9.502807253,12.17360727,10.70601231,10.59865568,9.791499736,9.892986377,9.916156995,10.70795663,10.91698763,11.41375767,13.4272807,13.70903765,13.74995919,13.37271454,12.39319734,13.31586908,9.838928,10.27012257,9.570161311,9.348762636,9.418834548,9.368467254,13.17487749,13.68807803,12.1666656,10.0070397,11.10843021,11.00306631,11.22669101,10.73149887,11.55173365,8.763442803,8.823787585,8.729798859,8.68768211,9.54594706,9.388957125,9.152664074,8.268984942000001,8.302024868
Ga0242637_112568,7.131959527999999,7.362430193,7.202597458,7.04764284,6.943371332000001,6.80780962,6.595894845,6.556514126000001,6.700194142999999,7.074439242,6.442328847000001,6.635383967,7.102521811,6.922424455,7.011266357,5.93213082,6.221139128,6.360455159,5.480689365,4.643484469,5.314116753,5.771053014,5.532841605,5.809865286,6.201724324,6.300966492000001,6.012805475,6.2054726460000005,6.18964741,6.061131447999999,5.937547792,5.985883048,6.23711471,6.450863924,6.110934165,5.911715405,5.845938526,5.978686848,6.522571967,5.578091949,6.261601092,6.6369394470000005,6.097926172999999,6.238334407999999,6.392255812,6.281640101,5.88852457,4.459495233999999
Ga0242637_112569,7.202997149,7.031433598,7.082964497000001,7.388086791,7.4256454110000005,7.308893808,7.248241447000001,7.084301845,7.1554624460000005,8.318040707,7.366867463999999,7.299602771,6.984873426,6.7274828179999995,7.36052325,7.120624715,7.531521432999999,7.364774649,7.098454785,6.523051353,6.770629604,5.954705207000001,5.429562132999999,6.2038558429999995,7.056427191,7.308865021,6.744166521,6.875466584,6.775771787,6.65915035,6.858695086,6.759056697999999,6.644396604,7.255061337999999,6.765264074,6.629125069,6.311006991,6.902018501000001,7.13898638,6.141396877000001,7.699276052,7.487996300000001,7.513407397999999,6.693940546,6.3290014789999995,6.441203655,6.409009136,6.027805793
Ga0242637_11257,9.533013034,9.642975671,9.797811026,10.3077641,10.19789613,10.40733306,10.1365037,10.19663825,10.29043601,9.912621448,9.953987032,9.675861227999999,9.926406943,9.943732978,9.818179851,9.978676318,10.01541944,9.929294886000001,10.10465548,10.08345099,10.10451692,9.797116669,9.92936618,9.731294752,9.557336916,9.528278623,9.605807292,9.196413405,9.309508225,9.475482082000001,10.16557931,10.30144645,10.0249841,9.414378238,9.367795538,9.563244017999999,10.4510609,10.41816851,10.55822567,10.2799386,10.57375115,10.16484659,10.46055124,9.896804455,9.731816234,9.936861432,10.39569575,10.42240986
Ga0242637_112570,7.614716262000001,7.775415969,7.382256243,7.399929143,7.243867138,7.568427817000001,7.28658883,7.306572171,7.183078121,7.172946595,6.791055116,6.867347335,7.39276843,7.705321217000001,7.664886527,7.009595233,7.110817937,7.17355671,6.373073995,5.904829262000001,6.319441296,6.5466481420000004,6.531855815,6.586578389,7.365713172,7.188823161,7.594483089,7.281269958999999,7.553815083,7.185034875,7.247833707000001,7.398954174,7.044425757000001,6.727010317,7.031211031000001,6.671931026,6.497069943,6.9555306670000006,7.286775502,6.566714891,7.073373025,7.163887002,7.115777473,7.473523104,7.127278905,7.290835399,6.918462087000001,6.638418239
Ga0242637_112571,8.417653222,8.367679159,8.353018087,8.100617393,8.191762002,8.032053225,8.044112979,7.853027767,8.058079542,7.903990985,8.029122406,8.185232652,8.174263863,8.220895366,8.271007182,7.9633146560000005,8.012851382000001,7.899539497999999,8.02253529,7.96180169,7.864383717999999,8.308619469,8.26332862,7.9811988739999995,8.199021269,8.271173949,8.102155681000001,8.206256052,8.474403992000001,8.489095613,8.219712317,8.26231998,8.039313917000001,7.763445673,7.767932094,7.868118166,7.71718383,7.729357615,7.727143962,7.492867699,8.118543228,8.263043375,8.123954856000001,8.048539803999999,7.888499769,8.077637112,7.737730732,7.512619996000001
Ga0242637_112572,12.81176173,12.79136377,12.64263218,12.13714746,12.14495659,12.15311705,12.24209683,12.12714123,12.32099163,11.28857133,12.17966883,12.89578838,11.50218429,12.15608689,11.91564128,11.28246851,11.25324183,11.45718561,11.90472233,11.65822965,11.69979647,12.78406423,13.08770866,12.63398563,12.702872099999999,12.2357269,12.643777499999999,13.86028469,14.01162252,14.04382074,11.76697832,11.98196766,11.54912613,10.94428991,11.66499129,11.11923903,10.21098204,10.63237426,10.73798664,11.80223754,8.818928849,9.098942491,9.374904787,10.96339595,10.6903846,10.82033841,12.01750348,11.70618676
Ga0242637_112573,13.80431736,13.72423766,13.81758976,13.11096012,13.17835125,13.14904384,13.241389800000002,13.28301077,13.41995412,12.5390359,13.60840002,14.18643722,12.87054206,13.11359627,12.84809829,12.85021666,12.64967623,12.74067629,13.20881531,13.01944202,13.01879954,13.669162,13.97978691,13.55955974,13.78103501,13.12239646,13.661478500000001,14.75959354,15.0418736,15.0608191,12.90963433,13.16733385,12.70812545,12.54334346,13.1022135,12.42296163,12.00094936,12.20012462,12.33523814,12.97573717,9.647467162,10.53951707,9.986581678,12.63483392,12.87878551,12.55834316,13.18730656,12.90653821
Ga0242637_112574,12.90304344,12.74869084,12.95736389,12.5941755,12.72582201,12.79954684,12.90657194,12.98065637,13.10677142,12.1327711,12.96096362,13.438689800000002,12.33432902,12.38846217,12.13958941,13.18942939,13.188826,13.26850321,13.7992302,13.75982166,13.76203539,14.3748886,14.39673014,14.18601262,13.27210483,12.58988033,13.13589575,13.84078551,13.90775033,14.12227104,12.74993139,12.88814108,12.46003116,12.40574713,12.77419814,12.31329276,12.63422729,12.73531604,12.84629185,13.30579884,9.585881032,10.22514906,9.758287943,12.99343282,13.16190299,12.84934748,13.64825596,13.32922915
Ga0242637_112575,12.24791094,12.07747231,12.28695267,12.00702526,12.05814728,12.09560676,12.35010065,12.36634676,12.42169318,11.58280257,12.46411443,12.83873151,11.61721176,11.6248922,11.41641205,12.66157563,12.43859018,12.68644937,13.15732265,13.26714654,13.21957488,13.6387739,13.81257957,13.58471897,12.48404094,11.84920891,12.36297692,13.00503211,13.09315762,13.40006876,12.13214957,12.20732281,11.96689204,11.97977328,12.45452118,11.86169392,11.99324722,12.12772659,12.2288857,12.61431428,8.92673738,9.776702819,8.994224138,12.35272559,12.57973745,12.25726309,12.81975174,12.538527
Ga0242637_112576,12.58696218,12.40473231,12.50848491,12.23104615,12.31242124,12.40288374,12.63533512,12.67236443,12.737361300000002,12.34943962,12.84133666,13.18530666,12.01079433,12.03434907,11.87803408,12.82029329,12.91037391,13.08387956,13.54370484,13.80229872,13.74395296,14.27250732,14.3933231,14.25715956,13.0215683,12.43813126,12.90127264,13.46412399,13.50514201,13.71431133,12.45678602,12.57209954,12.35299168,12.64152405,12.88190648,12.33074275,12.41154151,12.56783777,12.64993369,12.99017366,9.92348541,10.25742352,9.608807966,12.69055259,12.86389538,12.58577958,13.24891979,13.03988965
Ga0242637_112577,12.98590643,12.890787800000002,13.49384026,12.5967492,12.8879395,12.74654219,12.51219243,12.72020352,12.75585912,12.566256,13.43169847,13.85820017,12.99579119,12.62489585,12.42666508,13.41689045,12.95098053,12.8094728,13.69193713,14.22126432,14.10675303,14.0644435,14.03535288,13.91497711,12.90186264,12.50855627,12.83720054,13.71654785,13.77885074,13.80412477,12.61773951,12.48100475,12.52541637,12.901926199999998,13.20717069,12.91334575,12.96145004,12.81928993,12.55981592,12.86905261,10.32061865,11.61128133,10.69756204,12.85000044,14.12232649,13.31861997,13.26988684,13.04941121
Ga0242637_112578,13.39425645,13.29280433,13.56175914,13.02208188,13.27969813,13.24878447,13.18003769,13.34039604,13.33022709,13.0289296,13.8581346,13.96869848,13.20250091,13.07854473,12.92520891,13.65441144,13.47620627,13.51552914,14.17952501,14.47763756,14.48892472,15.18052171,15.27945715,14.97413733,13.64313783,13.40771251,13.50576834,14.37231608,14.259720199999999,14.39776104,13.4008064,13.46819231,13.14839616,13.39642679,13.66321549,13.52288032,13.607625099999998,13.70879742,13.37532757,14.25523389,11.54354778,11.94005901,11.46200371,13.42060071,14.05577877,13.39064734,14.3302739,14.46150246
Ga0242637_112579,5.716073102,5.673836388,5.583435282000001,5.849499729,6.290235789,5.983700409,6.102463161,6.114862433,6.434961866,6.542329006,6.931459089,6.266065182999999,5.7918038570000006,6.085272242,5.912470496,6.635096769,7.208805278,7.125578391,7.421922791,7.754787341,7.71697825,7.4946867720000006,6.994849777000001,7.548386974,6.134403816,6.157608203,5.863257924,6.151119556,5.762836374,5.8452143020000005,6.46398412,6.87622231,6.221334345,6.4969522820000005,6.467827035,6.242669221,6.6089580539999995,7.128566922999999,6.720557178,6.823872422999999,6.86274643,6.796220224,7.057372902999999,6.349800908,6.392255812,6.209546626,6.82345168,6.885458696000001
Ga0242637_11258,9.536453552000001,9.487290227999999,9.654176232000001,10.01726595,9.976890194,10.01509503,10.24753926,10.24509084,10.23327651,9.368410662999999,9.981685342,9.941097357,9.494996945,9.658916277000001,9.732045925,9.007005852,9.043036322999999,8.999260984,9.010635986,9.351296427000001,9.313748505,8.965584555,9.062432991,9.020711986,9.394623038999999,9.470420057,9.39107105,10.33214046,10.0276521,10.34780264,9.914245905,9.9738559,10.03515372,9.150305056,9.480507797000001,9.749434667000001,9.321161479,9.309417088,9.285163434,8.635225549,9.793306472000001,9.634153497,9.718818391000001,10.37157386,10.47028577,10.21743744,8.49117131,8.664292482999999
Ga0242637_112580,8.479736045,8.530489703999999,8.525002556,8.125787824,8.250774937000001,8.366543492,8.268185611,8.213367317000001,8.409206885,8.174172557,8.476677388999999,8.324757252000001,8.219018457999999,8.418041809,8.336693036,7.791848667999999,7.611854076,7.690167295,7.303350019,7.481048008999999,7.479313968,6.985989784,6.556467632,6.562373374,8.343594737,8.371859617,8.43599419,7.976006823,8.100136022000001,8.160899867000001,8.052366402,8.029373742999999,8.070417811,7.691038666,7.541253297999999,7.7652268310000006,7.640341822000001,7.995034777000001,7.884925615,6.961959372999999,8.436649891,8.14968974,7.807131587000001,8.006703465,7.877505654,7.968500757999999,7.429194995,6.936915806
Ga0242637_112581,9.021617441,9.132701062999999,8.937259115,9.058742922,8.917804367999999,9.222589315,9.957030615,10.06443766,10.02790552,8.427252557000001,9.075373113,9.73398951,9.188359805,9.286746099,9.152808992999999,10.07236379,10.15820591,10.39138522,10.48607144,10.59069367,10.35379553,10.35622155,9.527798657,10.01128747,8.798917046,8.893817891,8.774097118,9.023540581,9.20403536,9.293861381000001,9.937246236,10.13757967,10.11296219,7.993585329,9.029282251,9.301199079,8.990712412,9.140770794,9.263527739,10.54715307,8.195542717,8.201171893,8.481157413,10.12018552,10.17498338,10.08395967,10.8109798,10.45950902
Ga0242637_112582,10.95442883,11.22019514,11.06371628,11.23287559,11.42223751,11.53631957,12.05423153,12.20067966,12.07526553,10.1331939,11.01360872,11.69107722,10.81276155,10.96479131,11.21006099,9.063654632999999,9.00636506,9.22273369,9.618911549,10.06022686,10.45849795,9.678557433,9.284672253,9.630255587,10.49083888,10.33889162,10.85784838,12.14609834,11.884991000000001,12.19247573,11.55716173,11.42600322,12.03688367,10.17480318,11.20947133,11.48263292,8.8836828,9.075851164,9.731573792,8.184921005,8.857348086,9.115806883,8.608584046,12.89210792,13.08336211,12.84786703,8.400888047999999,7.905809417
Ga0242637_112583,11.51743261,11.584406800000002,11.34369811,10.82661275,10.8088342,10.82461932,10.42052523,10.29782737,10.341339699999999,10.81701972,10.29649795,10.84713348,11.12747847,11.42389187,11.38712044,10.43335288,10.41011362,10.46789198,9.792965066,9.215579395,9.28325151,8.970905112999999,8.714795439,9.098427485,11.17285863,11.03495185,11.21407005,11.46938044,11.57954132,11.43267289,10.26270011,10.27183874,10.13939026,10.36206737,10.65860824,10.19059156,9.643319496,9.446456103,9.845835992,9.947569368,8.992941555,9.237913285,9.102829656,10.78744257,10.92199575,10.74535101,10.14396833,9.861846859
Ga0242637_112584,11.24572613,11.12284126,11.04517368,10.80563039,10.66728924,10.87850321,10.42625892,10.45364215,10.21779186,11.02182351,10.5006125,10.87244931,10.84556341,11.0467765,11.034968,10.26066276,10.47953641,10.52059913,9.924729702,9.383320502,9.372873954,8.944103886,8.484407281000001,8.795526731,11.04894875,10.69618068,11.08350595,11.34202162,11.36101578,11.16260292,9.997229947000001,10.11631805,9.978897727,10.13351794,10.51588808,9.845948068,9.38534208,9.558698652999999,9.855071197000001,9.658876646,8.857348086,9.152228844,9.145483027000001,10.53939518,10.37775788,10.50578341,9.79988384,9.201488043
Ga0242637_112585,12.48024926,12.19933725,12.40964933,11.97770536,12.02500825,11.97867895,11.542032199999998,11.67096571,11.56087623,11.98261538,12.4337654,12.56557365,12.11348466,12.04310276,11.82362856,11.84780391,11.56325966,11.57419468,11.37323526,10.96716378,11.04022857,10.68558248,10.66514264,10.49272594,11.88138113,11.65710936,11.91224533,12.16902383,12.46395859,12.40995658,11.55833344,11.73040822,11.43811975,11.50490001,12.02810725,11.4645061,11.03993534,11.02674009,11.11983448,10.82206695,10.38777579,10.66512504,10.46757213,11.95270359,12.00906754,11.94550223,11.21325741,10.74681819
Ga0242637_112586,12.64906522,12.55452974,12.53796112,11.93512156,12.1363766,12.10062704,11.91232317,11.97639943,11.87017833,10.93712899,11.23622651,12.20204465,11.7293766,11.84865491,11.94441449,12.02992617,12.18605477,12.47151558,12.57580485,12.16933115,12.26828924,13.03992287,13.21426518,12.90333395,12.38253323,12.23037377,12.21310778,13.294669400000002,13.32380623,13.22750698,12.14442496,12.38352088,11.74702044,10.73520718,11.63176727,11.60406992,11.35042045,11.27170476,11.601183500000001,12.02473016,9.152073475,8.879507765,10.992501400000002,12.39772051,12.44801962,12.0892599,12.41554387,11.99555314
Ga0242637_112587,9.449704602999999,8.970915562,8.809980272999999,8.58578932,8.397269088,8.366543492,8.561828887999999,8.501436793,8.424706065,7.647959768,7.644826432,8.743677723,8.040109832,8.269453082,8.348321062,8.850219854,8.606633101,9.091595947,8.738969786,8.169758152,8.201006838,9.430831155,9.919925354,9.612705687,9.159337213999999,8.624022489,8.888782041,9.800255494,9.742623075,10.08933492,8.626584477,9.073308496000001,8.773196007000001,7.588467645,8.766086591,8.345883704,8.088914303,8.354836038,8.186146856,8.768153722000001,4.870542887,5.413829457,7.278004095,8.789801049,8.639692526000001,8.549273165,8.688155019,8.045118957
Ga0242637_112588,12.91300377,12.76096984,12.86553553,12.38879783,12.54963013,12.53749273,12.31073439,12.37567522,12.39784402,11.51702201,11.88232572,12.80379313,11.99772032,12.19745112,12.00397465,12.81234554,12.71665804,12.9818084,13.36441989,13.00431099,13.05580485,13.59228048,13.77232596,13.54536903,12.6164743,12.14972611,12.59604647,13.36684151,13.58082938,13.67504599,12.37358846,12.63346013,12.25608771,11.23350645,12.21996485,12.09834815,11.71594995,11.64564644,11.91366857,12.29579774,9.155931619,9.256282379,11.31015199,12.86821805,12.81107697,12.66727456,12.64772096,12.22745859
Ga0242637_112589,11.98223408,11.79740544,11.92233238,11.51318998,11.59081464,11.58421316,11.35855032,11.45689593,11.53567295,10.63979648,11.14189919,12.00867126,11.10922445,11.1937815,10.89184965,11.99342132,11.83128604,11.95984822,12.52765172,12.33628018,12.30973007,12.89457273,12.85395342,12.75790706,11.62646142,11.18084609,11.55093352,12.43917266,12.56858594,12.7184118,11.54539199,11.664800300000001,11.42915037,10.38519336,11.27907629,11.21342469,10.76632764,10.67084819,10.80555341,11.19697377,8.247096423,8.31654558,10.47873497,11.91842823,12.14016009,11.85200467,11.62217981,11.12576966
Ga0242637_11259,9.526107286,9.51584721,9.43891292,9.475741341,9.382763184,9.435853165,9.535682654,9.502507576000001,9.450770412999999,9.694932928,10.48930602,9.907813864,9.379681802999999,9.42294821,9.653386881,9.290805433,9.526628149,9.686510112,9.857485895,10.11500249,10.10102409,9.56704848,9.814331867,9.695619279,9.574861342,9.681285819,9.412316824,9.600557085,9.638513631,9.433623862000001,9.729648952,9.946006319,9.524404379,9.477430194,9.830705368,9.816713539,9.227974701,9.418166654,9.117677866000001,10.42420754,8.723360231000001,8.914627343,8.851229507000001,9.318663922999999,9.329702127000001,8.996802228,10.21113619,10.56267903
Ga0242637_112590,12.65679164,12.50089875,12.50964468,12.35821818,12.24363921,12.38770829,12.27840958,12.30948699,12.35753432,11.19848119,11.739800099999998,12.59865967,11.62289957,11.98027625,11.59355341,12.36985476,12.48974058,12.7335294,13.10110042,12.96757568,12.97128637,13.65042591,13.71206736,13.51754454,12.36958423,11.90459283,12.250586,13.21388085,13.417223000000002,13.51388885,12.45657656,12.52469564,12.33252208,11.18732694,11.9461764,12.00193561,11.52794739,11.40260481,11.64024514,11.86514973,9.072661119,9.162004561,11.11022822,12.54654466,12.881882699999998,12.65834976,12.3140766,11.75176376
Ga0242637_112591,13.12551481,12.95489165,13.14195222,12.93882291,12.84150787,12.81431932,12.78856044,12.89200874,12.95843992,11.7377798,12.60460739,13.42391692,12.21337565,12.42865472,12.03128034,13.10784423,12.95210573,13.10657179,13.56625425,13.58637678,13.54141822,13.93159354,14.07536753,13.82655613,12.82738958,12.26394623,12.60383232,13.74113821,13.87855416,13.92525988,13.10403182,13.16962922,12.98997826,11.73743312,12.53993713,12.76794039,12.18124032,11.92485565,12.01660868,12.2268916,9.594435563,9.992946182,11.78450277,13.05411382,13.69871714,13.28750472,12.65002821,12.22228725
Ga0242637_112592,11.83494251,11.66502407,12.25157505,11.72091911,12.0182315,11.83316366,11.65499487,11.90170271,11.80912223,10.72855487,12.01242333,12.93405099,11.71240438,11.11994575,10.96871811,12.58451249,12.11003496,12.10136949,12.83517738,13.10616776,12.975584300000001,12.85627523,12.95216086,12.84471909,11.79191859,11.25740868,11.58066755,12.79560081,12.86507388,12.84064842,12.17504608,12.19300779,11.86098205,10.70182499,11.767971099999999,12.05195912,11.62417799,11.13644009,11.08212988,11.26270668,8.871495537000001,9.631810502999999,11.33723566,12.39163914,13.72501626,12.68777655,11.79840505,11.36510839
Ga0242637_112593,12.85683497,12.74537861,12.71647683,12.57390883,12.6023119,12.55135334,12.65209928,12.66542204,12.67514605,11.40777342,12.49948472,13.1409109,12.06109914,12.16609451,12.09477954,12.97439033,12.79972227,13.02913838,13.32986584,13.19044475,13.20358212,13.73493962,14.0296036,13.81077009,12.87494655,12.27438778,12.80579911,13.749813099999999,13.90010201,14.00195952,12.87180653,13.14052506,12.68696075,11.40132619,12.41461399,12.29032188,11.93948576,11.96125569,12.151222099999998,12.27691606,9.148204985,9.610550547,11.153536099999998,13.04406822,13.30542231,12.86845635,12.55134223,12.14468643
Ga0242637_112594,11.69648442,11.55993338,11.63125697,11.46117458,11.58011761,11.45539982,11.60152051,11.64985344,11.59166625,10.49765641,11.32349033,12.0355348,10.89466323,11.05948768,10.9047028,11.92736341,11.692758099999999,11.93369055,12.1347263,12.11791615,12.07709503,12.68476272,12.88005224,12.64805289,11.65295369,11.17667727,11.57425556,12.56463506,12.64462911,12.78631502,11.59495379,11.81422125,11.4529459,10.25900627,11.32582626,11.22459754,10.90687757,10.87022028,11.07650103,11.10035334,8.261493821,8.552860019,10.12267539,12.02964803,12.18598576,11.85907676,11.53810221,11.06447935
Ga0242637_112595,12.58841312,12.62912832,12.56312822,12.44665277,12.40364901,12.70036135,12.53790794,12.696007,12.7377491,11.33956142,12.06553935,12.91685372,11.80837396,12.05257453,11.83193428,12.6726743,12.70392807,12.90222019,13.202431299999999,13.02244928,13.018336699999999,13.61963632,13.79186555,13.43257533,12.85601374,12.37079708,12.67547525,13.52236648,13.66951488,13.78476997,12.57264463,12.75384714,12.51030799,11.33636337,12.08707734,12.16140982,11.85701316,12.003915699999999,12.17433102,12.04815914,9.363698557000001,9.722683266,11.22901885,13.09236173,13.11178014,13.04252928,12.54484749,12.0131273
Ga0242637_112596,12.58176827,12.47240626,12.8804054,12.78002559,12.62961684,12.67237585,12.53475993,12.75924617,12.93917891,11.65387301,12.63596307,13.19364763,11.98923163,12.155548800000002,11.786985099999999,13.03963724,12.86279085,12.89150777,13.58773645,13.71605592,13.64728489,14.15808086,14.30836491,13.87121331,12.76265582,12.25034641,12.63353468,13.29792311,13.4821093,13.62879231,12.97792124,12.97584555,12.90827018,11.53554067,12.33083413,12.63891612,12.44298091,12.14581017,12.18640155,12.00441212,9.76074113,10.45191822,11.78843315,13.16534971,13.88123317,13.62330194,12.48891216,11.93203692
Ga0242637_112597,11.21974692,11.13209391,11.26484492,11.15381185,11.16895318,11.21336284,11.39738001,11.44563161,11.37444173,10.26686914,11.23825419,11.81987753,10.38309576,10.53589475,10.50392817,11.54299867,11.55185387,11.71889884,12.26872848,12.32845077,12.27566658,12.85807088,13.19580395,12.58420403,11.47645633,11.02313322,11.41305976,12.08593413,12.30852701,12.44581176,11.37365962,11.61261033,11.20277429,10.12530034,10.99605081,10.86386199,10.89314707,10.96452507,11.2540485,10.88630692,8.037199892,8.630021438,9.735201544,11.74546769,11.89447012,11.702099699999998,11.385842199999999,10.70170149
Ga0242637_112598,12.46295157,12.36074057,12.36996966,12.3168655,12.30779747,12.28707344,12.50763626,12.58864469,12.58663759,11.64415484,12.28673461,12.81974221,11.47350985,11.74373509,11.59385869,12.66713564,12.70297355,12.99284792,13.27222436,13.25382281,13.28817896,13.81514505,14.15535993,13.77110925,12.73865011,12.25650414,12.53418259,13.33082555,13.41180511,13.57226503,12.40692513,12.66918331,12.29798176,11.34896486,12.10592227,11.83513366,11.95938775,12.16792352,12.34158789,11.955688,9.167444523,9.925680142000001,10.46476787,12.74467633,13.00219679,12.67280376,12.33824357,11.84779578
Ga0242637_112599,13.22334872,13.21057554,13.25010719,13.19223496,13.2013437,13.33488897,13.38004817,13.3889362,13.44724243,12.75235469,13.31374584,13.75946101,12.42610582,12.75230463,12.44064977,13.67776785,13.65918606,13.92233976,14.393019699999998,14.42747223,14.42077655,15.00622808,15.34032826,14.884584799999999,13.64313783,13.18311385,13.58029386,14.20673285,14.34240437,14.55232632,13.37377429,13.59005283,13.30017416,12.47024959,13.04762532,12.92322353,12.95220987,13.03723229,13.3258924,13.12733852,10.63446343,11.12603634,11.65886654,13.76951248,13.83101715,13.73058192,13.43083914,12.98165668
Ga0242637_1126,5.082054823,5.330128456000001,5.629905762000001,5.230412906000001,5.4312682,5.421298715,4.708165356,4.820237303,5.338913594,5.736265317999999,5.757135615,5.36332174,6.234769399,5.6011134810000005,5.4313862429999995,5.78534409,4.582983929,4.561454398,4.206860836000001,3.648450477,3.9413868460000003,3.9332210489999997,1.764951351,3.8026455180000003,5.646550329,5.375044513,5.386665998,5.112534724,4.99012813,5.6184418439999995,5.024950464,4.2484376169999996,5.264318318,5.262906055,5.913850367,5.461134752,6.018255341000001,5.0681414689999995,4.780426735,4.934560538,5.015163076,5.067434938,5.660000498,5.341992759,5.687517277,5.287173358,5.574061733,5.246040917
Ga0242637_11260,10.18217026,10.04780215,10.17056391,10.25985147,10.26907874,10.30748489,10.40463905,10.36154721,10.45419307,10.84171883,11.01044838,10.71692666,10.04977039,10.035494300000002,9.910285837,9.991247017000001,10.08506592,9.979615431000001,10.25157291,10.60927596,10.56247643,10.32747636,10.48640861,10.326841900000002,10.10983222,10.30618951,10.06806581,9.926708427000001,10.08621237,9.915010367,10.54709063,10.57431944,10.43738938,10.53125264,10.274833300000001,10.62744763,10.35816742,10.32727979,9.974889472000001,10.30446732,10.85221604,10.64202776,10.87173603,10.189128300000002,10.44444919,10.35302561,10.32958168,10.44182044
Ga0242637_112600,11.37048286,11.3166774,11.52400548,11.38169691,11.51742179,11.55907634,11.62974835,11.63273831,11.63686111,11.090987400000001,11.57790369,12.20516152,10.83710641,10.9582242,10.72294061,12.03499429,11.93573578,12.08970161,12.68892171,12.90226753,12.87180372,13.19260042,13.53148996,13.12300627,11.89127005,11.52888957,11.91088893,12.43492283,12.58478408,12.80004461,11.49854997,11.57543991,11.39138576,10.87136993,11.45581372,11.31336075,11.06709318,11.31837255,11.66708469,11.19260005,8.604161912999999,9.39261188,9.580590471,12.07031919,12.21738254,12.06014922,11.7127056,11.09497849
Ga0242637_112601,12.54892896,12.36878612,12.65473923,12.6596433,12.42216371,12.55658218,12.43092854,12.70122624,12.87558038,12.42175451,12.7763067,13.12881573,11.73253678,11.98492785,11.48746892,13.25756994,13.02846077,13.07693604,13.66228061,13.96155016,13.85607662,14.29269703,14.39492115,14.09862128,12.8183895,12.32465411,12.52490265,13.41749968,13.45075157,13.626999599999998,12.704791,12.75995346,12.85329206,12.29145653,12.60598763,12.6299984,12.6126056,12.41398601,12.414566800000001,12.15632644,9.805638437,10.62327993,10.51713842,12.90312257,13.55520571,13.26549518,12.58278079,12.14832644
Ga0242637_112602,13.35009445,13.38159837,13.52217823,13.39326038,13.5417415,13.53101232,13.61759419,13.65402213,13.70625196,13.00148577,13.516013399999999,14.06371132,12.94296227,12.98755301,12.78546427,14.01335011,14.00218602,14.20781229,14.77295388,15.10315013,15.03357172,15.38602817,15.71932116,15.28077689,13.94115542,13.52976342,13.88284068,14.48074082,14.66347149,14.81642209,13.51865718,13.59763759,13.40997035,13.14496634,13.49668412,13.36074801,13.35913534,13.52149508,13.78159749,13.29767643,10.79027022,11.55055967,11.32954921,14.05270258,14.34089401,13.98065173,13.75138136,13.3133071
Ga0242637_112603,11.9480891,11.65991545,12.00662072,11.91386493,11.79689275,11.92578199,11.87560056,12.1072623,12.29303003,11.77280762,11.84466907,12.52224523,11.2983395,11.37603958,10.96163883,12.84877831,12.55636466,12.57649374,13.14013478,13.58481273,13.45136697,13.9094247,14.02768207,13.78553918,12.27553305,11.82366407,12.08516118,12.79246691,12.88454855,13.24122086,11.93426119,12.05393556,12.23074796,12.00063825,12.33673703,11.9808352,12.32214306,12.25380279,12.1687868,11.8159516,9.186430842,10.1287468,9.404474147,12.36312272,12.68277899,12.57758543,12.12590847,11.59854707
Ga0242637_112604,12.19392397,12.26641675,12.31641149,12.28010868,12.34279803,12.48562166,12.56577285,12.55514564,12.61181987,12.04273198,12.60460739,13.01122602,11.92928814,12.09060257,11.85809408,13.04089743,12.99594126,13.22803745,13.83426362,14.14403395,14.03763724,14.70425562,15.04676456,14.49873314,13.22646699,12.82082837,13.12204181,13.52425686,13.76408301,14.02656594,12.58840706,12.79939731,12.44273371,12.51967827,12.77582846,12.44037854,12.4561146,12.60124837,13.00893891,12.448502900000001,9.849180548,10.50664838,9.938880158,13.01139112,12.89556808,12.84801515,12.77023503,12.25092624
Ga0242637_112605,12.637297300000002,12.65471366,12.85035823,12.61717517,12.72148273,12.73782252,12.91996876,12.91478863,13.04778642,12.38768177,13.27887492,13.583090200000001,12.64427195,12.58215682,12.45584437,13.2636275,13.20280361,13.37487916,14.04138589,14.76769419,14.6404508,14.99729379,15.33855782,14.78877787,13.48086323,12.97094354,13.50307035,13.69745651,14.05927666,14.24745663,13.22123282,13.356395499999998,13.02753377,13.09019536,13.27867379,13.02835679,12.73542009,12.861045599999999,13.34345836,12.71929462,10.01554107,10.9547855,10.14035723,13.45784571,13.66934288,13.38197879,13.05165439,12.51087122
Ga0242637_112606,13.34433992,13.32885965,13.71398864,13.23860078,13.24323385,13.40642578,13.22081529,13.51508505,13.73674036,13.56616831,14.11446909,14.35292648,13.35073588,13.33876984,12.88971961,14.11412964,13.90576037,13.82858039,14.62888758,15.45816046,15.31319012,15.4889299,15.50880096,15.17570033,13.87517822,13.47281715,13.85789307,14.27911402,14.48215088,14.49860995,13.84698525,13.86819196,13.84196827,14.02349517,13.87881475,13.95015722,13.83972156,13.66683419,13.69231754,13.03165697,11.37421687,12.35908357,11.40755425,13.94850233,14.77142256,14.35085736,13.51061239,13.13376811
Ga0242637_112607,10.23923255,10.38074749,10.32435705,10.73027764,10.67017415,10.58910021,10.70683704,10.64831886,10.68808401,10.40861885,10.83755422,10.52473769,10.13927257,10.18851517,10.15500612,9.887473912,10.18579852,10.13603843,10.05382865,10.29106269,10.18094952,9.785085769,9.950384826,9.959005422999999,10.22227172,10.30449233,10.23995229,10.086965600000001,10.02249072,10.00090079,10.77785515,10.82642508,10.62563123,10.14801241,9.660726837,10.10034062,9.960170794,10.01734621,10.23448526,9.185834371,11.00118968,10.90132015,11.1173883,10.4407479,10.34421769,10.37539398,9.341441823,9.08855634
Ga0242637_112608,13.99884885,13.94373776,14.25491592,14.38756566,14.39058696,14.39029464,14.3576273,14.47070345,14.61175595,13.51312459,14.48738654,14.61046231,13.67815561,13.97322352,13.75101892,14.269270800000001,14.20457846,14.36062089,14.6401851,14.41581959,14.507842199999999,14.08114427,13.86901425,14.15742432,14.19054756,13.72843209,14.33944309,15.33100136,15.29031562,15.24073711,14.20397208,14.43748205,14.103845000000002,13.49264158,13.60142648,14.09529698,13.43074012,13.60438794,13.448078,14.18299151,12.51023334,12.661743199999998,12.77096218,14.44850306,14.64607536,14.36882702,14.45154761,14.2722204
Ga0242637_112609,13.90440184,13.86080597,14.13378302,13.74065126,13.76806157,13.82963671,13.92022526,14.01450952,14.14284025,13.13418106,14.02314326,14.41313015,13.57679257,13.64835322,13.37880437,14.34814671,14.29007344,14.40680272,15.02463935,15.239217199999999,15.18641563,15.090287699999998,15.39277539,15.20008144,14.14134199,13.68114781,14.04542023,14.94264588,15.13119746,15.19132017,14.36340318,14.49364098,14.13714255,13.62481488,13.90545441,14.11663785,13.61056478,13.72644895,13.71069368,14.09808111,11.65269863,12.15150282,12.03946136,14.49675344,14.93309989,14.42595243,14.39678594,14.11019411
Ga0242637_11261,6.18921751,6.224889233,6.15903142,5.583727362,5.635024095,6.04865022,6.759431202999999,6.695028047999999,6.339913881,7.476254328,7.938896147,7.653763297999999,5.834414947999999,5.84937358,5.577629402,5.705893862999999,5.87462932,6.214995012,6.535085897,6.824195716,7.042551327999999,7.958329732,8.41216995,7.722159712000001,6.386606359,6.639761566000001,6.129644375,6.16946674,6.663421699,6.176629778,7.725114535,7.846319316000001,7.088524065,7.54530496,7.779538548,7.679794508,6.243220588,7.007125982000001,6.3237190629999995,7.4347758829999995,6.523292994,6.499590174,6.996500469,6.785929515,6.92846714,6.52671136,7.29403857,7.226012461
Ga0242637_112610,12.66172281,12.6062383,13.032980699999998,12.37499533,12.62609257,12.59351097,12.44617662,12.62121666,12.73871815,12.51022278,13.03008552,13.47271206,12.678175,12.35869566,12.21475647,13.27652296,13.05608326,12.97731255,13.90869814,14.65832779,14.52186929,14.94181682,15.19660911,14.84575501,13.01895185,12.49485523,12.8598718,13.61439413,13.80726516,13.80468463,12.81199182,12.7794345,12.71429173,12.62478125,12.950238,12.9097776,12.40284687,12.55382049,12.438022,12.65175729,10.80139691,11.25265832,10.95801936,13.16451774,13.81346193,13.18874875,13.062737400000001,12.85540111
Ga0242637_112611,12.92158078,12.81998597,13.06252034,12.55748797,12.76075104,12.75156643,12.72616134,12.83559297,12.84710779,12.82227998,12.95398912,13.57323312,12.66867419,12.648288,12.45365946,13.23352307,13.13407241,13.20538991,13.78120023,14.46519505,14.37360831,14.85725978,15.16592647,14.80012863,13.2784388,12.90036782,13.26678052,13.89016949,13.99650062,14.06422657,12.89672329,12.80605214,12.78630176,12.93521276,13.21986911,13.08670161,12.75756452,13.01733278,12.82059446,12.93285187,11.47648465,11.84414623,11.5110788,13.17623983,13.78230879,13.14143515,13.20389105,13.07712722
Ga0242637_112612,10.49048994,10.45414821,10.62473837,10.73845875,10.66439855,10.52510394,10.55809796,10.56332303,10.63327776,10.41777399,11.08820108,10.95771197,10.53078485,10.45190612,10.37700071,9.951058114,9.897548932000001,9.946647528,9.887759617,9.912436401,9.948066739,8.927780836,8.932310374,9.060093015,10.73002503,10.51652396,10.666157499999999,10.46312256,10.643169699999998,10.54206948,10.64372166,10.6835588,10.69355136,10.40418582,10.194762599999999,10.32726727,9.89552848,9.933219135,9.985741165,9.241096267,11.18611322,11.13516334,11.292864,10.412994699999999,10.74129374,10.56176138,9.548551762,9.046259473
Ga0242637_112613,14.53125241,14.49640921,14.44447651,14.04447553,14.09591291,14.06290621,14.11135408,14.12096032,14.19559679,13.50659624,14.0034084,14.85583862,13.67496516,13.91289565,13.79097375,13.93540193,13.780875699999998,13.78728004,13.45344979,11.51118181,11.92982988,11.78959873,10.50231035,11.25111918,14.37059071,13.94461636,14.19207838,15.61417316,15.75745105,15.61164336,14.4203061,14.58622273,14.05289848,13.47882263,13.90379859,14.02122254,14.14328924,14.33248503,14.32855579,15.05374867,11.03195523,11.49750101,11.83695132,14.27606753,14.46402859,14.14674407,15.25784065,15.06458497
Ga0242637_112614,7.960452035,7.534248465,8.121755455,7.405814036000001,7.562406576,7.74984544,7.395865089,7.8484722179999995,7.7913641920000005,7.87768701,7.72415424,8.666173584,7.119798335,7.27417837,6.951492256,8.412894975,7.644048487999999,7.496335687999999,7.336667306,5.2148792639999995,5.658047511,5.56032048,4.668031599,4.672884133999999,7.668516900000001,7.225179196,7.4299291279999995,8.841437148999999,8.661353862999999,8.957666191,7.960799527000001,7.902612039,7.998311472,7.85023182,8.414437116,8.364252347,8.561348185,8.283440498,7.727143962,8.582708642,5.146328175,5.955534791,5.620042009,7.684616372000001,8.414852187000001,8.546355085,8.656371332,8.241959905
Ga0242637_112615,14.63388618,14.50836058,14.65136731,14.31190387,14.36960922,14.3631474,14.53281468,14.58394438,14.75436456,14.79927782,15.05383186,15.47552189,14.216285800000001,14.28193114,14.02562479,14.82952143,14.71490262,14.72123408,14.95279526,14.58925808,14.66423948,14.59317782,14.44009824,14.38939872,14.96694579,14.62326368,14.81740546,15.939618300000001,16.00214324,16.00423535,15.18309856,15.34706888,14.86442908,14.99513434,15.24666201,15.10521704,14.86088486,14.92746484,14.83820038,15.57803526,12.66748387,13.16366342,12.71983882,14.90842305,15.37891502,14.87936905,15.72649189,15.64218951
Ga0242637_112616,9.08172476,9.230709269,9.130580178999999,8.79301072,8.832811341000001,8.674257027000001,8.36690001,8.38359684,8.416977292999999,8.080417427999999,7.50805914,8.133810892,9.114915497,9.145031576000001,9.0027069,7.743119732,7.611854076,7.7119853439999995,7.531479468,7.554507195,7.583140307000001,7.338747958,7.065098646,7.307763969,7.972525702,7.878005065,8.078183165,8.710038173,9.140656179,8.902938987999999,7.795716367000001,7.956789685,7.984380784,7.961114522999999,7.732541463,7.9151568039999995,8.200165012000001,8.283440498,8.351900967,7.175718301,8.078444962,7.786556685,7.7621471589999995,7.972338009,7.877505654,8.077637112,7.1317289829999995,7.16978384
Ga0242637_112617,8.981791347,8.987323729,9.102157771,8.858820828999999,8.993467417,8.790073393,8.357927264,8.469162931,8.413097321,8.038292658,7.828356146,7.949803158,8.69855514,8.770806938,8.545557948999999,8.124174041,7.771924806,7.695652835,7.336667306,7.824319132,7.689326019,7.305428628,7.466447467999999,7.278369412000001,8.207217798,8.355559219,7.9145335029999995,8.501866411,8.763889628,8.603349306,7.837505772,7.63660248,7.917530162,8.156596268,8.008839498,7.988043142,8.286737634,8.432325196,8.428142309,6.911715274,8.020365826,8.075760425,8.073299027000001,7.491838399,7.442892986,7.58059153,7.077872535,6.7385107710000005
Ga0242637_112618,4.585211685,4.725074123,4.021383903,4.641876781000001,4.1996928989999995,4.569649976,4.4102561080000005,4.617394197,3.927618893,4.614551348,4.540104715,4.624800024,4.0761650860000005,4.175655838,4.839425193,5.280820142,5.001430864,4.60967979,5.169295709,5.540133262,5.803239861000001,5.56032048,5.532841605,5.768038651,4.899551132,4.7662066030000005,4.436793403,4.95076686,4.846067195,4.973300362,4.498806175,4.096620832,4.746292825,5.121895423,5.320156877,4.79806646,4.818200909,4.464627463,4.535009727,4.246408504,3.923781767,4.351588736,4.418181822,4.4188348369999995,4.80563102,4.31027734,4.818322602,3.866371795
Ga0242637_112619,3.4671807360000004,3.425456982,3.3742476210000003,3.590839983,3.273794517,3.632791763,3.155796047,3.437259219,3.495777414,4.1921740110000005,3.914464957,4.116088736,3.7419712460000003,3.2570464360000004,3.925317194,4.163986673999999,3.798069659,3.8739550510000003,4.895776856,5.581083416,4.859361138,5.37897011,4.7570015539999995,4.845648752,3.652503691,3.976273982,3.718506891,4.005455174,4.176888662,3.9350153569999997,4.134656991,3.925246862,4.332374654,3.999983807,4.781305918999999,4.359429817,3.7220789030000003,3.91283721,3.85194072,4.353666799,3.923781767,4.149880037,3.022421094,3.6664255989999996,3.4799555860000004,3.917989517,3.617730023,3.525262858
Ga0242637_11262,11.63161432,11.61739391,11.5546685,12.06718729,12.17115849,12.20687133,12.43039371,12.44576002,12.42096892,11.81983885,13.31198205,12.87401926,10.8648924,11.02808526,11.05017617,10.36254947,10.41571748,10.44690838,11.20159749,11.65226833,11.51464494,11.24240357,11.08079195,11.11750958,11.27287863,11.385345599999999,11.55614888,11.55236885,11.408874,11.73011839,12.24681299,12.21983682,12.27456623,11.39070017,11.938756800000002,11.9422772,10.37407101,10.30169953,10.40945293,9.711184362000001,10.98393048,11.17593711,10.55454605,12.41141075,12.48515164,12.35012189,10.01206534,9.717395205
Ga0242637_112620,3.893771605,4.076708291,4.284017681,3.7585457030000002,3.9848634689999995,4.088802371,3.748712635,3.54034049,4.177226698,3.1652587430000003,3.3486969460000005,4.429408888999999,4.280950425,3.797966011,4.217393007,4.281559972,3.979426665,3.379426388,4.103569772,4.5628060999999995,4.066657595,4.927376411,5.318206933,5.323559412,3.5443074930000003,4.045959163,3.718506891,3.8225672999999993,4.176888662,3.8398030480000003,3.524340602,4.013713061,3.527022611,3.931277971,3.889328561,4.175373085,5.540984152,4.464627463,3.938295756,4.129906508,4.068024151,4.254488025,3.6742944960000004,3.755778032,3.712631568,2.9136076980000003,4.347120349,4.459495233999999
Ga0242637_112621,3.5882946430000002,3.710259249,3.49008882,3.590839983,3.1258350760000004,3.4349120319999997,3.155796047,3.635355282,3.0232919369999998,3.780802703,3.795137545,3.7054419960000002,4.000280065,3.666205171,2.392844266,3.892319216,3.465611188,4.028070049,3.5826343030000003,3.803921163,3.8028251330000002,5.094429967,4.109167166000001,4.7619335519999995,3.143822338,2.904468678,3.4852798330000003,4.088157498999999,3.454475608,3.209420395,3.127659418,3.493771372,3.634407682,3.7001612999999995,4.406945965,3.775624263,3.7220789030000003,3.662028972,3.759391237,4.002277801,3.35606442,4.254488025,2.667729675,3.465722858,2.792585865,3.466003933,3.617730023,3.707348591
Ga0242637_112622,3.893771605,4.198816504,4.284017681,4.039622844,4.13185483,4.47645793,4.149254746,4.271795039,3.495777414,4.11950463,4.023771416000001,4.2014779110000005,4.0761650860000005,4.3921291710000006,3.925317194,4.035114441,3.891911795,4.459643842,4.206860836000001,4.385771447,4.384474106,5.171091359,4.994320674,5.380361131,4.292841717,4.6836464069999995,4.2374047710000005,4.815949237,4.29486285,4.578634773,4.134656991,3.925246862,4.205940684,4.630055126,4.915351868,4.6666824469999995,3.19781202,3.91283721,3.431922531,4.353666799,4.425862026,4.442236701000001,4.418181822,4.191477412,3.9089009,3.917989517,4.032303163,4.135802667
Ga0242637_112623,3.4671807360000004,3.3131841189999998,3.692998448,2.669405787,3.727858533,2.891426793,2.858160055,3.19900412,2.802740674,3.780802703,3.6635147669999997,1.764951351,3.642811276,3.040961976,3.8582441469999997,4.281559972,2.783394397,3.8739550510000003,3.991602028,4.182356513999999,4.2866031719999995,5.0133739969999995,5.318206933,5.538322247999999,2.9697458610000003,2.904468678,3.0152714460000003,3.720385549,3.214162602,4.259162309,3.6315993030000002,3.925246862,3.409177202,3.7001612999999995,4.058751566000001,3.5571700739999996,3.7220789030000003,1.764951351,3.149291978,3.860946852,3.761569239,4.6073727060000005,3.283209092,3.0803301339999996,3.4799555860000004,2.7107655210000003,3.617730023,4.007957471
Ga0242637_112624,6.400676749,6.10944248,6.457619713,6.214626687000001,5.658564936,5.915669562000001,6.172522663,6.231640139,6.339913881,6.821819893,6.442328847000001,6.462545639,5.993216969,6.036100632999999,6.196657419,6.157606328,6.203932956,6.245288737,6.435986131,7.029610664,6.716821295,7.881296366,7.85132434,7.572802832000001,6.327582362999999,6.812272595,6.184681404,6.875466584,6.775771787,6.785662479,6.807009852,6.9529122910000005,7.097184052,7.03083363,7.204871515,7.13039894,6.661800464,6.5309503410000005,6.110648987,7.0727992660000005,5.867785784,6.277393187,6.287979027,6.069412979,5.7852377310000005,6.003178382000001,6.573846487999999,6.178165077
Ga0242637_112625,3.4671807360000004,3.869455631,3.5957216260000004,3.590839983,3.9848634689999995,3.196938321,3.277942678,3.0574123839999996,3.3591003539999997,3.9610702360000003,3.152346767,3.82092602,4.0761650860000005,3.7337995019999997,3.1287230089999998,4.281559972,3.6967962130000003,4.028070049,4.302796251,5.2148792639999995,4.859361138,6.155449891,6.100925536,6.32397988,3.844348227,3.3393896030000003,3.19503281,4.666762687,3.743072834,4.520405555,4.202547268,4.013713061,3.634407682,4.127524908,3.7955693239999997,3.962010465,4.377864054,4.856866072,3.85194072,4.864979065,3.923781767,3.775076592,3.8313353180000003,4.061615789,3.4799555860000004,3.3514834060000003,3.442297762,4.007957471
Ga0242637_112626,3.3323533810000003,3.3131841189999998,3.867591407,2.8641280410000003,3.404506301,2.426167481,3.155796047,2.4271808669999997,3.2040458910000003,4.11950463,3.795137545,4.116088736,3.416771273,2.913262576,3.632975974,3.892319216,3.000261432,3.379426388,4.103569772,4.067851648,3.469757717,5.171091359,5.581806815,5.380361131,3.844348227,3.741635782,3.19503281,4.088157498999999,3.6541520239999996,3.8398030480000003,3.127659418,3.7278747230000002,3.409177202,4.2986041319999995,4.058751566000001,4.125150941,5.540984152,5.978686848,3.551058527,3.860946852,3.5755614760000003,4.6073727060000005,3.4946380269999997,2.9134069030000003,5.346438148,3.224318896,3.442297762,3.866371795
Ga0242637_112627,4.412075361,3.710259249,4.3423987539999995,3.8347331430000002,4.13185483,3.9538468489999996,3.824625541,3.8060999410000003,3.618475267,4.449171825,4.609972668,4.024865287,4.0761650860000005,3.351026898,4.163871943999999,4.4900135830000005,4.281103862,4.1660756469999995,4.630727353,4.643484469,4.475808083,5.771053014,5.1328806060000005,5.680529589,4.354923841000001,4.401657499,4.373513282,4.375801711,4.59770328,4.634514988,4.134656991,4.728067906000001,3.409177202,4.4976423510000005,4.957334987,4.733919193,3.7220789030000003,4.608026708,3.6595699839999996,4.002277801,3.923781767,4.754924248,4.5964761439999995,4.191477412,3.9089009,3.8395838010000003,3.908340615,3.707348591
Ga0242637_112628,4.689666095,4.97911512,5.48569537,5.119216774,4.598331827,4.77845092,5.105703657,4.857499627,5.006240364,5.093771919,5.337731785,5.767668373999999,4.5133345810000005,4.3921291710000006,4.412551724,5.577775439,5.153734003,5.052757096000001,6.535085897,7.235126064,7.379013552999999,8.28318048,8.011040587,8.262050918,5.160727634,4.881573326,4.555234673,4.95076686,5.1819052469999995,5.096740307,5.730596441,5.605065865,5.134643458999999,5.508829662999999,5.7811300789999995,6.035102217,4.995296209,5.162995195,5.100962576000001,5.344228856,4.870542887,5.579486505,5.401527766,5.229225673999999,5.211812222,5.007762584,5.062331788,4.798593744
Ga0242637_112629,6.240849865,6.673818836000001,6.405323735,6.227997229,6.228823567999999,6.016542807,6.352255789,6.084121432000001,6.480229479,5.736265317999999,5.165124858,5.872127302000001,5.993216969,6.010868232999999,6.320112005,5.78534409,5.979566758,5.982902284,6.889771672,7.61462407,7.4355951739999995,8.317000395,8.624681957,8.136661327,6.063771249,5.998336052000001,5.885600897000001,6.806899709,6.587072753999999,6.685357821,6.294039204,6.520644754,6.23711471,5.6587811420000005,5.826750102,5.940066684,6.311006991,5.560550526,6.196378494,5.661866713999999,5.479739868999999,5.618061775,5.536607461,6.775993977000001,5.737211476000001,6.102121777000001,5.363917751000001,5.669500702000001
Ga0242637_11263,8.80764245,8.909820741,8.827448407999999,8.952227649,8.885895537,9.281040526,9.244233527999999,9.441817917,9.367012865,8.843389087,9.758751732,9.655952741,7.652170551,8.209879104,7.981002511,7.306551457,7.823437967,8.098985172999999,8.553118606,8.70478744,8.734917889,8.291710092,8.046182986,8.200718313,8.471590008,8.484080876,8.652750447,8.672022668,8.677206616,8.768581063,9.273484395,9.293464035,9.402261961,8.476741273,8.994853018999999,9.098273877999999,7.71718383,7.53222795,7.569325119,7.997022684,7.432813335,7.828089955,7.171906731,9.537158532000001,9.212125941,9.605136557,7.909376407999999,8.083656139
Ga0242637_112630,5.1918384710000005,5.106036055,5.353272905,5.741580793,5.586746145,5.445701935,6.144907657,5.713942175,5.763272576,5.953985238,5.8452330660000005,4.948618036,6.385400403999999,6.359469741,6.549273965,7.893586458,7.730546741,7.71738866,6.307282713999999,5.315634683,5.658047511,5.37897011,6.067026782999999,5.9284816639999995,5.4933045510000005,5.451121643,5.745996002,5.420473985,5.29670126,5.72368813,6.423343485,6.086755726,6.105733481000001,5.3664265360000005,5.757763161000001,5.537529792000001,8.905733439,8.729555039,9.22333901,7.161458017999999,6.4242548479999995,5.955534791,6.70456582,7.705690569,7.676512824,7.332099669,7.208917924,6.699304861
Ga0242637_112631,10.74660933,10.81746335,10.67315585,10.91433893,10.86530855,10.98886051,10.90000137,10.75498566,10.78808031,10.46004164,10.21097936,10.24839992,10.70677503,10.92071659,10.86680549,10.70159614,11.03090938,10.98655576,10.66933059,10.45892518,10.40850997,10.41790407,10.64379569,10.43896963,10.87016944,10.95661146,10.85573505,10.93511132,10.71018917,10.79366835,10.50395775,10.50329792,10.47439912,10.00803326,10.03934893,9.917875919,10.28855025,10.71026831,10.79667962,10.57699069,11.21783324,10.86786512,11.28573149,10.59338207,10.44258589,10.58327356,10.47461835,10.57490254
Ga0242637_112632,12.10924433,12.14963416,11.64609857,10.66555664,10.67879442,10.91315808,10.7842213,10.59085219,10.80963687,10.07188185,10.05866908,11.26960219,10.13821386,11.29562225,10.97154012,9.916324228999999,10.17041173,10.41401791,11.39051706,11.9560307,11.67827721,13.66875282,13.70435493,13.11653533,11.39807965,11.185925,11.56307348,12.45067862,12.46071856,12.76326598,11.32904803,11.4531088,11.13399524,9.484586129,10.10653447,9.715092027999999,7.349860838,7.995034777000001,8.202779535,9.824069284,8.371774562,8.676232008,9.611346034,9.943003407,9.514887564,9.944639085,9.700982325,9.379284159
Ga0242637_112633,13.57376614,13.55517728,13.49080922,12.26420904,12.48433638,12.40346423,12.17982112,12.18360434,12.28190461,11.80909402,12.19853697,13.40831522,12.46208827,12.86783681,12.66351763,11.98820477,12.03404244,12.11243131,13.39652167,14.39043859,14.29668651,15.10268535,15.07488414,14.85899565,12.86121667,12.52923025,12.86810778,14.13504634,14.32170067,14.16911221,12.96546243,12.96250383,12.56377821,11.53554067,12.21276099,11.81643676,9.57616176,9.982350826000001,9.765553782000001,10.83559471,10.06562175,10.19213603,10.83745939,11.69993036,12.08269741,11.62294912,11.24641919,10.83528736
Ga0242637_112634,8.546100362999999,8.633121595,8.584920688,9.157931342000001,9.339924121000001,9.311052402,9.321645737,9.247936572999999,9.352905572000001,8.875641571000001,8.041563141000001,7.766112872000001,8.774113405,8.973281103,8.833085459,9.280599896,9.332913153,9.14468806,8.888693132,7.8072479679999995,8.187894157999999,7.726305915,7.466447467999999,7.677829287000001,9.012737849,9.260608431,9.052736737,8.439117534,8.202280687,8.170199842999999,9.797374716,9.706189885,9.645883566,9.087771672,8.675825043,9.673613568,9.236699391,8.69852582,8.859020829,9.866421611,10.92975206,10.41832686,10.88543159,9.759982085,9.280480876,9.573955446,9.822562541,9.899052281
Ga0242637_112635,12.53824336,12.49911201,12.63290834,12.16732844,12.26717102,12.23258008,12.27523619,12.33555499,12.43490718,12.08759362,13.14945863,13.37756366,12.15464124,12.12637306,12.009934900000001,12.81970607,12.56899283,12.61191084,13.56318003,14.36396488,14.2135119,14.8327226,15.02071055,14.68824914,12.55719688,12.20626305,12.63538377,13.23779652,13.54932555,13.50151038,12.91024627,13.05759323,12.59371154,12.43614597,12.73058952,12.67877061,11.91523521,12.27498999,12.23066069,12.34076291,10.86641296,11.171911199999998,11.1395372,12.45697035,12.67486463,12.5543548,12.47498952,12.25388583
Ga0242637_112636,12.57530175,12.360150099999998,12.68191433,12.06300546,12.06419132,12.1247658,11.85741328,11.991712,12.11640694,12.07636379,12.6606164,13.05662527,12.13434245,12.09640822,11.92852717,12.47875657,12.23098126,12.101627699999998,12.86139569,13.69576755,13.532856299999999,14.13930177,14.405741199999998,13.71293126,12.72176614,12.43212053,12.46724146,12.90274635,13.30309802,13.27662839,12.29774542,12.23799656,12.1825103,12.61698778,12.67769804,12.52079195,11.9233641,12.08112454,11.90098558,11.90526063,10.24294547,10.70801649,10.34024864,11.74419547,12.112886900000001,12.22135461,11.96704157,11.82352688
Ga0242637_112637,12.83953146,12.79879063,12.85751145,12.00048004,11.92257912,11.91740653,11.92351489,11.95960333,12.15466603,12.32239516,12.64592593,12.94788601,12.20303409,12.34176679,12.21990798,11.69160995,11.53950193,11.52035698,11.81550982,12.38813534,12.34041808,12.78595199,13.10967399,12.50199023,12.709017300000001,12.54404926,12.48717419,13.12038084,13.45535527,13.21084821,12.31910076,12.4068147,12.09717916,12.52784081,12.57323618,12.37135968,11.04987017,11.01734145,11.02716427,11.53837355,10.35122679,10.65131109,10.57289231,11.88707011,12.33955963,12.02442285,11.50279418,11.56557741
Ga0242637_112638,11.32644524,11.27760503,11.31214042,10.41300509,10.40776408,10.586376,10.51300884,10.72050674,10.53406297,11.06965512,11.13320823,11.33423315,10.65737774,10.76387144,10.773405499999999,10.44253612,10.49902441,10.61551199,10.71013846,11.23465865,11.1625568,11.20564288,11.32208206,10.93066721,11.53011733,11.58484231,11.18294148,11.65133823,11.76248454,11.6024188,10.637822,10.70349786,10.67271301,11.37845952,11.28417648,11.2170383,10.28013467,10.09385897,10.00008427,9.819537951000001,9.2883696,9.787268174,9.549164922000001,10.48939668,10.80504363,10.66557908,9.852924485,9.662451028
Ga0242637_11264,5.833033812999999,6.168325499,5.89993998,5.452719867000001,5.914440741,5.880404005,6.043844971,5.98773869,6.00999571,6.45951993,7.210329213,7.318155342000001,5.7478857020000005,5.835056992,5.798018383,5.577775439,5.852687421000001,6.230221713,7.210544355,7.781256207999999,7.64202684,7.936736853999999,7.682899153999999,7.596812094,6.312439793999999,6.418798259,6.669049772,6.2054726460000005,6.553069735,6.844980422000001,7.293602171,7.568632714,6.980328724,6.755715147999999,6.971717625,7.015497291,6.375740119,6.38244659,5.9221084379999995,7.3865558039999994,5.015163076,5.275578888,4.962237235,6.93622799,6.422869211,6.786428602000001,6.963715988,7.512619996000001
Ga0242637_112640,11.88235324,11.89493399,12.034015199999999,12.288092800000001,12.38840149,12.38927212,12.43875001,12.50393497,12.44610403,11.61221061,12.74622502,12.62449967,11.79264763,11.66148307,11.75812961,11.2935067,11.34175705,11.36210078,11.96364333,12.12783134,12.14693182,11.45190519,11.6299166,11.58467399,11.53500905,11.43621912,11.729275900000001,12.10656583,12.189460400000002,12.38271801,12.57785374,12.72760304,12.50299938,11.46457549,12.02018154,12.09009563,11.62915643,11.66583834,11.83983487,11.02166449,11.32366342,11.42222202,10.93995955,12.68525888,12.61862672,12.63981958,11.36141031,11.11092266
Ga0242637_112641,11.42254273,11.57222198,11.391036099999999,11.89830129,11.87523656,11.95617052,12.05353709,12.06935685,12.21663038,10.94411591,11.16837139,11.37299704,10.85268081,11.31406274,10.99807746,10.44558426,10.73546561,10.75992779,11.03829638,10.9526845,10.95669847,10.47143745,10.29336698,10.54300756,11.03922631,10.83550025,11.2717425,11.44187733,11.58655304,11.67525247,11.65314209,11.53194378,11.87740414,10.60861604,11.10209049,11.27435181,10.43219518,10.5413161,10.76623365,10.69548268,11.31247271,10.99544668,10.983713,12.19265315,12.09757513,12.24853772,10.8314543,10.71526256
Ga0242637_112642,10.65303793,10.75953614,10.63611119,10.749488000000001,10.87346706,11.00781772,11.15520715,11.10352017,10.99753448,10.22471614,9.925746502,10.50160023,10.19836978,10.51143185,10.42514461,9.882983742999999,10.07447666,10.21549362,10.84064459,10.70798347,10.76033508,10.72232383,10.7947566,10.78810862,10.4264835,10.44360751,10.5688878,10.80357867,11.03120521,11.16085479,10.89810576,10.90153773,10.93836457,10.02776196,10.63644546,10.74974384,9.424051731,9.706376859,10.03184419,9.775765203999999,10.11005018,9.965298803,10.31400113,11.443506900000001,11.14805678,11.34424788,9.85692489,9.578600556
Ga0242637_112643,9.874900287,9.85228256,9.718448387,9.630704807999999,9.534535454,9.65319654,9.587774989,9.604622559,9.810657844,9.590312524,9.174712465,9.50225594,9.733794354,9.849289845,9.885562187,10.56811684,10.80472758,10.96514561,10.76111072,10.32743178,10.41133298,10.03412541,10.08107261,10.04220785,10.89321101,10.98496747,10.372981800000002,10.37417911,10.42269238,10.27855641,9.806607599,9.883056202,9.791639868999999,9.704008808,9.753376147,9.810986169,9.780905811,9.554372687,9.787770455,9.808146956,9.346920452,9.2348289,8.872545805,10.11822261,10.0136649,9.785470662,9.977574509,9.610618312
Ga0242637_112644,10.58489208,10.413747599999999,10.48313888,10.32959017,10.24606156,10.15220007,10.23043621,10.15020727,10.27127623,9.99199844,9.537295898,9.951528527999999,10.15924183,10.30566673,10.24949253,9.683125493,9.735225437999999,9.84296712,9.816762394,10.18274034,10.16431101,10.48451607,10.85544316,10.68412188,10.42998923,10.28655034,10.47838419,10.43028938,10.58903481,10.45915054,10.42736486,10.60007628,10.42024771,9.725913421,9.656013124,9.738413023,9.424051731,9.441779551,9.661114163999999,8.593366097999999,9.898372436,9.957835800000002,9.992434977,10.31956291,10.23003219,10.22658029,8.701565101,8.542322357
Ga0242637_112645,8.688987756,9.025561062000001,8.51271436,8.810855719,8.745234,8.792439304,9.10995697,8.886239575,8.86046168,8.864970666,8.48580976,8.400682281,8.242857107999999,8.567921104,8.465069564,8.289385002000001,8.619641146000001,8.945033521000001,8.69256111,8.727647276,8.774925383,8.722299813,9.349401766,8.841456113,9.033627751000001,9.033562715,8.987315145,8.977529143,8.838626419,8.822655831,8.53749237,8.987434936,8.68120845,8.229973511,8.052542756,7.879110215,8.235420032,8.240998087000001,8.665621756,7.3493017929999995,9.148204985,8.671677001,9.256665952999999,8.76742993,8.328691121,8.701304521,7.5428567520000005,7.30644456
Ga0242637_112646,10.00476646,9.87450497,9.857328877999999,9.930152326,9.712998472,9.787345059,9.747442133,9.742336213,9.731866749,10.44579125,9.786730367,9.778192977,9.496650127999999,9.722301061,9.572670674,9.37315564,9.634693752,9.653074388,9.542475315,10.00889848,9.986433997999999,9.79111376,9.936406476,9.676037621,10.15183674,10.24645129,9.868708516,10.16316339,10.14153612,9.927402127,9.664402091,9.65958995,9.688029597,9.788543772,9.524272292000001,9.430090367,9.245371633,9.157980603,9.10446229,8.01298899,10.00702263,9.826725329,10.21234159,9.541559487999999,9.408179999,9.697462101000001,8.304574179,7.905809417
Ga0242637_112647,12.37320832,11.97012354,12.48685927,11.81233468,11.92227666,11.79532868,11.75063996,11.93027014,11.92909467,12.97350976,13.40155733,13.36855646,12.34446259,11.99418628,12.04295417,12.81823696,12.65876262,12.46991628,13.16410222,13.98225172,13.87920112,14.06039391,14.06536709,13.83272775,12.79513091,13.00660943,12.48170295,13.09830587,12.97201881,13.05972631,12.38683984,12.17312555,12.33732436,13.19806033,13.45217576,13.20833114,11.97381001,11.84209815,11.40540112,11.85577538,11.59844661,12.24222671,11.77321375,11.55654081,12.57973745,12.13780213,11.97856185,11.70185852
Ga0242637_11265,5.855321807999999,5.967399061,5.380760691,5.4977389389999995,5.7922111229999995,5.237648343,5.88587872,5.713942175,5.857976777,5.587727367,5.92822546,6.060653995,5.1123508730000005,5.300425582,5.192383963,4.904869941,5.153734003,5.2157469,6.1904604910000005,7.34569445,6.920949772,7.4946867720000006,7.566678656000001,7.536022217999999,6.250221922000001,5.799928989,6.166569065,5.843389882,5.762836374,6.100672285,6.490453652,6.830493495,6.122828611,6.03251665,6.524171521,6.54871191,4.995296209,5.814182763,5.5038699,7.458294252000001,5.429319039,5.862371464,4.5964761439999995,5.896428454,6.646816487000001,6.164487599,7.118452405,7.989376106
Ga0242637_112650,10.09035343,10.13506681,9.999499006,9.964436203,10.06062522,10.00084432,9.907674619,9.895898393,9.900687797,9.669097172,9.160525851000001,8.945033845,9.938620952,9.859898351,9.948982976,8.610534246,8.70755393,8.713238229,8.266728775,8.486272597000001,8.521559215,7.925817953999999,8.011040587,7.9811988739999995,9.797460315,10.05785472,9.843335081000001,9.200869976,9.316272968,8.925079633,9.59758449,9.648112513,9.850412558,9.373331086,8.842758442000001,9.161153378,8.668409663,8.364752917999999,8.493813329,7.5042103529999995,10.85814841,10.61024801,10.89795927,10.03431285,9.353696973,9.824532555,7.29403857,7.557128287
Ga0242637_112651,9.175181617,9.384189074,8.978051535,9.106482845,8.777698808,9.009320103,9.165861836,9.069615623999999,9.011793958,9.200328992000001,8.462869498,8.603295165,8.58191533,9.152242112,9.110761145,8.817650354,8.968737213999999,9.099892229,9.661150311,9.693060474,9.632001236,9.612010556,9.680964617999999,9.564834594,9.249397586,9.441369116,9.072283800000001,9.415470427,9.113727314,9.24409382,9.462251138,9.522640241,9.278358254,8.674937199,8.592752269,8.672922171,8.743793816,8.71412386,8.943085933999999,9.419371544,9.302361592,9.135787313,9.636484108,9.085384291,8.437484108,9.127503291,9.181569921,9.158814887
Ga0242637_112652,7.311449518,7.6675271039999995,7.334167221,7.092127934,7.196603359,7.206117884,7.378218029,7.1524379389999995,7.039382035,9.394614461,7.644826432,7.786237576,7.227312863,7.3363008160000005,7.411311262000001,7.209425436,7.538389448999999,7.861003328,8.839201146,9.111663918,9.106404656,8.129881864,7.453414029,7.775722363,7.7881031489999994,8.074064938,7.136783104,7.3309290339999995,7.2907073229999995,7.030136858,8.684970595,9.142719176,8.2635013,7.54530496,7.7145149989999995,7.43360073,7.71718383,7.128566922999999,8.017764217,5.344228856,7.589417159,7.597740665,7.458061492000001,7.345086954,7.301956592000001,7.233911807,5.824370985,5.748692192
Ga0242637_112653,6.571620065,6.546575258,6.544798116,6.700191151,6.749505697999999,6.779440773999999,8.834002136,8.691451883,8.652408636,12.1485298,10.39187646,10.18540368,7.37848768,6.895157015,6.865030088999999,10.95147962,11.22692118,11.83681761,13.61485416,13.45983798,13.50107581,12.58507319,11.62484121,12.87509108,9.026698008,9.998209609,8.39388904,6.494409152999999,6.575827453,6.476075542,12.81231925,13.41718499,11.83663917,9.887959718,10.96780129,10.72356166,11.67961873,11.249131199999999,12.02159711,7.91442691,8.510834688,7.79495959,8.540961606,8.908137042,8.740204541,8.205230859,7.396575276,7.489839742999999
Ga0242637_112654,5.1918384710000005,4.945517099999999,5.009507295,4.795592988,5.127172537,4.96008775,5.216699757,5.124648336,5.126023564,6.261851396,5.25404949,5.433484136000001,5.2766485,5.23622359,5.21817652,6.187109631,5.355301328,6.214995012,6.66327232,6.321095654,6.54216127,8.894569957,8.784081647999999,8.589651146,5.670566159,5.569536649,5.535755054,5.033966346000001,4.8834896080000005,5.2461741669999995,6.437018356,6.631505491,6.1397226,6.0008374479999995,6.565027485,6.035102217,5.934684068999999,5.489425957000001,6.056641552,6.081954045,6.110405722,6.098503088999999,6.068599891,5.9855268310000005,6.193474781,5.951024488,6.119789277000001,6.149326563
Ga0242637_112655,14.06860457,14.14344719,14.13422172,14.50846043,14.44281551,14.50007499,14.30545151,14.23298211,14.44401376,13.950680199999999,13.64630676,12.91742394,14.14098832,14.16827766,13.97085362,13.354405900000001,13.08259979,12.92734788,11.97382183,11.39175192,11.45090538,10.8125051,11.04649833,11.00317687,14.51364913,14.35220927,14.56115562,13.77711541,13.50060192,13.81416914,13.74450912,13.49738195,14.11220835,14.74713198,13.55986984,13.66067969,13.47933496,13.202888,13.41098768,12.58090236,15.75222345,15.35301189,15.91330259,14.64628981,14.52374052,14.64745884,12.29687877,12.76434553
Ga0242637_112656,8.821810867,8.983239151,9.549804459,11.18578821,10.88840877,10.92506631,10.58141013,10.74521834,10.49238432,3.9610702360000003,6.219170611,4.9960046369999995,9.566002233999999,8.903209175,9.000866316,9.664932363,9.553989455,9.426118141,8.339729955,7.209359308,7.042551327999999,9.7265275,9.971101636,9.909556251,6.511168131,6.111654136,6.629968471000001,9.176186686,8.931875052,9.52524711,8.065613466,8.164424187,7.661489953999999,7.54530496,5.38278311,9.403695591,11.54911546,11.67283927,11.82514077,12.70308879,8.028807421,5.862371464,5.773584463,7.941581458,7.689144099999999,7.430370486,13.125019,12.992581900000001
Ga0242637_112657,12.50130867,12.69772351,13.39176076,14.93683912,14.76636269,14.69968956,14.33951079,14.51142862,14.50753329,6.799558632999999,10.37600232,8.435074333,12.90798321,12.10498021,12.03240693,14.28594755,13.93459026,13.73280954,13.43546962,13.32168752,13.35586804,15.01478546,15.132982,15.16288255,9.599977315,9.378227408999999,9.88813943,12.93754235,12.9182871,13.39734934,11.77774897,11.79167243,11.38079158,10.68949192,8.653925735,12.59070497,15.60850707,15.692217999999999,15.68929764,16.77999499,12.06441173,9.222424988,9.546514963,11.84555484,11.86137895,11.51962403,17.13805571,17.08647675
Ga0242637_112658,8.784679486,8.999508526,9.493080394,10.53611055,10.48105874,10.31901774,10.2960997,10.25200486,10.28195195,5.953985238,6.876928753,6.246796504,8.238911261,8.167802116,7.843964597,9.646506866000001,9.703505637000001,9.676837816,9.826563246000001,10.21545275,10.05843696,10.3086902,10.29884029,10.60792679,6.697442743,7.105456932,6.681844582999999,9.593795421,9.354566421,9.748075734,8.752050776,8.920862632999999,8.143275467,6.3664751289999995,5.70985271,8.047713091,10.73895496,10.73341351,10.88240804,12.52876685,8.289864517,6.81287756,7.3768240679999995,8.378789421,8.279430421,7.86923113,12.790769000000001,12.79833594
Ga0242637_112659,6.840385147999999,7.130844258,7.049310683,7.524152109,7.518245476000001,7.512106178,6.69432655,6.684833732,6.712886817,5.561397691,5.4167632679999995,5.171089211,7.61001435,7.521488402,7.63195947,5.664450563,5.999663255,5.7058584020000005,5.769137488999999,5.409719957,5.9350564210000005,8.871996844,8.071988999,7.775722363,7.203043261,6.868539135,7.26128205,6.722546896,6.529946292999999,6.956754693,6.308994211,6.604580627000001,6.122828611,7.333282114,6.604755409,6.492492842000001,6.900325658,6.902018501000001,7.147606816000001,6.019942892,6.824440749,7.013526688,6.949096485,6.538028848,6.4528445229999996,6.573383941,6.514223714,5.995746939
Ga0242637_11266,10.69904788,10.75295382,10.78530177,10.62452636,10.64253178,10.72162591,10.56005509,10.608468499999999,10.50154788,10.64682132,10.770949400000001,10.76756307,10.93057456,10.8886977,10.96965939,10.81907164,10.96044973,10.92718725,10.63069502,10.35998338,10.39431141,10.69042823,10.89211551,10.53060049,10.95352361,10.96844961,10.84725063,11.07943897,11.06121367,11.01752838,10.46783325,10.40930293,10.49828288,10.91915861,10.89031676,10.90790132,11.02238304,11.10276856,10.93249922,11.46193188,11.00974247,10.91390951,10.94600464,10.72044501,10.83660202,10.86668996,11.46069779,11.5234519
Ga0242637_112660,9.260872212,9.317622461000001,9.513265605,9.771764731000001,9.677595517,9.892537544,8.938003913,8.852517573,8.83748609,7.790137292000001,8.194224763,7.967535689,9.814215922,9.568027832,9.365141134,8.045985893,7.812148574,7.4645538170000005,6.680687091,6.857768197,6.822499347999999,9.947721297000001,9.363400031,8.885968147,9.024380677,9.11908667,9.226357584,8.913804699,8.682452387,8.851843973,8.056795623,8.019225582999999,8.232408165,9.271098356,8.436596091,8.278303145,9.090346615,8.441725063,8.791905542,6.500226678,9.376981945,8.855610532,9.036387483,8.633656708,8.228427643,8.625909362,6.612265337999999,6.776677321
Ga0242637_112661,8.919911515,9.25801376,8.812488709,8.929947215,8.870926902999999,8.88845834,8.676929909,8.585953903,8.652408636,7.597271382000001,7.396233799,8.002359753,8.684117922999999,9.182138856,9.097042798,7.346253517999999,7.36379037,7.17355671,5.702296605,5.497973493,5.4964242720000005,9.694725335,9.564615396,8.682304457999999,8.474988242,8.391180008,8.655992872999999,8.993029924,9.121472706,9.033505309,7.95606495,8.155186067999999,8.20464072,7.927895751,7.6143719579999996,7.637261929,7.586740087000001,7.478426019,8.013056382,6.253374702,7.811175552000001,7.852447594,8.020799038,9.000547256,8.579916577999999,8.922229912,6.341975574,6.149326563
Ga0242637_112662,9.179589215,9.283150714,9.365652063999999,9.537328044,9.505754598,9.369265613,9.330845546,9.298903934,9.292945382000001,8.508347986,8.490354353999999,8.770859584,9.084457808,9.162276693999999,8.931059133,8.101159425,7.992992874,7.9691314779999995,7.909020127000001,8.409178544,8.14782529,11.32988743,11.47415058,10.5383674,8.380303101,8.447635346,8.706904327,8.96185999,9.054272101,9.246293705,8.941186648,8.995221031,8.965084787999999,8.59519672,8.736622523,8.74478219,8.029896101,8.460342999,8.438712262000001,6.5448917589999995,8.931246782,8.903015559,9.051419125,9.304922815,9.276302281,9.315766066,7.007591466,6.776677321
Ga0242637_112663,6.571620065,6.76237435,6.556831896,7.07005706,7.196603359,6.916006528,7.069159153999999,6.6745667079999995,7.088890139,7.008054222999999,5.8452330660000005,6.060653995,6.81492712,6.76563094,6.476868927999999,6.907103172999999,6.745571322000001,6.78812356,7.685943205,8.559454407999999,8.446473975,12.22821355,12.44923507,11.55817749,6.15153208,6.327998564,6.432087506,6.187582506,6.408402041,6.56347335,7.847766606,8.131828528,6.998934993,7.814324786,8.210926696,8.227606601,6.85567705,6.5309503410000005,7.07715465,7.010509938999999,7.554758139,7.1244108310000005,7.807131587000001,6.8816874420000005,6.949629269,6.736049716,7.183644889,7.319424115
Ga0242637_112664,8.064222217000001,8.049948417000001,7.908496937000001,8.349839711,8.55543242,8.517191523,8.655121149,8.43918295,8.503452006,7.181576687000001,6.931459089,7.152279693,8.058137516,7.9763073229999994,7.89243021,8.503442315,8.451588922000001,8.53503166,8.543642067,8.459209572999999,8.792356439,8.467630003,8.709325301,8.246960536,7.626344414,7.882563333999999,7.951952357000001,7.549431095,7.530726955,7.365947900000001,8.362506936,8.313043401,8.301448201,7.046401815,7.204871515,7.5250945289999995,8.588867677,8.460342999,8.351900967,7.733526702000001,9.100955397,8.725410152,8.982507897,8.338886647,8.287758259,8.437167671000001,7.932310778,7.897180117
Ga0242637_112665,8.953758835,9.125306567,8.895279521,9.270215123,9.303226742,9.372431821000001,9.349071007000001,9.253115107000001,9.122852185,9.45633829,8.881417976,8.790915041,8.919241741,9.112869935,9.008214603999999,9.379544979,9.789470063,10.45096746,12.05734872,12.95697484,12.83941778,14.73262378,15.22251894,14.51624184,8.977234712000001,9.103554391,9.309005705,8.974929408,9.070367951,9.020710793,9.788082363,10.00117803,9.11962783,9.652837352999999,10.06565224,10.097990800000002,9.596639367,9.642600581,9.8850058,10.25162569,9.577275473,9.187753837999999,9.827594421,9.264672041,8.805455732999999,9.04927562,10.15538239,10.1078813
Ga0242637_112666,8.479736045,8.651256095,9.077341901,9.180411969,9.570494672,9.559072794,9.675845579,9.839636774,9.854230536000001,10.1141715,9.777464315,9.665036126,9.25434187,9.103972691000001,9.282707454,11.29096691,11.51795393,11.81210011,13.204499800000002,14.00698808,13.91966572,15.02233184,15.29128952,14.87165484,9.184461966,9.262358039,9.369507702,8.964483363,9.309508225,9.362395364,10.6259498,10.64200808,9.944539792,10.47774991,10.92729895,11.02260803,11.23324509,11.09683157,10.8458166,12.24178559,11.29508494,10.84276125,11.27776491,10.189128300000002,10.397129199999998,9.789177975,12.17359793,12.44949758
Ga0242637_112667,6.223844425,7.556418422999999,7.950105098,7.440627635,8.657819814,8.946972399,9.181202459,9.207604556,9.478880508,9.320400516,8.78483641,8.655274689,8.026439627,8.608330862999999,8.51493164,10.57369999,10.84612695,11.10668766,12.41393892,12.90427542,12.78249993,14.48775196,14.64074098,14.10255581,8.223472426,8.403917977999999,9.159395327,8.872498348999999,9.002782855,9.337848969,10.17579454,10.32222886,9.714989576,10.05589771,10.46289722,10.54186369,9.917399332999999,10.1608375,10.05721546,12.05347512,9.175069062999999,9.274420511,9.666082774,9.323783281,8.88444954,8.044927672,11.76313587,12.05396682
Ga0242637_112668,4.585211685,6.000201688,6.592340957999999,5.256901236,7.341246087999999,7.227267756,7.15458496,6.66422593,7.322039585,8.009510013,7.336890401000001,7.308908906,7.031266572000001,6.922424455,7.202871187,8.176488275,8.458845464,8.761104397,9.721226079,10.08699098,9.953887281,11.49223864,12.22467203,11.39494627,6.415233951,6.573578405,7.4965740620000005,6.257844036,6.8799865989999995,6.913080226,9.033955717000001,9.179631715,7.82675832,8.817774138999999,9.508669583,9.338836028,8.615871965,8.721860084,8.72727403,9.548202771,7.801354187,8.143123314,8.876771525,7.741845144,7.089650862,5.7620501520000005,9.286144448,9.498157605
Ga0242637_112669,7.220222591000001,7.264813479,7.291631281,7.999195307999999,8.061569265,8.113794748,7.8487085279999995,7.699599981,7.844195911,7.289304144,5.663258026,6.10415414,7.970424984,7.878816766,7.715156157999999,7.7231575370000005,7.712443228,7.539685136,8.718059837,9.502099423999999,9.384413718,11.37272245,12.08646248,11.18338594,7.967708852,8.298718099,8.153533255,7.417752127000001,7.36439023,7.365947900000001,8.690681304,8.856778288,8.301448201,8.315935977,8.789232066,8.880404037,8.235420032,8.186126118999999,8.267456073,8.973821929,8.733723493,8.293011482999999,8.958786021,8.113051793,7.571269564,8.179092747,8.571273292,9.114840843
Ga0242637_11267,3.4671807360000004,3.79233372,3.946745494,4.039622844,3.9047313960000003,3.880786982,3.8963039360000002,3.8060999410000003,3.8326399510000004,4.261120417,4.306336811,4.024865287,3.7419712460000003,3.9732559860000003,3.7126032810000003,4.4900135830000005,5.001430864,4.907311251,4.701851585,3.803921163,4.066657595,4.393970655,4.668031599,4.577747215,5.57198214,5.523343122000001,5.5071582370000005,3.8225672999999993,3.34059104,3.73698757,4.202547268,4.096620832,3.527022611,5.262906055,5.287778339,5.272613361,6.497069943,6.38244659,5.170885915,7.771567846,4.7092957680000005,5.275578888,3.8313353180000003,4.309901821,3.4799555860000004,3.6667322610000004,7.144884355,8.255525506
Ga0242637_112670,6.530750531,6.71385075,6.660834089,6.661334644,6.647689439,6.670360662,6.364273235,6.440082296,6.737941312,5.66392443,6.219170611,5.945759205,8.119516866,7.861321172,7.687953837,11.45044004,11.45539555,11.28370617,9.378929507999999,7.914760661,8.30789888,8.021233793,8.178768379,8.136661327,6.685747058,6.273416267999999,6.548470468,6.5088783139999995,6.725787601,6.549270762999999,6.395597362,6.336477515,6.172925789,5.884102434,5.826750102,5.9259611229999996,11.97381001,12.38869614,12.36324777,13.90868588,6.078158097999999,6.599016019,6.685401651,6.714896465,6.392255812,6.725758902000001,13.83335623,14.04968466
Ga0242637_112671,6.926887767999999,6.546575258,6.828990567000001,6.792977939,6.682434484,6.9072941629999995,6.768496125,6.744944145,6.845585441,7.074439242,6.91801882,6.8290344339999995,9.607904298,8.589330438,8.640827683,13.11312565,13.10661809,12.89314954,11.65151038,10.50331566,10.58890026,10.46955936,10.56573469,10.48470869,6.80945343,6.628940236,6.707098015,7.063520165,7.123277882999999,6.999143899,6.7202494999999995,6.491541595,6.790438489,7.27501809,7.352084313,7.654425807999999,13.90924366,14.27087172,13.95320272,15.00544343,6.660134217,7.357903407999999,7.072197482000001,7.047758907,6.885186692,6.80609677,15.10493009,15.28272498
Ga0242637_112672,5.4779191560000005,5.277334048999999,5.40772777,5.333525783,5.726947847000001,5.5618210239999994,5.392228114,5.213102528,5.236456361,5.267307644,5.4167632679999995,5.3988349929999995,8.424064581,7.512548612000001,7.706145617000001,12.23012791,12.20478712,12.00029526,10.92699644,10.81003888,10.891474,11.4885339,12.09382783,11.69580244,4.414305016,4.502186862,5.289095496,4.613261821,4.503972568,5.135602143,5.164115448,5.044266382,5.232993875,5.3911709420000005,5.320156877,5.499843621,13.08616555,13.72716976,13.33299169,14.47040641,5.266368163,5.618061775,5.401527766,4.9004125730000005,5.737211476000001,5.200017905,14.29237389,14.69819591
Ga0242637_112673,3.3323533810000003,2.686586935,3.49008882,2.669405787,2.953773423,3.055524389,2.664422505,2.8930991230000003,3.7300873130000003,3.1652587430000003,3.3486969460000005,3.086552422,4.280950425,3.9732559860000003,3.989110611,9.199862306,8.983906332,8.822551192999999,8.1403937,8.351474163999999,8.289602043,8.981487718,9.55244725,9.03834752,2.757788731,2.703120283,2.7960011330000003,2.7970937510000002,2.7038793560000003,1.764951351,3.821877488,2.505573503,3.129829243,2.8783458439999996,3.6943890839999995,3.840785215,10.12900505,10.68674573,10.08999187,11.16607552,3.761569239,3.445576453,1.764951351,2.710597517,2.792585865,3.224318896,10.95975375,11.27391362
Ga0242637_112674,3.3323533810000003,3.6224631489999997,3.5957216260000004,3.497605637,3.273794517,3.632791763,3.277942678,3.0574123839999996,3.3591003539999997,4.665563422,4.023771416000001,4.2014779110000005,6.218800207,5.4013783470000005,5.516779643,10.86987559,10.85852434,10.46146794,9.71068011,9.840857615,9.868128385,11.05848004,11.56931107,10.990776199999999,3.844348227,4.348487282,3.4852798330000003,4.309413512,4.4034040480000005,4.92963042,4.551085283,4.728067906000001,3.910455573,4.965263925,5.076266476,5.227094827,12.12007887,12.74626179,12.15336258,13.91838602,3.923781767,4.88837244,4.097700825,3.465722858,3.4799555860000004,2.9136076980000003,13.66916642,14.29405278
Ga0242637_112675,4.638419917,4.9110977160000004,4.936924235,4.514300356000001,4.82588164,4.268645649,4.502119858,3.956726771,4.451097385,4.614551348,4.218583159,4.281776014,8.238911261,7.453048319,7.337363377999999,11.87462573,11.96755984,11.78277107,11.74594514,12.14279011,12.17627206,12.67420145,12.75919624,12.55731665,3.652503691,4.045959163,4.2374047710000005,4.613261821,4.8834896080000005,4.259162309,5.461940492999999,5.268303597,4.391441637,6.123562943,6.110934165,5.5188111179999995,12.142304,12.52038913,12.29847683,12.85084899,4.944709092,5.413829457,4.319533971,4.061615789,4.230481,3.917989517,12.99197234,13.09326876
Ga0242637_112676,10.01466781,9.873401942000001,10.18127816,9.763770751000001,10.02275486,9.768241298,9.788086515,9.778699721,9.708315237,9.789658349,10.351234300000002,10.36111767,10.43574845,9.810622319,10.3476135,10.67066928,10.79973601,10.63918533,11.09453861,11.55593331,11.50013278,11.46704503,11.57308032,11.56046779,10.12613286,10.20065064,10.01476351,10.59000751,10.54795578,10.561633800000001,9.853179499,9.634882648,9.790306224,10.07688193,10.48698425,10.32257859,11.00716636,11.1233577,10.94799531,11.38658314,9.663816914,9.976421416,9.827594421,10.12703475,10.5879041,9.991517582,11.61156429,11.51642719
Ga0242637_112677,9.433188126000001,9.574037686,9.448620875,9.569129931,9.590429857,9.654497652,9.456642207,9.476177172,9.480735182,9.250383374,9.23552756,9.348367852,9.161515037000001,9.331897803,9.177461719,10.04046228,10.11522763,10.21740117,10.44467007,10.68947362,10.63913523,11.0622235,11.55184454,11.26429242,9.243432536,9.3538181,9.337556007,9.299745726,9.572239565,9.364422167999999,9.252402709,9.44327922,9.255343827,9.132192587,9.25594639,9.287515743,10.47337887,10.56945643,10.53706942,10.84454326,8.67039683,8.634709682999999,8.653609115,9.744794993,9.672638198,9.546473057,10.87747129,10.85991602
Ga0242637_112678,6.9477254020000005,6.781334982000001,6.943358729,6.280268917000001,6.305187387,6.495305791,6.713230224,6.589682461000001,6.238134046,7.538032236,7.405891121,7.55555907,7.136870173999999,6.656160513,7.054523682,7.237849985,7.156185151,7.308593348,7.916382691,7.977147122000001,8.042494372,8.74732,9.213041293,8.785118519,7.243472088,7.516715333,7.0506663210000005,7.793270757999999,7.593350461,7.6907717,6.7964464179999995,6.683889763,6.883512183,7.186469493,7.750345351,7.463125646,6.943631749,7.364395791000001,7.340390809,7.57045381,5.015163076,6.071026256000001,5.912241737,6.815331317,6.4528445229999996,6.538522199,7.620231406,7.332287833
Ga0242637_112679,8.743593147,8.848271086,8.769240475,8.136442116,8.109123324,8.298257897000001,8.169071736,8.091444205,8.244301949,9.57893116,9.349967982,9.196272902,8.603557221,8.499457859,8.54808103,7.661557234,7.742490699,7.816382418,8.255162504,8.554348496,8.542313321,9.878635622000001,10.14729498,9.684462326,9.05421946,9.281464966,9.077129459,8.985300354,9.530671867,9.028401112000001,7.970222303,8.182724784,8.012108884,8.794928704,8.745525106,8.201574055,7.473160292999999,7.261955631,7.783522941,8.280350271,7.137253651,7.276214564,7.042394207,7.859342876,7.381948963999999,7.631055507,8.714851665,8.378408155
Ga0242637_11268,3.981339932,4.076708291,3.783277731,4.101398217,4.441439466,4.523839893,4.311789794,4.660392731,4.780754992,4.561592913,5.25404949,4.497658663,4.565772871,4.712183976,4.412551724,5.532382361,4.960642513,5.052757096000001,5.3111713830000005,5.315634683,5.16019695,6.80702934,6.6735829429999995,6.67952201,4.725186993,4.549828091,4.990409729,4.815949237,3.904206087,4.459612024,4.202547268,4.318388806000001,4.270630967,4.998011383,5.320156877,5.2500364930000005,5.422921493,6.172248402999999,5.607950139,7.623422682,4.944709092,6.499590174,4.962237235,4.309901821,4.079391123,4.470605637,7.091526534,7.989376106
Ga0242637_112680,9.689546902,9.475707251000001,9.717110287999999,9.641963134,9.439663852,9.511040366,9.492610604,9.585590912999999,9.621878431,10.26077681,9.795937282,9.846855497,9.048842918,9.273581723,9.279674468,9.625156902,9.655368357,9.661506248,9.7379409,9.861673641,9.861950585,12.84979229,12.71382233,12.17929272,9.768676433,9.938182508999999,9.627440449,10.04172355,9.837372954,9.790901653999999,10.01326895,9.980408257999999,9.8206724,10.33935424,10.51067572,10.56473334,10.02204043,9.882355026,9.70701101,10.45228589,9.907555086,9.929500573,10.34939963,9.749875142,9.590879662999999,9.794106285,10.43636518,10.39202795
Ga0242637_112681,3.4671807360000004,3.3131841189999998,3.49008882,3.497605637,2.953773423,3.055524389,3.4887793030000003,3.19900412,2.802740674,3.780802703,3.795137545,3.7054419960000002,3.28524747,3.594743442,3.787498028,3.7318454780000003,4.347036161,4.028070049,4.206860836000001,4.47713225,4.790629011,5.442018557999999,5.1328806060000005,5.380361131,3.2934309839999996,3.741635782,3.820616643,3.609195169,3.6541520239999996,4.106914192,3.821877488,4.2484376169999996,3.527022611,4.450525224,4.467038435,3.70695293,4.090071432,4.737982187,3.431922531,5.489094956000001,3.35606442,5.369221982999999,3.6742944960000004,3.755778032,3.4799555860000004,3.3514834060000003,5.062331788,5.669500702000001
Ga0242637_112682,3.1795039910000003,2.422088851,3.3742476210000003,3.285877101,3.9047313960000003,3.4349120319999997,3.4887793030000003,3.54034049,3.0232919369999998,4.326727,4.218583159,3.4363628139999998,4.280950425,3.518874686,3.2488538360000003,4.035114441,4.409928452,4.098857669,4.206860836000001,4.5628060999999995,4.181123441,9.453812901000001,9.083727887,8.534793396,3.930480587,4.293160833,4.2374047710000005,3.350872453,3.34059104,3.36495514,4.601460261000001,5.268303597,3.9907369210000003,6.123562943,6.054598248,6.160800168,4.615431697,5.25189535,4.4232196539999995,6.566714891,4.870542887,5.122407431,5.620042009,4.061615789,4.230481,4.31027734,6.222800831,6.48545294
Ga0242637_112683,7.908284196,8.133417807999999,7.931760625,7.860412037000001,7.823145632,7.844107094,8.00249389,7.668922009,7.826799519,8.375560855,7.603463491,7.766112872000001,7.989339299999999,8.285282383,8.264884705,7.996953935,8.080278755,8.139795449,7.894181262000001,7.5647023639999995,7.761918562000001,7.53835883,7.413591428999999,7.485474644,8.251484547999999,8.32574609,8.153533255,7.873639452999999,8.12732045,8.018842616,7.795716367000001,7.874740337,7.76290555,7.85023182,7.548055815,7.712939732000001,7.613790029,7.789501663999999,7.994069842,8.725191135,7.968651526,7.876400639,7.789305858,7.646978721,7.381948963999999,7.6798128310000005,8.571273292,8.694484512
Ga0242637_112684,8.447201779,8.461693057,8.335682473,8.412542992999999,8.407678967999999,8.470674082,8.559221798,8.607679796000001,8.550129312000001,8.607704361,8.337317431,8.123302821000001,8.388886637999999,8.543997909,8.44354816,8.449798753,8.543190518,8.876666758999999,9.010635986,9.218810002,9.298580595,9.732804663,9.635544638999999,9.673218417000001,8.51184978,8.734033914,8.502347775,8.170344238,8.12732045,8.220304681,8.641404051,9.056041654,8.477512131000001,8.328717787999999,7.988982455,8.126694336,8.615871965,8.797022606,8.915604982,8.818983167,8.922213838,8.471336566,9.077353399,8.458535217,8.157491123,8.137036891000001,8.779508541,8.902781775
Ga0242637_112685,7.018371255,7.284872882999999,7.341136088,7.2044488079999995,7.01778812,7.162863561,6.839031607000001,6.8581230820000005,6.634995751,7.305185537000001,7.107535471,7.044970404,7.693129156,7.2951847579999995,7.533514062999999,7.372126766,7.242847414,7.53357159,7.587904797999999,8.022227391,7.7882254710000005,8.366288349,8.32900693,8.136661327,7.336111008,7.21798099,7.286616586,6.592764596,7.035761077999999,6.65915035,7.388046416,7.343082005,6.942379346,7.1934774610000005,6.7297801260000005,6.968215809,7.317314586,7.151673496,7.4628549379999995,6.5882120010000005,7.432813335,7.239736213,7.46930196,7.304213373,7.163949333,6.918778087000001,6.721727367000001,6.530841443
Ga0242637_112686,7.7921748420000005,7.746783156,7.894356432,7.6972720589999994,7.87908489,7.7547077710000005,7.890794833999999,7.915339023,8.067984418,13.76039689,13.89555293,11.9403616,7.744136405,7.709238535,8.035968085,7.857415906,8.135666156000001,8.338691719,9.573071776,10.50331566,10.57133826,13.89252782,14.033439000000001,12.42615417,10.72860233,10.06889373,10.65080086,9.432623947,8.036006018,9.448985924,9.22708417,9.289247994,8.586030801,12.90379574,11.60185083,13.06861478,8.803737783999999,8.601220385,8.869475321,8.184921005,15.32714916,14.94915097,15.66253767,8.315089842,8.360621083,7.792485761,8.103730937,8.121190337
Ga0242637_112687,10.12732803,10.19633516,10.17251788,10.28160928,10.23636162,10.15863318,10.34307869,10.38060026,10.25077209,11.76242421,10.80782543,10.33631401,9.704052355,9.936233854,9.617802487999999,10.14541707,10.23839559,10.34589818,10.12067648,10.09228474,10.09401297,11.31322885,11.18987892,10.26264998,9.693370108,9.50629908,9.886760152999999,9.160256353,9.14446245,9.26811,9.714312782999999,9.544029988,9.998664604,11.24239874,9.779615816,11.32880732,9.400950802999999,9.857990448999999,9.668616355,8.845971496,11.67974838,11.69277639,11.98863234,10.40416084,10.45557872,10.37457167,9.369716072000001,8.823034744
Ga0242637_112688,9.327925516,9.289780581,9.240844029,9.26698688,9.348954438,9.109493404,9.277920088,9.253115107000001,9.32633459,9.343644868,9.578426822,9.67045883,9.214714142,9.362061902999999,9.230258874,9.170685887000001,8.998917599999999,9.047239997,8.839201146,8.995916588,8.944329486,9.51336571,9.594594172999999,8.856446587999999,9.387428249,9.471932967999999,9.265092026,8.852809666,8.884866842000001,8.795871814,8.914593358,8.997807086,9.100384464,9.252773635,8.809184126,9.077750273,8.861289857000001,9.224837402999999,8.813724051,9.342492946,7.959849271,8.026661495,8.065915025,8.950676292999999,9.317553361,9.045147278,9.129606043999999,9.360577127
Ga0242637_112689,7.463830672,7.599761105,7.816505364,7.6924660970000005,7.9661851210000005,7.871224591,8.095402814,8.244905072,8.308370737,7.708912783,7.595046579,7.973398409,8.434452815,7.60796369,8.146662745,7.682384446,7.5176864629999995,7.770336597999999,8.165326142,8.579699216,8.612687657999999,7.835356363,8.65913756,7.999323485,9.174046446,9.34723859,8.815282024,8.468986714,8.446924966000001,8.582604734,8.86494897,8.84820559,8.545496505,7.944600781,8.149644094,8.204489873,7.692022105,7.403416726000001,7.332852503,6.38209156,6.936430594,7.31179242,7.072197482000001,8.617070851,8.586681998,8.301832778,6.686156919,6.149326563
Ga0242637_11269,3.893771605,3.79233372,4.159119162,3.9066627169999997,4.598331827,3.3221123230000003,4.4102561080000005,4.271795039,4.321039304,3.9610702360000003,4.466516375,4.7960525910000005,4.5133345810000005,4.078302471000001,4.412551724,6.2160191320000004,5.87462932,6.070162842,5.520095341,4.988943819,5.047435514,6.517819203999999,6.374626861,6.6103830089999995,5.546235165,5.65766969,6.184681404,4.309413512,4.72740258,5.381364859,4.328871157,4.096620832,4.137988429,5.3156082389999995,5.5282672889999995,5.48062052,6.554101254,7.324289086,6.0194734620000006,9.291049597,5.429319039,5.894103462,5.085476312,4.936962314,4.7081409160000005,4.900834924,8.642532403999999,9.466431699
Ga0242637_112690,7.513573847999999,7.337038626,7.846194201,8.676180906,8.981903534,9.015409191,9.718527672999999,9.845362704,9.594732932000001,9.157247998999999,9.26499996,9.773161158999999,7.887151058,7.48995356,8.18607676,7.661557234,7.736531086,8.073932958,7.90161978,8.374833661,8.35558524,10.89737932,11.20161402,10.67850962,8.461347005,8.478070211,8.5273495,8.889163089,8.824460231,8.919576248,10.01098855,10.07160415,9.906884325,9.099005792,9.717630598,9.454787073,8.780058266000001,8.721860084,8.72727403,6.522732535,7.183371762,7.60731531,7.4353141570000005,9.298002865,9.460680048,9.139170514,6.871740189,6.234161219
Ga0242637_112691,3.00145839,3.6224631489999997,3.783277731,3.7585457030000002,3.629237593,3.803363006,3.667967475,3.635355282,3.2040458910000003,4.561592913,3.516347495,4.281776014,3.416771273,3.518874686,3.787498028,3.3312073310000003,1.764951351,3.2503850360000004,3.5826343030000003,4.067851648,3.64741757,4.835778512,4.109167166000001,3.967222743,3.752046685,4.502186862,3.607398345,3.8225672999999993,3.82616232,3.73698757,4.786479382,4.960939729,4.833019414,4.7509363360000005,5.076266476,5.203776183,3.19781202,1.764951351,3.431922531,3.306485327,3.35606442,4.754924248,4.319533971,3.839256689,4.489924871,3.917989517,3.442297762,3.045854701
Ga0242637_112692,5.810393549,6.224889233,6.444722903,6.538044532000001,6.962339012,7.234249299,6.922604195,7.037019305,7.346666646,6.645812063999999,5.165124858,5.36332174,6.936936395,6.5981364000000005,6.4006253939999995,5.78534409,5.938508753,5.748870973,5.952760852999999,5.409719957,5.4081854620000005,5.56032048,5.804244499,5.8900235279999995,6.537442523999999,6.682251237000001,6.86125864,5.150240853000001,5.324007009,5.056780545,7.402042363,7.406762023,7.3997942320000005,7.150909165,6.799894557000001,7.448438772,5.934684068999999,4.966460517,4.949797315,3.860946852,8.486527897,8.019508894,8.152121767999999,7.657832958999999,7.821241538,7.4678767310000005,3.2361992219999998,4.359912367
Ga0242637_112693,7.6595928660000006,7.610396206,7.994970653999999,8.397858999,8.318544000000001,8.291582682,8.49519485,8.574967001000001,8.591915253,8.880947568,8.821365578,8.400682281,8.08915369,7.762992071,7.806515592999999,8.394082873,8.651657126,8.571284943,8.590414191,8.934363012,8.822362961,9.7011421,10.17732042,9.470555841,8.582861827999999,8.634868765,8.530886061,7.939132521,7.7212175610000005,8.132634631,8.885012205,8.819256301,8.854571918,9.426319404,9.379280745,9.39351203,8.905733439,8.92317075,8.689420075,9.300835998,9.186430842,8.887386337999999,8.926537576,8.777415506,9.084109765,8.94234783,9.32131487,9.415985838
Ga0242637_112694,9.726163385,9.529916479,9.930741887,10.3077641,10.33145694,10.45216367,10.68189009,10.84918561,10.86038018,11.16733701,10.99853506,10.56119732,9.827413182,9.725204973,9.587463284,11.06682395,11.21196913,11.29684585,12.09270337,12.70704027,12.6147573,13.55047096,13.93391577,13.37583555,10.36004189,10.41793624,10.47195992,9.660026894,9.741367008,9.95052229,11.09396212,10.99056703,11.09887444,11.43864987,11.64253009,11.46237639,11.3220067,11.09980311,11.08997356,11.39802543,11.12444423,11.047352199999999,11.21823656,11.20124918,11.33644017,11.31153971,11.63621341,11.74035305
Ga0242637_112695,3.1795039910000003,3.0479219410000002,3.783277731,3.024689424,2.953773423,3.055524389,3.4887793030000003,3.324328978,3.618475267,3.874070482,4.388768833,4.497658663,3.9197569839999997,2.913262576,3.1287230089999998,4.035114441,3.3308858669999997,3.4955664389999996,4.476506155,4.385771447,4.642114564,5.771053014,5.960243686,5.809865286,3.930480587,3.741635782,3.0152714460000003,3.486982523,3.6541520239999996,4.023757596,3.6315993030000002,4.2484376169999996,3.527022611,3.416535432,3.889328561,3.5571700739999996,4.995296209,4.3045167,2.974604675,3.306485327,2.713663973,3.9122902089999996,4.097700825,3.991601604,3.190463246,3.7560954489999996,3.617730023,3.525262858
Ga0242637_112696,5.4779191560000005,5.753059007,5.71854615,4.866546745,5.375431402,5.396470191000001,5.216699757,5.29636356,5.236456361,5.200420057,5.562780417000001,5.740317942999999,6.084221612,5.699327078,5.848192787,5.224692397,5.153734003,5.052757096000001,4.769522941,4.860785042,4.987490939,7.338747958,7.466447467999999,6.7238361179999995,5.84942864,5.699778795,5.885600897000001,5.748802145,5.8589682089999995,6.040944895,5.514697575,5.268303597,5.354349848,6.276822734,6.251177785,5.59225673,5.540984152,5.162995195,5.5038699,5.534287024,5.015163076,4.950622766,5.447991032000001,5.590103557000001,5.7852377310000005,5.395642471,5.574061733,5.748692192
Ga0242637_112697,4.412075361,4.2559482730000004,4.452168233,4.422193692,4.693851334,3.880786982,4.149254746,4.702102272,4.679316307,5.42192855,5.118479175,5.46731071,5.30734308,4.507248248,4.583345395,4.753392565,4.687392958,4.028070049,3.7340261939999997,4.71973642,4.561457885,7.53835883,7.649005937,7.170493899999999,4.0874184730000005,3.976273982,5.071195536,4.90724903,4.72740258,4.92963042,5.407155786000001,4.5671028389999995,4.554766425,6.626970511000001,6.510290928,6.196459699,4.995296209,5.162995195,4.4232196539999995,4.791768251000001,4.7922398369999994,4.823235936000001,5.401527766,5.169295167,5.527144606,5.007762584,4.94560721,4.798593744
Ga0242637_112698,9.636029124,9.579459153,10.05668887,10.38424353,10.61584649,10.25527264,10.18042255,10.33493148,10.33520224,7.9349352479999995,8.681321405,9.134832115,9.117066635,9.002300378,9.020984722,7.237849985,6.892256367000001,6.120081047,5.863888597000001,5.734069421,6.084423183999999,7.4946867720000006,7.287064152,7.322239463,8.604742622,8.062059651,8.668890181,9.434517364,9.505735869,9.831027894,8.362506936,8.122378555,8.931601385,9.494545178,9.306953299,9.353357427999999,7.692022105,7.324289086,7.003079779,8.253722902,6.86274643,7.836254967,8.102462698,7.311106634,8.014279426,7.5748738179999995,8.156623975,8.553347531
Ga0242637_112699,8.695158106000001,8.689364644,8.797372244,9.209290842,9.248300477999999,8.895078351,9.077531505,9.115830851,9.027105087999999,7.603705742000001,7.453230482,7.703996602,7.882099565,7.832879077,8.053834072999999,6.2160191320000004,5.830404259,5.811059266,4.392404915,4.287870375,4.718346846,5.0133739969999995,4.840645444,4.924648265,7.982111402,7.672249809,7.641052142,8.365596346,8.387135362,8.874776581,7.2085507479999995,7.250658242999999,7.661489953999999,8.610978272,8.34193317,8.082998811,6.554101254,6.342794463,6.12820921,7.361827081,6.011404338999999,6.5796728589999995,6.543593774,6.3894689520000005,6.157496936,6.441203655,7.29403857,7.672882577
Ga0242637_1127,2.7843994210000003,2.422088851,2.930832432,2.409644588,2.953773423,2.426167481,3.155796047,2.693612905,1.764951351,2.485405011,2.911501305,2.545388166,2.963087176,3.040961976,2.836309725,3.892319216,2.492414675,2.728466907,1.764951351,3.00415308,2.653701924,1.764951351,3.963144162,3.967222743,2.473778066,2.4340741830000003,2.7960011330000003,2.7970937510000002,2.7038793560000003,3.209420395,1.764951351,3.0217587530000003,1.764951351,2.418245537,3.328847895,2.940004623,1.764951351,2.910528862,3.149291978,3.042219942,3.084464068,2.984995328,3.022421094,3.0803301339999996,1.764951351,2.9136076980000003,2.638270533,3.045854701
Ga0242637_11270,6.385470317,5.846293105,6.726215596,5.997516947,5.813320753999999,5.3192756260000005,4.028820076000001,4.702102272,4.387612859,5.362081109,5.337731785,5.595124285,5.91601374,5.820595878,5.59734973,5.746170234,5.416603517,5.2157469,4.769522941,5.2148792639999995,4.718346846,5.3129993319999995,4.7570015539999995,5.538322247999999,5.546235165,5.475604103999999,5.10991984,6.035822317,6.066362448,6.100672285,4.551085283,3.925246862,4.790327679,5.3412443,6.316479206,5.59225673,5.845938526,6.216819847000001,4.949797315,7.581204406,5.575530368,5.175324517,5.4929873360000006,4.567563977,5.346438148,5.200017905,7.208917924,7.989376106
Ga0242637_112700,6.968265904,7.19585775,7.140031105,6.690574907999999,6.727493992,6.495305791,6.777504335,6.849023921000001,6.834014716,6.386673471,6.404246792,6.227265922000001,5.834414947999999,6.121076189,6.103458506,3.892319216,4.211803736,4.459643842,4.103569772,3.803921163,3.2608517239999997,3.500516376,3.7987871739999997,4.113428357,5.828255202,5.8568202629999995,5.90760089,6.404397687,6.408402041,6.698284781,5.614698535,5.808096677999999,5.922550923999999,7.460717707000001,7.143299377000001,6.654961094,4.818200909,4.966460517,4.535009727,5.62059316,4.198123123,4.527271229,3.4946380269999997,4.365453725,4.80563102,4.658919033,5.062331788,5.786702919
Ga0242637_112701,9.3318909,9.379534847999999,9.429139194,9.082810359,9.195211236,8.932028507,9.229552095,9.364174863999999,9.342743797999999,8.922707257,9.177533123,8.760726314,7.946427817999999,8.159237382999999,7.999558109,6.815744047000001,7.129136572,6.60186329,6.063289417999999,5.659621767999999,5.837348212,5.910951122999999,5.581806815,6.139804722,8.033723291,7.8596265270000005,8.130406441,8.416302607999999,8.661353862999999,9.337848969,8.231514078,8.08394704,8.532791736,10.03167553,9.947180165,9.326845188,7.640341822000001,7.729357615,7.10397949,8.400521888,6.804898923,7.4671131729999995,7.14411537,6.872393131,6.906989471,6.704953937999999,8.062747957000001,8.128581367
Ga0242637_112702,10.42238998,10.51199528,10.76278119,10.36776247,10.62553988,10.22931376,10.39077696,10.63911842,10.6156621,10.66615717,10.86230696,10.40515089,9.350724636,9.136331089,9.122658608,8.543828112,8.505143504,8.328136675,7.541038381,7.544239417999999,7.25871707,7.7879045410000005,7.287064152,7.459520327999999,9.223368995,8.922870862,9.235055564,9.623976411000001,9.883651111,10.52586258,9.453880761,9.278653667999999,9.93129039,11.51821111,11.68363847,10.69793031,8.668409663,8.89607571,8.374098507000001,9.37682529,8.510834688,9.105711924,8.481157413,8.10910324,7.726387292,8.212612706,9.480173159,9.600024486
Ga0242637_112703,11.2309382,11.29624496,11.41599186,11.23246189,11.3157284,11.11566551,10.91995069,11.11825714,11.08547756,11.15698664,11.42607868,10.77681029,9.873948015,9.751080445,9.683532284,9.426583772,9.207141548,9.170518912999999,8.979346767000001,8.965468083,9.056782975,9.073391945,8.992096703,9.05577006,9.414225666,9.310504902,9.643863357,10.05162655,10.32209811,10.99807894,10.12186751,9.975168755,10.44926851,11.96603463,12.3064768,11.14754009,9.856438049,9.906314943,9.277333401,10.409207,9.479062925,9.828772426,8.638756368,8.513339419,8.805455732999999,8.620370148,10.19542518,10.28697048
Ga0242637_112704,11.77831258,11.82505369,12.04098385,12.08264734,12.20561872,11.79149004,11.33626421,11.53053524,11.52986264,11.07718624,11.87539385,11.10715071,10.57527193,10.37016394,10.21020881,9.395395608,9.377626657,9.045093404,8.548388119,8.209279152,8.239644424,7.403161433999999,7.358723352999999,7.248362872,9.302001351,8.964307304,9.506926875,9.706211905,10.20578691,10.96105648,10.05260326,9.737472624,10.49746585,11.97342905,12.29692036,11.05608088,10.13834706,10.31198612,9.540364149,10.65281754,10.1685104,10.31842778,8.716260336,7.95043618,7.994063275,8.05728081,10.41210135,10.77887295
Ga0242637_112705,11.69917302,11.62691568,11.88617637,11.82720556,11.91560641,11.67515873,11.17620028,11.32007726,11.31070573,11.60541551,12.22536255,11.90859176,10.16445128,9.833229369,9.639258275,9.007005852,8.689161282999999,8.57426532,8.350640063,8.442724631,8.511069098,8.222017624,7.919245018,8.008301083,10.71716991,10.8599719,10.61126099,9.704643689,9.807676634,10.64653129,10.91405873,10.61615426,11.15901109,12.30060803,12.86106678,12.56129826,9.393167552000001,9.45576397,8.665621756,9.329803065,9.647467162,10.33580536,8.706797031,9.173091895,9.688448238,9.452968172,9.126295303,9.636767445
Ga0242637_112706,8.84141573,8.868342744,8.852041567,8.438603257999999,8.542894716000001,8.437800299,8.30599961,8.483922446000001,8.357652492,8.204117154,8.48580976,8.374339174,8.521481706,8.220895366,8.525212831000001,8.19834054,8.361537615,8.285126712,9.03451135,9.464490453,9.410045556,9.720222904,9.955014339,9.725863314,8.872909489,9.067982966,8.280814023,8.431552584,8.399930252,8.647297879,8.425509914,8.253689901,8.487422571,8.771715634,8.803511641,8.666592875,7.836799837999999,7.847237317,7.503708187000001,8.660783981,7.709815247000001,8.129900089,8.01314056,7.998188567000001,8.12067013,7.721810497000001,8.256924007,8.617785448
Ga0242637_112707,8.549510057,8.283810629,8.650883558,7.947695753,8.171541981,7.66973196,8.084564646,8.312613892,8.208931476,7.036880277000001,6.848869325,7.864040159,6.782738421,7.051518300000001,6.920648621000001,6.656325108,6.221139128,6.070162842,5.952760852999999,5.804834614,5.9350564210000005,6.117484336,6.067026782999999,6.40791227,6.709044174,6.573578405,7.070253094,8.061819152,8.492436759,9.748075734,8.565735058,8.747311529,8.805243173,8.394024812,9.453597302999999,9.671508007,6.311006991,6.78863294,6.277278557000001,7.85365962,8.908557474,9.845045465,6.626329062999999,6.900098047999999,7.251739681,6.844645121,7.620231406,7.817100771000001
Ga0242637_112708,8.981791347,8.772189065,9.093933156,8.541051983,8.753418956,8.132592724,8.330669181000001,8.66837852,8.557178237999999,7.610111516,7.083661257999999,8.195300609,7.342154292000001,7.088093816000001,7.14401722,6.4284771339999995,6.039030937000001,5.7275263039999995,5.923744665,6.221345911,6.112517617000001,6.427695064,6.739535199,6.656842683,7.083408523999999,6.763643847000001,7.278221123,8.161224811,8.679831886,10.12324455,9.112634751,9.133341551000001,9.272638976,8.980498759,9.789692617,10.28175225,6.243220588,6.260050016,6.145557275,8.075143231,9.594435563,10.35439783,6.18247369,6.8250000129999995,7.457734758,7.304721829,7.35190134,8.113761236
Ga0242637_112709,8.5392567,8.367679159,8.59369754,7.975654582000001,7.961481786,7.512106178,7.4362203739999995,7.5392339370000006,7.572239122999999,6.917944803999999,6.128586255,7.2030792020000005,6.622206884,6.704099144,6.455494326,5.746170234,5.830404259,6.018445817000001,6.165911317999999,6.643480802000001,6.602767117999999,7.106981535,7.466447467999999,7.406166355,6.4293368410000005,6.628940236,6.57615247,7.637568973,8.176485424,9.056253307,8.038996532999999,8.08394704,8.196607976000001,7.961114522999999,8.706544065,9.193796701,5.29418298,5.162995195,5.632826815,7.10296237,8.134275503,8.895222115,6.209585201,5.95054898,6.817725212,6.1179690110000005,6.554245461,7.111271886
Ga0242637_11271,7.757208084,7.556418422999999,7.435319747,7.2312125410000005,6.781904882999999,6.710988792,6.533433323,6.6327502560000005,6.594410355,6.051582681,5.070243604,6.10415414,7.227312863,7.026608397,7.277781387999999,6.852985968,7.173939535,6.971242087,6.415319721,6.4143704,6.219701615,7.236386233999999,7.164439814,7.217718295,8.223472426,7.970827731,8.242501484,7.851130355,7.565221961000001,7.766313475,6.048744573,5.8546532970000005,6.2053787279999995,6.933716975,7.1611614889999995,7.07409317,8.029896101,8.737209164,7.455932075,10.26668406,6.86274643,6.673889269,6.209585201,6.549743234,6.817725212,6.596164566000001,9.558411824,10.4885164
Ga0242637_112710,6.806558551,6.9331528339999995,6.736829553,6.801936051,6.512594022999999,6.04865022,6.63607883,6.533969397999999,6.566703287,5.66392443,5.25404949,5.625366709,6.011885495,5.420737316,6.117148726,5.224692397,5.25809114,5.51956703,5.801422745,6.221345911,6.295147771,5.954705207000001,6.556467632,5.9284816639999995,5.321587674,5.546626726,5.322368268,6.13253494,6.609303126,7.677787486000001,6.697717175,6.57714242,6.883512183,6.450863924,7.1252130760000005,7.496824105,5.650022798999999,5.25189535,4.98913372,6.5448917589999995,7.986096483,8.194836226,5.736716005,5.9681445339999994,5.920349227000001,5.951024488,6.065372936,6.288056674
Ga0242637_112711,8.078455307999999,7.844605255,8.059755798,8.274673397,8.296306236,8.216041014,7.907291364,8.118181916000001,8.226725134,8.061847038,8.177412556,8.002359753,7.72168897,7.485391741,7.486921327,7.9633146560000005,8.180251015,8.324601093,8.932918328,9.291184589,9.197536326,8.883327552999999,8.613011404,8.630921096,7.743707942,8.008850006,7.930689183999999,7.514043557000001,7.576539297999999,7.832246938,7.9842420270000005,8.117630248,8.105162644,7.981494289,8.127110704,8.044462074,7.925825862999999,7.634159112000001,7.607308064,8.059853983,8.028807421,7.945961329,7.771257012,7.684616372000001,7.77459421,7.72697523,7.954886124,8.221369232
Ga0242637_112712,9.197086162,9.215120297,9.334575337,9.401137351000001,9.504138701,9.385027615,9.214719711,9.178867273,9.132322446,9.103792866000001,9.143315679,9.06792077,9.291005965,9.035434485,8.919413802000001,8.850219854,8.935313138,9.03647495,9.126247209,9.417463705,9.38153742,8.504787106,8.484407281000001,8.66537923,9.033627751000001,8.925081656,9.221988849,8.439117534,8.553833183,8.699612522,9.290506799,9.371313059,9.233919792,9.384085597,9.118791397,9.195263081,8.905733439,8.889221678,8.872077147999999,8.936642313,8.664991945,8.879507765,8.401271182,8.97039685,9.140370332,8.96874259,8.92379594,9.069484088
Ga0242637_112713,3.698529345,3.710259249,3.49008882,3.497605637,2.4640428340000002,3.632791763,3.388118941,3.324328978,3.0232919369999998,3.570748818,2.911501305,3.4363628139999998,4.000280065,3.8590685010000003,3.632975974,2.697953195,2.783394397,3.1044040639999997,3.409865375,3.648450477,4.561457885,4.737776482,4.470928413999999,4.365241902,4.0874184730000005,3.976273982,3.607398345,3.8225672999999993,3.34059104,4.106914192,4.134656991,3.8303429139999996,3.527022611,4.065284571,4.344097046,3.962010465,4.090071432,3.347410348,4.01929759,4.002277801,3.35606442,4.6073727060000005,3.6742944960000004,3.6664255989999996,3.190463246,3.224318896,3.908340615,4.252491295
Ga0242637_112714,7.8868769379999994,7.330620225,7.554029801,8.167940753,8.354861608,8.347360956000001,7.8487085279999995,7.83010473,7.748891446,7.092857844,5.695239995,5.3988349929999995,8.198847447999999,7.8507210160000005,7.79381331,7.223707786,6.902944475,6.467076724,6.874722956,6.321095654,6.6224148529999995,6.574910802000001,6.531855815,6.656842683,7.570244519,7.493060356,7.47469963,6.659117934,6.663421699,6.231072713,7.662549964,7.197630121,7.831953925,8.105518503999999,7.541253297999999,8.192791068,8.164026599,6.216819847000001,6.522571967,6.170220277,10.33940067,9.586554999,9.840632369,7.8499088960000005,8.034216107,8.049057152,6.409009136,6.85010341
Ga0242637_112715,7.311449518,7.298092382,7.461136563999999,6.905299982000001,7.008693544,6.880836341,7.016883684,7.130081982,7.192166986,8.620449463,8.041563141000001,7.851361083,7.04941346,6.780611617000001,6.832256361000001,7.223707786,7.340400021000001,7.336957699,8.272477315,9.101198658,9.005393418999999,12.85914721,12.50791098,12.28325087,7.715250419,7.645678038,7.68616405,7.121119106,7.248870277999999,7.374021431,7.60926127,7.6563839279999995,7.514119077,8.338230357999999,8.718650813,8.294813597000001,7.613790029,7.617663192,7.594757935,7.559622449,6.474626088,6.709914332,7.101396765,7.473523104,7.598309286,7.290835399,7.838300161,7.956528196
Ga0242637_112716,7.575106599,7.216893082,7.341136088,7.6924660970000005,7.131072648,7.288916574,7.378218029,7.409146036,7.537010412000001,8.58187127,8.084279561,8.00808288,7.342154292000001,7.429493375,7.558762732000001,7.801399925,7.817804317999999,7.927780541000001,8.485436946,9.018338488,9.13401191,12.62864338,12.31161966,12.10488038,8.105644252000001,8.185237426,7.903661616,7.868045031,7.810186645,7.697220222,7.927326355,8.003868183,7.965594707999999,8.721717294,8.682021405,8.614933169,8.145612062,7.833018665,8.117629001000001,8.388333507999999,7.699276052,7.769602536,7.833463707000001,7.887280079,8.12996388,7.762619492000001,8.333575451,8.365955214
Ga0242637_112717,5.641014178,5.933828587000001,5.739873769,5.54138056,5.681724431,5.709993708,5.72709849,5.241402178,5.464967174,5.299605908,4.388768833,4.2014779110000005,5.30734308,5.791228097,5.710277532,4.281559972,4.409928452,4.34968863,5.11866428,4.47713225,5.213380113,6.488400766,6.134042288,5.809865286,6.063771249,5.400857691000001,6.184681404,5.509900869,4.9199410210000005,5.381364859,6.168442197999999,6.106106572000001,6.2053787279999995,5.901372141,5.849026537,5.9259611229999996,5.152609088,4.608026708,4.638428239,4.934560538,5.665297426,6.655532917,5.4929873360000006,6.01967202,5.920349227000001,6.238819485,3.908340615,5.190157933
Ga0242637_112718,5.226621028,5.303976337,5.207248198,5.2034207839999995,5.2254260210000005,4.9255903089999995,5.046761311,5.349278414,5.126023564,4.937774533,4.306336811,4.2014779110000005,5.557342343999999,5.420737316,5.38669096,4.389752078,4.061476221,4.459643842,4.392404915,4.182356513999999,3.8028251330000002,4.51831327,4.919580587,4.924648265,5.194391513,5.375044513,5.535755054,5.450910518,5.240463367,5.173425822,5.730596441,5.831564123,5.354349848,5.462924877000001,5.150333711,5.96786824,4.377864054,4.737982187,4.638428239,4.453106302,5.015163076,5.067434938,5.401527766,5.914696581,5.876712489,5.0747936430000005,4.250125233,4.359912367
Ga0242637_112719,9.22720428,9.151023158,9.286667787,9.548006757000001,9.189189998,9.39128451,9.08661193,9.290533441000001,9.288716866,9.42035077,9.137533024,9.223581881,9.080053736,9.32297981,9.114170443999999,8.99872847,9.31702998,9.051523622000001,9.327399181,9.693060474,9.667856237999999,10.21539448,10.14324396,9.858351796000001,9.770060196000001,9.842012477,9.406553483,9.44018275,9.407792317,9.274591068,9.32763028,9.147385227000001,9.278358254,10.01891741,9.673221957,9.764329755,9.253992053,8.882334924,8.530510111,9.976351602000001,9.432110341,9.250185299,9.169793923,8.932917682000001,8.834166925,9.111798743,9.781059647000001,10.01722977
Ga0242637_11272,3.79986984,3.6224631489999997,2.930832432,3.7585457030000002,3.629237593,3.055524389,3.388118941,4.154517597,3.3591003539999997,4.1921740110000005,3.3486969460000005,3.5782764410000003,4.342851821,3.518874686,3.456396836,5.705893862999999,5.68889131,5.615746613,5.632178636,5.62089209,5.16019695,5.5023955010000005,5.37497316,5.8900235279999995,5.740284804,4.988179731000001,5.35488028,4.2396179919999994,3.82616232,4.578634773,3.524340602,4.318388806000001,4.066401976,5.208172581,4.998102894,5.028822464,5.540984152,7.081211592000001,5.420503095,8.69582166,5.528438668,6.125463892000001,4.962237235,4.51974777,5.280719161,4.824748111,8.322044822,9.065639192
Ga0242637_112720,4.28318584,3.425456982,3.245552862,4.216990205,3.8193379060000003,3.880786982,3.9642345660000005,4.091802658,3.618475267,4.561592913,3.795137545,4.2014779110000005,3.8339313660000003,3.43792384,3.7126032810000003,3.892319216,3.891911795,4.230088347,4.895776856,4.5628060999999995,3.64741757,6.708453757999999,6.229043205,6.4348352570000005,4.471220857,4.348487282,4.555234673,4.088157498999999,4.350212306,4.259162309,4.267180386000001,4.728067906000001,3.910455573,4.826076093,5.287778339,5.081055200000001,4.377864054,4.464627463,4.587683268,5.661866713999999,4.526930893,5.369221982999999,4.896326773999999,3.991601604,4.489924871,4.252354428,5.17014544,5.496599292999999
Ga0242637_112721,9.194910614,8.839259911000001,8.982513633,10.30697845,10.25185037,10.319838,10.65589426,10.60104168,10.3504972,11.25320746,11.14262108,10.61280767,9.891647122,9.51755298,9.675477981,11.98872728,12.189602699999998,12.34133886,12.66289976,12.78756656,12.70380228,12.87979982,13.65417236,13.27089061,10.11854881,10.14483723,10.53758959,9.96781876,9.548017794,10.14933971,10.61698109,10.6203557,10.45601293,11.91742101,11.72960238,11.74739749,12.56750089,12.93902486,12.35954443,13.91480589,12.85061899,12.24873955,12.672924499999999,11.13629616,11.00135096,10.89391729,13.72618032,14.02031425
Ga0242637_112722,11.10278319,11.07134404,11.25289018,12.78412442,12.80997441,13.06237659,12.88695535,12.86970646,12.93343475,12.51620212,11.89993809,11.5945449,12.63435675,12.3235196,12.0290245,14.73886306,14.799807199999998,14.91605349,14.63935128,14.00383135,14.02502129,13.31322071,13.94791799,13.75669999,12.98166519,12.48402488,13.306522,12.26178697,11.73434941,12.4688371,12.25839453,12.05331417,12.55908734,13.7679043,13.25834424,13.60391679,15.36839372,15.72181339,15.24505416,16.69708559,14.99764222,14.41126044,14.27490792,13.73037268,13.77455311,13.78373493,16.45291346,16.83111427
Ga0242637_112723,5.043482011,3.6224631489999997,4.021383903,3.9748242310000004,4.1996928989999995,4.0230464239999995,4.090398034,3.956726771,3.927618893,5.093771919,4.609972668,4.8995810760000005,4.402065233,3.7337995019999997,4.583345395,6.096716606,4.736800533,5.7058584020000005,5.2654368069999995,4.643484469,4.859361138,5.669565534,5.318206933,5.264394062,4.677973662,4.640457153,4.497285518,5.033966346000001,5.151693614,5.281196222,4.328871157,4.318388806000001,4.746292825,5.6382992839999995,5.5282672889999995,5.662109912999999,6.243220588,5.814182763,5.420503095,6.894570085,4.870542887,5.618061775,5.536607461,4.9004125730000005,4.80563102,4.973014093,7.221390161,7.345037764
Ga0242637_112724,7.335359154,7.453853444,7.728907522,7.561533739,7.562406576,7.601194089,7.550920972999999,7.605535626,7.640214831000001,7.861671202,7.6529585110000005,7.586494322,8.058137516,7.60796369,7.6414441779999995,8.808208102,9.059835696,9.285906316,9.589281901,9.07291435,9.151001945,9.254453957,9.819418421,9.742096665,7.977326516000001,7.996286968,8.158114448,8.35763471,8.096210365,8.369051222000001,8.183716322999999,8.08394704,8.24414678,9.211965636,8.959581944,9.276474852,9.774928483,10.23298705,9.845835992,10.9247875,8.254313086,8.019508894,8.058493022999999,8.53704408,8.878948357,8.342774167,11.04111573,11.16941535
Ga0242637_112725,6.598235477999999,6.49004648,6.887309524,6.17375179,6.8343343999999995,6.447999274,6.043844971,5.866440742999999,6.524115951000001,6.7069035889999995,6.730822255,6.867347335,6.793548132000001,6.501948327000001,6.355171232999999,7.629741243,7.308610488999999,7.041884187999999,7.745030214,7.47024148,7.532161574,8.28318048,8.559292942,8.589651146,6.234237257999999,6.064180427999999,6.603312004,6.055693177,6.330218,6.120041651,6.742434605,6.461837488,6.608481447999999,8.009550627000001,8.108827032,8.247534207000001,8.145612062,8.240998087000001,7.692227206,8.665841771,6.593339468,6.779367945,6.965071762000001,6.971473851,8.044082042000001,7.424023466,8.861442637,9.158814887
Ga0242637_112727,10.57823092,10.40232147,10.71196255,10.67593873,10.57255862,10.67942847,10.44049425,10.57508717,10.72219205,10.71673452,10.63391249,10.63331599,10.32473059,10.41341542,10.14670694,10.35284093,10.41664935,10.15108633,10.7934523,11.33184692,11.24794352,12.01105784,12.14029925,11.84542469,11.02364883,10.76936833,10.88573424,10.884066699999998,10.79979933,10.738477900000001,10.55806586,10.51598178,10.60378073,10.83991061,10.54422417,10.69637785,10.3858847,10.19458619,9.965174516,10.38487691,10.39432271,10.30819334,10.47734433,10.39527255,10.97581074,10.68295341,10.41481758,10.60037254
Ga0242637_112728,12.24948402,12.31495889,12.47938079,13.09807463,13.14088771,13.16019296,13.28611971,13.26912619,13.38435862,12.54238816,12.96055429,13.00408542,12.514229199999999,12.52386905,12.35192818,12.60612699,12.50362082,12.45826804,12.47472278,12.54725534,12.54127395,12.15180463,12.03982948,12.14358502,12.07490166,11.87087304,12.5090781,12.59309621,12.64597223,12.93776351,12.74067158,12.6365748,12.889397599999999,12.08756395,12.17619202,12.32690175,12.21253482,12.36604364,12.46239741,11.65041164,13.20033969,13.00163017,13.12965245,13.44106204,13.44085576,13.45215389,11.85650206,11.57507444
Ga0242637_112729,8.101869368,8.006329367000001,8.121755455,8.349839711,8.079043605,7.958101461,8.013964182,8.091444205,8.226725134,7.882986327999999,7.6201513279999995,7.779560499,8.035567479,8.295739555,8.227593826,7.946196121,7.921252212000001,7.9042849120000005,8.00192066,8.3632012,8.120480605,8.176685337999999,8.170829459,7.8966953570000005,7.8205249939999995,7.922952091,7.641052142,7.663638949,7.631830617,7.7290372210000005,8.061211284,7.828993892000001,8.002925292,7.437297012999999,7.3828523839999995,7.357029268,7.741914006,7.682543879,7.638213619,6.9783253720000005,8.254313086,8.244759005,7.884727937999999,7.923707222000001,8.034216107,8.011459133999999,7.144884355,6.986597971
Ga0242637_11273,1.764951351,1.764951351,2.725182339,1.764951351,1.764951351,1.764951351,1.764951351,1.764951351,1.764951351,1.764951351,1.764951351,1.764951351,1.764951351,1.764951351,1.764951351,2.697953195,1.764951351,1.764951351,1.764951351,2.654240015,1.764951351,1.764951351,1.764951351,3.1138557000000002,2.473778066,1.764951351,3.0152714460000003,1.764951351,1.764951351,1.764951351,1.764951351,1.764951351,2.4662029569999997,1.764951351,1.764951351,1.764951351,1.764951351,1.764951351,2.476742168,3.52051745,1.764951351,1.764951351,1.764951351,1.764951351,1.764951351,1.764951351,2.638270533,3.310755737
Ga0242637_112730,8.827439497,8.781627709,8.975815299,8.758944432,8.951396286,8.727156917,8.413834169,8.43918295,8.381675996,7.7325903789999995,9.481325531,9.208750197,8.569401172000001,8.757629621,8.578018705,7.150837057,6.848692689,6.554298041,6.4962612989999995,6.643480802000001,6.6797983279999995,8.061695493,8.307444757999999,7.990289652,7.771614702999999,7.944910962000001,7.988424824,8.389220923,8.383918826,8.575623046,7.852869772999999,7.414527809,7.92727208,8.702204995,8.34193317,8.405379658,6.900325658,6.846441292000001,7.021958591000001,7.515464463,7.878113614,7.588102011,8.497715086,8.569014701,9.126509552,8.91997717,7.797245161,8.106293669
Ga0242637_112731,12.10084506,12.31962324,12.05693804,10.90086458,10.98656723,10.86170366,12.23455992,12.29930198,12.47848648,11.8942046,12.46584601,13.26811366,11.32789141,11.57720607,11.41122484,11.22242413,10.8803045,10.28898743,10.58523474,10.58068438,10.55866177,13.13836805,12.24040147,12.86524383,13.66914295,13.25418402,13.89686842,14.40660005,14.45984337,15.19826103,12.27535686,12.26320342,12.77572673,12.46591748,12.88224286,12.45682379,9.906505352,11.25046888,10.45615096,12.68296193,9.765799279,9.698258451000001,10.46195815,10.76063826,11.04621399,10.7780557,12.49950659,13.2049687
Ga0242637_112732,8.035327582999999,8.057739341,7.860812512000001,8.264996083,8.191762002,8.15483159,8.450874739,8.472126941,8.48878049,8.229298242999999,9.262345394,8.846269857000001,7.687348678999999,8.076747409,7.888453042999999,8.169129989,8.261343326,8.107240133,8.049570958,8.25405863,8.099626396,8.576347526000001,8.503496315,8.262050918,7.656592956,7.918519906,7.717544041,7.822490727000001,7.776236762999999,8.059448721,8.411745148,8.570979716,8.519974073,8.105518503999999,8.349739076,8.531479636,8.029896101,8.460342999,8.497188247,8.768153722000001,8.195542717,8.129900089,7.95036305,8.328736052,7.557557126,8.028290487000001,8.444078965,8.915654632999999
Ga0242637_112733,7.506571901,7.5453760579999996,7.409032141,7.767503044,7.311977915,7.679992968,8.032880908,7.987552752,8.116513432,8.278378717999999,8.311867604,8.112717627,7.251024861,7.624653335,7.377652181,8.316280521,8.117439011,7.927780541000001,8.207946967,8.579699216,8.413058227999999,9.403548042,9.515314612000001,8.989321314,7.793557665,8.302124425,7.654085921,7.023800546,7.092065152000001,7.39003409,8.422081018,8.34589437,8.561221704,7.915238753,8.145165492,8.592850035,7.443309957,7.364395791000001,7.496979202,7.284988808,8.203021315,8.238612342,8.166001592999999,8.144256987,7.821241538,8.389115132,7.502554396,7.30644456
Ga0242637_112734,9.367097235,9.417868846000001,9.628782629,9.881376977999999,9.737961155,9.663572728,9.635579036000001,9.694919589,9.823868389,9.477507623,9.991335619,9.716620897,9.212703891,9.34705869,9.334777817,8.769808627,8.838496063,8.589075531,8.382883819,8.202767064,8.3960555,9.245701294,8.357264065,8.642498841,8.777060014,9.04377185,9.115319694,8.930001654,8.955900343,9.063756951,9.140024059,9.085516634,9.453715102,9.157486844,9.196592247,9.272312635,8.755983544,8.505862875,8.747252816,7.623422682,9.815428667,9.629463699,9.673388518,9.53862701,9.419591964,9.575387486,7.89388166,7.568043933999999
Ga0242637_112735,7.358878648999999,7.589046972999999,7.428792649,7.735153759,7.775706007999999,7.622631759,7.550920972999999,7.493275932,7.37088001,6.928239866,7.264419816,6.8546892779999995,7.771713046,8.046104668,7.912153159,7.359248192000001,7.446447149,7.7546553529999995,10.08028536,10.92526143,10.93822205,12.86344448,13.310655300000002,12.61831492,6.563245716,6.5160011860000004,6.780304579,6.806899709,7.146251602,7.475058904,8.562624151,9.092792231,7.746490577,7.47803686,7.917247252999999,8.095618913,7.741914006,7.344481926,7.455932075,7.704322417,8.134275503,7.811619916000001,8.043533441000001,7.0884568,6.566864648999999,6.989281726000001,7.562593172000001,7.672882577
Ga0242637_112736,7.7213722979999995,7.803491292,7.860812512000001,7.668193034,7.605255127,7.793027221,8.095402814,7.8439022320000005,8.18637619,8.459530681,9.309395893,9.023409129,7.282045953,7.641152000000001,7.678771149,8.296156045,8.937911896000001,9.570413595,11.44688402,12.16263669,11.98250644,12.83455118,13.26104702,12.85563978,7.92361754,8.264204931,7.717544041,7.95505138,8.036006018,7.987619696,9.817087613,10.25139607,9.226049668,8.824557808,8.859257041000001,9.182011689,7.559172932999999,6.902018501000001,7.732882095,7.871284555,8.23255386,7.945961329,8.179749117,8.031950616,7.529734682000001,7.74745114,8.422645161,7.780030784
Ga0242637_112737,11.164119099999999,11.00137454,11.23943812,11.35267876,11.27982053,11.29780159,11.25120112,11.2910007,11.3179858,11.47947832,11.88059587,11.47619903,10.89716878,10.74682571,11.047504,11.06682395,11.23592418,11.25241833,12.16825597,12.48958045,12.46791931,13.16356257,13.49896842,13.08081578,11.4777272,11.5462276,11.27806897,11.03083139,11.05465504,10.92649249,11.74622133,11.80280606,11.59796619,11.52447376,11.31041065,11.51938844,11.09374922,10.68080466,10.36119262,11.478553999999999,11.8987433,11.73922503,12.22241851,10.98456081,11.14919971,11.00754081,11.57317474,11.56080534
Ga0242637_112738,10.01713256,10.03207184,10.04500427,9.883486467,9.820780708,9.75980319,9.621903165,9.655048974,9.522747546,9.672160797,9.546053029,9.700808323,9.71403464,9.784874589,9.589914039,9.550674897999999,9.538662624,9.720534092000001,10.62733475,11.13643851,11.00515393,11.55114432,11.59252323,11.60995571,9.565328963999999,9.698188607999999,9.393015465,9.515459282,9.733807552,9.52524711,9.490352536,9.540486982000001,9.453715102,9.271098356,9.004774075,9.208393856,9.201479492999999,9.093848223,9.077662289,8.710581142,9.084855253999999,9.098942491,8.88518601,9.246815214,9.38508162,9.408668325,9.116317246,8.633454987999999
Ga0242637_112739,9.858500532,9.876708499,9.896868016,9.807754892,9.753006181,9.814370958,9.719695447000001,9.66803125,9.859942048999999,9.418527612,9.832188381,9.872176421,9.828726292999999,9.936233854,9.882566673,10.22739953,10.15150441,10.12388607,10.73532953,11.16267632,11.04478082,11.1725462,11.26915895,11.14014459,10.223282300000001,10.38458884,9.786778757999999,10.01033114,9.954740485,9.938328373,9.776046424,9.706189885,9.71779838,9.625907405,9.471593292,9.722229715,9.070962694,9.146530239,9.128599111,10.28323329,9.2883696,9.571963725,9.223869783,9.447760646,9.297075261,9.308895524,10.3223666,10.25187239
Ga0242637_11274,2.493146696,2.686586935,2.4500833419999997,3.285877101,3.1258350760000004,2.426167481,3.017944431,2.8930991230000003,2.802740674,2.7737677119999997,2.58606159,2.545388166,2.4697179680000003,2.350359106,2.392844266,3.892319216,3.979426665,4.291204563,4.476506155,3.942535777,3.64741757,3.9332210489999997,4.470928413999999,4.577747215,4.159436799,3.824681115,4.373513282,2.7970937510000002,2.905376211,3.209420395,3.406639872,3.0217587530000003,3.278155795,3.416535432,3.176288832,3.840785215,5.540984152,5.162995195,4.363716926,7.3493017929999995,3.5755614760000003,3.775076592,3.283209092,3.991601604,3.712631568,2.9136076980000003,6.773487642999999,7.382624555
Ga0242637_112740,9.491073807000001,9.560394205,9.380942936,9.54134183,9.312488973999999,9.361319557,9.224624893,8.993271817,9.132322446,9.08782123,8.799559265,8.804132096,9.101940863,9.534206996,9.49634308,8.877562989,9.018692684,9.156667491,8.657846147999999,8.345574697,8.646627833,8.071636004,7.947402348,8.177029082999999,9.247411975,9.418013636,9.394957264,9.242534569,9.366022024,9.396469651,8.550112992999999,8.703624662000001,8.783957697,8.634331513,8.535728504,8.278303145,8.217900238,8.251726348,8.638370782,7.817750045,8.789427663,8.835389235,8.588112741,8.937377872,8.684530636,8.836442468,8.027682759,7.8709780060000005
Ga0242637_112741,8.264241764,8.107379642,7.968219153,8.242159935,8.146897722,8.30821315,8.084564646,8.184742846,8.10212541,8.345169131,7.6201513279999995,7.7388354370000005,7.8094552639999995,7.956670442999999,8.039559032,7.743119732,7.482506797999999,7.569869951,6.904664781,6.874265449,6.998144841,6.517819203999999,6.556467632,6.32397988,8.563839009,8.462933048,8.092614437,8.105263121,8.100136022000001,7.9717510339999995,8.227590877,8.150544724,8.159896506,7.534309317999999,7.601350506,7.6286027579999995,7.790137228,7.617663192,8.059457144,7.161458017999999,8.00333294,8.075760425,7.7621471589999995,7.52778539,7.637941192,7.915202394,6.855823241,7.332287833
Ga0242637_112742,9.057981515,9.241009111,9.110335761,9.131549217,9.106408681,9.201380696000001,9.000833949,8.923528467999999,9.113319343999999,8.980694984,8.732089845,8.810695487,8.817089641,9.133419226000001,8.963552692,8.322926763,8.306288505,8.359572875,8.008824996,7.634118621,7.61288418,6.574910802000001,6.580665552999999,6.787850294,8.998641272999999,9.006675805,9.217606842999999,8.902904805,9.027727146,8.689946955,8.904800219,8.896124081,9.041064512,8.341387324,8.269711238,8.35378464,8.12695937,8.020352377,8.355624361,7.244976904,8.626579847999999,8.8991241,8.906009959,9.038408544,8.659079767,9.077847868,7.036116594,7.407148741
Ga0242637_112743,6.862502719,6.600966907,6.638363267000001,6.02843345,6.244424424,6.199224652000001,6.554556521,6.403232152999999,6.2556058189999995,6.7069035889999995,6.68393407,6.664694803,6.18631923,6.178834235,6.234820047,6.2443583579999995,6.0773473860000005,5.92787885,6.036445229,6.05739422,6.366830345,5.865819405,5.581806815,5.680529589,6.673955573,6.048000407000001,6.756313597999999,6.551432674,6.775771787,6.723795598,7.352450225,6.984569414,6.801082084,6.574216312000001,6.565027485,6.8687259229999995,5.751330366,5.560550526,5.901816212999999,5.12479833,5.479739868999999,6.3927792210000005,5.620042009,6.549743234,6.228573506,6.402941922,5.493680967,4.639364039
Ga0242637_112744,10.82043646,10.93419925,10.91292274,11.07201356,11.05769097,11.04549678,10.96348332,10.96627045,10.99104284,10.98964548,10.65227805,10.67976584,10.68663938,10.69888411,10.60067283,10.50377088,10.31935312,10.36839182,9.964331589,10.09580314,9.975030577,9.79111376,9.839587165,9.840871653999999,10.35820301,10.34550908,10.45344563,10.35030722,10.39260371,10.2742509,10.27225249,10.17918534,10.40638619,10.32507444,9.766555638,9.876431163,10.152247599999999,10.06981355,10.17883268,9.117336975,11.09861825,11.01445644,11.004136599999999,10.38060891,10.40097244,10.40710359,9.430035021,9.256490292
Ga0242637_112745,7.918869827000001,7.808117826,7.851083455,8.306470067000001,8.491624855,8.394847282999999,8.620527139,8.621094165,8.668771719,8.019168194,8.645097149,8.112717627,7.994029372000001,8.036783434,7.719640401,8.789136133,9.033348108,9.03647495,9.051326449,9.360101002999999,9.286330385,10.30658766,10.12075768,9.914339399,8.41610039,8.319036425,8.530886061,8.027100781,8.172762436000001,8.336379126,7.883115257,7.874740337,7.989039313999999,8.283476941,8.145165492,8.001518118,8.990712412,8.861475172999999,8.794650972000001,9.234303195,8.92673738,8.275105438999999,9.162889657000001,8.311658021,8.633171772,8.39885456,9.312602323,9.366839796
Ga0242637_112746,5.082054823,4.2559482730000004,5.176150348,5.308440455,5.403623422000001,5.2653818569999995,5.216699757,5.0624516139999995,5.006240364,5.39231923,5.787107708,5.3988349929999995,6.169799106,5.168979453,5.409213908,6.67724492,6.203932956,6.260199411,6.780970931000001,7.502421046,7.679989496,7.566755489,7.316156717,7.677829287000001,5.410032329,5.238446731,5.289095496,5.291771675,4.8834896080000005,5.6184418439999995,4.551085283,4.622854853,4.391441637,5.151242104,5.582545822,5.5188111179999995,6.243220588,6.172248402999999,5.420503095,6.019942892,5.20761762,6.071026256000001,6.337962407000001,5.007333227,6.193474781,5.8969019629999995,6.037371072999999,5.929396152000001
Ga0242637_112747,5.787389618,5.35580836,5.144354881,5.475407059,5.346669737,5.2653818569999995,5.689287742,5.587854455,5.7385843329999995,4.326727,2.911501305,4.624800024,3.8339313660000003,4.833769529,4.661434729,4.281559972,3.891911795,4.511487832,4.206860836000001,5.161685736,4.790629011,6.298008836,7.180350701,6.2038558429999995,4.525876352,4.918013547,5.255024951,6.357187197999999,7.220288616,6.350616533999999,3.821877488,4.872372338,4.790327679,5.179993123,4.957334987,5.227094827,3.19781202,1.764951351,3.149291978,3.042219942,6.372055156,6.779367945,5.303788803,3.570185443,3.190463246,4.061967078,3.442297762,1.764951351
Ga0242637_112748,6.240849865,6.153829545,6.391947107000001,6.131679505,5.726947847000001,6.04865022,6.411363121,6.129989577000001,6.166041382,5.093771919,3.795137545,5.129307492,5.003764776000001,5.458683587,5.1661135410000005,4.904869941,4.918637849,5.152783744,5.169295709,5.540133262,5.695750143,6.783010875,7.63752881,6.1066750260000005,5.911134035,5.475604103999999,5.4481850220000005,7.10217414,7.871191258,6.868039982999999,4.742474206,4.960939729,5.354349848,5.091927392,5.076266476,5.679052574,3.19781202,2.910528862,3.551058527,3.7022288089999997,6.57036743,6.939624022,5.620042009,4.701851081,4.079391123,4.252354428,3.908340615,3.310755737
Ga0242637_112749,5.641014178,6.094336532000001,5.918747099,5.562710944,5.092846127,5.209362156,5.76393575,5.543225295,5.880705882999999,3.570748818,3.152346767,3.82092602,4.7577086710000005,4.9722799339999995,4.904735846,3.7318454780000003,4.470061133,4.511487832,3.409865375,3.942535777,3.8028251330000002,4.927376411,5.581806815,4.845648752,5.546235165,5.42621131,5.322368268,6.6975096679999995,7.866589133,6.698284781,4.498806175,4.676454802,4.605178942,3.781920535,5.185963425,4.946659565,3.19781202,1.764951351,3.551058527,2.682367728,5.20761762,5.92514813,4.75442959,4.1281220880000005,2.792585865,3.6667322610000004,3.2361992219999998,2.685057094
Ga0242637_11275,3.698529345,3.425456982,4.092030704,4.373715198,4.384900493,3.9538468489999996,4.669329099,4.742600255,4.51177886,4.261120417,5.873434585,4.624800024,4.216089736,3.2570464360000004,4.366319211,6.4284771339999995,5.355301328,5.276034084,5.632178636,5.048901257,5.314116753,6.078487558,6.580665552999999,6.7668268760000005,5.017445148,5.118838335,5.289095496,4.90724903,4.551631663,4.578634773,4.551085283,4.013713061,4.833019414,4.450525224,5.804121743,4.766360622,5.934684068999999,7.105083786000001,5.704960286,8.459965174,5.082266081,5.7279088929999995,5.536607461,4.365453725,4.603319646,4.470605637,7.6846872479999995,8.748246885
Ga0242637_112750,6.851486391,6.924651892999999,6.757825577999999,6.559340431,6.705140522000001,6.649608346,6.684780805,6.744944145,6.566703287,5.736265317999999,3.795137545,5.532647821,5.3956414189999995,5.791228097,6.003786646,5.105299126,4.960642513,5.468932242999999,4.834070366000001,4.182356513999999,4.384474106,5.0133739969999995,5.259079827,5.138108701,6.234237257999999,6.20213732,5.971645017999999,7.708157073,8.598917886,7.421535476,5.290825408,4.917352993,5.842181737000001,4.711795822,5.150333711,5.59225673,5.934684068999999,5.754864724,5.170885915,5.9215911729999995,6.660134217,6.540188594,5.536607461,5.421062803,5.211812222,5.138789554,5.317895342,5.995746939
Ga0242637_112751,10.80125869,10.94683857,11.29026199,11.8247377,11.75504681,11.66647909,11.28630346,11.232776699999999,11.26945882,6.7069035889999995,9.379665359,8.614592399,10.50391214,10.39042813,10.06274395,11.43748467,11.24014153,11.056955,10.49715953,10.48061846,10.48821481,10.03158173,10.00498196,10.23040941,8.906014163,8.829181156,8.48056731,10.89028827,10.96602563,11.17246919,9.414738867999999,9.398967378,9.291615711,7.85465798,7.272161968,9.279243007,11.45131318,11.55219858,11.66708469,12.02964268,9.186430842,8.116554507,7.7157140779999995,8.762411101,8.922381377,8.677497416,12.35919481,12.11569581
Ga0242637_112752,9.623142838,9.934966099999999,10.14292669,10.84350676,10.8602649,10.59791852,10.22715537,10.19663825,10.29781886,4.852780008,7.905253748,6.988161845,9.751903439,9.485941526,9.365141134,10.24500205,10.0349705,9.938575595,9.402710714,9.176237042999999,9.331741962,8.866297938999999,8.731082485,9.188056914,6.625799302999999,6.661163172,7.21804235,8.900166914,9.352922455,9.327496741000001,7.768969326000001,7.775732533999999,7.932118471,6.856325821,4.998102894,7.882755691,10.05200788,10.03918198,10.34723573,10.66802032,7.771482248,6.90896764,6.522144706000001,7.700450825,7.515619491,7.652929222000001,11.02609476,10.71771457
Ga0242637_112753,8.387486665,8.435024155,9.085661381,9.446075645,9.436278481,9.196029462,8.735834909,9.025910338,8.962207956,5.5345733479999994,7.386511342,6.929020851000001,8.458404978999999,7.789135621000001,7.588488816,9.510485615,8.971276503,8.869405822000001,8.743115649,8.870065435,8.818114341,8.333617555,8.105694082000001,8.516033857,5.740284804,5.911538587999999,6.129644375,7.394586964,7.786018563,7.8145619779999995,7.60926127,7.267909394,7.2983211379999995,7.061803577999999,5.892566548,7.8270816110000005,9.408692287000001,9.257138675,8.957857778,8.598665444,6.744630009,6.7275943510000005,6.58555591,6.805597266,7.301956592000001,6.854123116,9.312602323,8.776748635
Ga0242637_112754,7.0857142810000004,7.399698107000001,7.583710129,8.171398513,8.083379308,7.928286234,7.453175558,7.409146036,7.659997958,5.33118652,6.006675467000001,5.712434593999999,7.727333674,7.410368321,7.394579961,8.406651496,8.310305826,8.373327575,8.640170262,8.914576148,8.839233403,8.444867445,8.773636449,8.957232348,6.297136007000001,6.231074587,6.643113826,7.470399041,7.357845273,7.541077971,6.541974993999999,6.35275835,6.268164852999999,6.552560966000001,5.9348228039999995,7.015497291,8.368406927999999,8.523676079,8.789154878,7.9563160239999995,6.593339468,6.618102637000001,6.097926172999999,6.8250000129999995,6.863048794,6.253235265,8.373221867,8.045118957
Ga0242637_112755,8.379845405,8.419992228,8.436702153999999,8.535696368,8.514279971,8.658779478,8.30910648,8.492706202,8.525183217,8.098751741000001,8.270190135,7.9557382610000005,8.575671822,8.645596979,8.45703662,8.26887904,8.353773275,8.321056823,8.049570958,8.215761968999999,8.214001377999999,7.713664007999999,7.614296792999999,8.034903358,8.118739089,7.807843404,7.988424824,7.879212257000001,8.080400002000001,7.939480076000001,8.091748062,8.098479131,8.188530243999999,8.167310069,8.066821086000001,8.141984516,8.533293443,8.129083718,8.424601709,8.177856802,9.343541287,9.043612095,9.316996411,8.315089842,8.586681998,8.421327364,8.195058469,8.228265503
Ga0242637_112756,4.585211685,4.363461633,4.284017681,3.9748242310000004,3.629237593,4.376496604,4.149254746,3.956726771,4.177226698,3.874070482,4.218583159,4.116088736,4.280950425,4.2664301039999994,4.268871987,4.163986673999999,4.281103862,3.4955664389999996,3.8692144980000003,4.182356513999999,4.642114564,5.442018557999999,5.719373603999999,5.8900235279999995,4.354923841000001,3.652763928,4.2374047710000005,4.666762687,4.503972568,4.6882346880000005,4.328871157,4.174672094,4.332374654,4.401735515,4.827425965,4.315702191000001,5.422921493,5.560550526,4.363716926,4.632733889,4.7922398369999994,5.067434938,4.510207018,4.251984307,4.079391123,3.8395838010000003,4.145636678,4.359912367
Ga0242637_112757,4.140753994,3.942239546,3.49008882,3.497605637,3.404506301,3.5378787089999997,3.824625541,3.324328978,3.618475267,3.780802703,3.795137545,3.82092602,3.416771273,3.2570464360000004,3.547885515,3.3312073310000003,3.6967962130000003,3.601460762,3.8692144980000003,3.942535777,3.469757717,4.51831327,4.840645444,4.475591067,3.844348227,4.045959163,3.0152714460000003,3.350872453,3.5583942139999998,4.259162309,3.821877488,4.174672094,3.733234295,3.6127142039999995,4.058751566000001,4.40180063,4.090071432,4.608026708,3.551058527,3.042219942,2.713663973,4.754924248,4.097700825,3.6664255989999996,3.4799555860000004,3.5704800810000004,4.145636678,3.707348591
Ga0242637_112758,8.790454587000001,8.772189065,8.433446371,7.979604817999999,7.812737543,7.848662237,7.97927594,7.73951431,7.767247445,7.4902133420000006,6.90445196,7.0111547629999995,8.09353062,8.306121457,8.402309047000001,6.815744047000001,6.709488375,6.517562999,6.476448887999999,6.272086056,6.343331071000001,6.708453757999999,6.650909872000001,6.849139407000001,8.573381777,8.723910753,8.280814023,8.400889675,8.357925007999999,8.298716091000001,8.18776053,8.428728838,8.048269402999999,7.650881547000001,7.534418532,7.438563733,6.943631749,6.697321291000001,6.720557178,6.500226678,6.86274643,7.4459230860000005,7.524226103999999,7.580079252000001,7.381948963999999,7.398352187,6.17221836,6.059163999
Ga0242637_112759,3.79986984,4.139153812,3.5957216260000004,2.669405787,3.1258350760000004,2.426167481,3.017944431,3.19900412,3.2040458910000003,2.7737677119999997,3.3486969460000005,3.5782764410000003,3.642811276,3.43792384,3.7126032810000003,3.063272146,2.783394397,3.2503850360000004,1.764951351,3.4707135389999997,3.64741757,4.105023658,3.1110896560000003,3.967222743,3.752046685,3.0702452019999997,3.0152714460000003,3.486982523,4.113784807,3.0280757019999998,4.202547268,4.622854853,3.278155795,3.8587559139999996,3.7955693239999997,3.5571700739999996,1.764951351,2.910528862,3.6595699839999996,1.764951351,1.764951351,2.640110246,3.022421094,3.224071216,3.190463246,2.9136076980000003,2.9824992530000003,3.045854701
Ga0242637_11276,3.1795039910000003,3.188618776,3.0999819539999995,2.8641280410000003,3.1258350760000004,2.6922148339999996,3.277942678,3.54034049,3.2040458910000003,3.450563658,3.6635147669999997,4.024865287,3.7419712460000003,2.913262576,3.632975974,4.4900135830000005,4.138748662,4.028070049,3.5826343030000003,3.803921163,3.8028251330000002,4.105023658,4.109167166000001,4.7619335519999995,4.227785699,4.4528408719999995,4.30716112,3.196494403,3.34059104,3.625076574,3.127659418,3.8303429139999996,3.129829243,3.51860132,4.058751566000001,3.840785215,5.29418298,5.754864724,4.4232196539999995,7.336666713,4.425862026,4.442236701000001,3.6742944960000004,3.224071216,3.9089009,3.466003933,6.222800831,7.065773967
Ga0242637_112760,5.61509253,5.500861604,5.71854615,5.060162934,4.867262772,4.77845092,4.953460831,4.963699583,5.236456361,6.1951246,6.460998303999999,6.462545639,5.146769223,5.715059651,5.516779643,6.452955864,6.254945379,6.625069077999999,7.541038381,7.634118621,7.413228318,7.087508715,7.5906842999999995,7.446365815,4.979232842,5.546626726,5.10991984,4.815949237,4.503972568,5.056780545,6.294039204,6.199132313,6.313517332000001,6.39109574,6.363579272000001,6.298416699,4.818200909,5.162995195,5.100962576000001,6.522732535,5.7081519489999994,5.7279088929999995,5.447991032000001,5.656840735,5.409254872000001,5.369290538,6.3189180579999995,6.1198970479999995
Ga0242637_112761,2.493146696,1.764951351,2.4500833419999997,3.024689424,1.764951351,1.764951351,1.764951351,2.4271808669999997,1.764951351,2.7737677119999997,2.911501305,1.764951351,1.764951351,1.764951351,2.392844266,1.764951351,2.783394397,1.764951351,1.764951351,1.764951351,2.653701924,3.9332210489999997,2.733434557,3.1138557000000002,1.764951351,1.764951351,2.501599896,3.0165719139999996,2.7038793560000003,1.764951351,2.4650293580000002,2.505573503,2.747370773,1.764951351,2.78199892,3.186048711,3.19781202,2.910528862,2.974604675,1.764951351,3.084464068,1.764951351,3.022421094,2.439497919,1.764951351,2.4396198080000002,1.764951351,3.310755737
Ga0242637_112762,1.764951351,1.764951351,2.4500833419999997,1.764951351,2.4640428340000002,1.764951351,1.764951351,1.764951351,1.764951351,1.764951351,2.58606159,1.764951351,1.764951351,1.764951351,1.764951351,2.697953195,1.764951351,2.452468344,2.620112537,3.00415308,2.653701924,2.8057856639999996,3.3872535110000004,3.1138557000000002,1.764951351,1.764951351,2.501599896,2.7970937510000002,2.434624694,2.509444961,2.4650293580000002,2.80145218,2.747370773,3.040752658,2.78199892,2.3645287759999998,1.764951351,1.764951351,1.764951351,2.682367728,1.764951351,4.03641017,1.764951351,1.764951351,1.764951351,1.764951351,1.764951351,2.685057094
Ga0242637_112763,4.832996613,4.97911512,4.452168233,3.677498875,3.629237593,3.720956082,3.8963039360000002,4.379729396,4.099120538,5.017927646,4.858901346000001,5.46731071,5.077074477,4.613495265,4.500591236,5.6217700520000005,5.189379758,5.276034084,6.435986131,7.115364884,6.888874919,6.87677085,7.358723352999999,6.7238361179999995,3.143822338,3.5570608089999998,4.08603391,4.005455174,3.977831842,4.106914192,5.614698535,5.197488063,4.833019414,5.3156082389999995,4.135963082,5.40102619,4.615431697,4.737982187,4.01929759,5.064189077,4.068024151,4.351588736,4.5964761439999995,4.51974777,4.7081409160000005,4.824748111,5.317895342,5.669500702000001
Ga0242637_112764,7.1855633260000005,6.991294871,6.934167344,7.496844785,7.35566029,7.423270126,7.878297405,7.674080546,7.724047543999999,8.19987723,7.366867463999999,7.044970404,7.274353049,7.376276504,7.163903474,8.191093176,8.458845464,8.565305651000001,9.047979072999999,9.209096395,9.130589758,8.796094931,9.141733682,9.148005199,7.49857432,7.74414678,7.360053175,6.419796252,6.609303126,6.334135596,8.091748062,7.919080107,8.030302472999999,7.358440016,7.0214645120000005,7.8041958629999995,7.904079276,8.032846436,7.950413536,8.177856802,9.750571314,9.17171448,9.570191165,8.212093932,8.044082042000001,8.093717782999999,8.475644067000001,8.58592628
Ga0242637_112765,6.840385147999999,6.590251801,6.638363267000001,7.04764284,6.904669838999999,6.9072941629999995,7.098200789,7.05295318,6.822350273,7.389536784,6.876928753,6.789674332000001,6.965889604,6.981952045,6.84873645,7.672008443999999,7.910705882999999,7.7546553529999995,7.703073711,7.544239417999999,7.64202684,6.427695064,6.802598221,7.01875812,6.943145902,6.831273417,6.491455609,6.151119556,6.28947145,5.99969934,6.94729695,6.818830758,7.122856045,6.999183306,6.5783923589999995,7.166749823,7.215019439,7.650468439,7.549951694,7.67451439,8.880850671000001,8.417940824,8.613656797,7.331590801,7.637941192,7.5400830260000005,7.962333384,7.568043933999999
Ga0242637_112766,6.080026936,6.443167615,6.431709405,6.379433235,6.52541314,6.649608346,6.616127077000001,6.522563167,6.388223061000001,7.2322993229999994,6.515595442,6.679129400000001,7.40690909,6.398865263999999,6.665502854,7.661557234,7.718503021,7.656808442000001,7.659859696,7.544239417999999,7.233404254,7.43432001,7.047854924,7.459520327999999,7.092291181,6.949020531,7.164381771,6.38883245,6.0338128410000005,6.120041651,7.057544569,7.095034236,7.008148782,7.158091777,6.811255417000001,7.477664401,7.925825862999999,8.045233187000001,7.510405911,8.418613498,8.011874528,7.938395996000001,7.290733500000001,7.211465155,7.61164133,7.248354859,8.195058469,8.659198464
Ga0242637_112767,9.832146857,9.783484551,9.832827476,9.963439396,9.84140348,9.735418742,9.853381618,9.744789171,9.899301761,9.95976721,10.31198328,10.01542336,9.769788022,9.787655358,9.821311937,10.44558426,10.51303396,10.54206795,10.69737603,11.05111432,11.00141177,10.72861919,10.85544316,10.71186026,9.848128973,10.02112485,9.615832151000001,9.543801972,9.504255536,9.394487406,9.458908812999999,9.420329881,9.440172702,9.486013067,9.276566071,9.396064668,9.498487753,9.613786678,9.757133523,9.75929762,9.69597082,9.65507094,9.714103113,9.758722582,9.567131761,9.67225444,9.759851699,9.697656772
Ga0242637_112768,11.0639746,10.17411134,12.64615194,12.37049033,11.74652997,12.23779752,11.77302995,12.19508506,12.81549239,10.97110828,11.39793643,11.641779099999999,11.94208453,12.18923756,12.29035017,11.36125081,10.87624569,10.71405285,10.61607697,10.71600744,10.98539838,9.214641884,9.220751091,9.029556702,11.31898564,10.68252494,10.98188302,12.13537082,12.09599957,11.99273756,10.78588013,10.73251098,11.06948939,10.44510943,10.51675497,11.53568565,11.182219300000002,10.9063108,10.41303053,9.778102446,10.82944791,11.12019804,11.0581574,12.55164447,12.48334022,12.1407069,9.79988384,10.08906505
Ga0242637_112769,6.354566335,6.305766856,6.3648146510000005,6.671147541,7.105709412,7.254993272999999,7.407510908,7.196135551,7.271486023,6.832822792999999,7.119325861,6.635383967,6.936936395,6.8813272439999995,6.693150564,8.161733969,8.310305826,8.349170083999999,8.480478817,8.763485819,8.572895104,9.159790143,9.062432991,8.984780647000001,6.588594352,6.859312715,7.040772171,6.659117934,6.494549028,6.283527792999999,7.4567056229999995,7.669422381,7.205269395,7.248347204,7.011651608999999,7.487276082,8.286737634,8.478723686,8.333138444,8.828035495,8.975582061,8.676232008,8.994224138,7.928196592999999,7.877505654,7.737249529,8.889054414,9.042352091
Ga0242637_11277,3.981339932,3.710259249,3.5957216260000004,3.677498875,3.9848634689999995,3.4349120319999997,3.277942678,3.8060999410000003,3.3591003539999997,2.9887932989999997,4.218583159,3.82092602,4.280950425,4.026822059,3.547885515,4.753392565,4.687392958,4.745062231,4.302796251,3.942535777,4.066657595,4.632374016,4.470928413999999,4.924648265,5.227274716,5.179903711000001,5.4481850220000005,4.55761586,3.977831842,4.259162309,3.7303142510000002,3.925246862,4.50244731,4.351143767,5.076266476,4.918171513,4.818200909,6.342794463,5.704960286,7.862499014,4.7092957680000005,4.754924248,4.75442959,4.191477412,4.230481,4.36583428,6.963715988,7.8709780060000005
Ga0242637_112770,6.18921751,6.182676609,6.323131073,6.403191293,6.008895385,6.184858116,6.303155516,6.339635747000001,6.306781677999999,6.386673471,6.15177356,6.303844391,6.066476507999999,6.349449861,6.247318942000001,6.127484201000001,6.336137352000001,6.414753826,6.351476382,6.7001160639999995,6.54216127,6.298008836,5.762437974,6.352505232,6.250221922000001,6.3145460710000005,5.535755054,6.113706635,5.722500414,6.02047032,5.795880545,6.199132313,5.9611066070000005,6.063511547,5.913850367,5.882792081,6.018255341000001,5.560550526,6.056641552,5.778988445,7.105667307999999,7.042057949,6.900079306,6.2670219220000005,6.1205945879999994,6.238819485,6.119789277000001,5.823730594
Ga0242637_112771,6.771918211,7.167324336,6.943358729,6.962338462000001,6.904669838999999,6.760212871,7.2991478679999995,7.463789958,7.346666646,6.682777196,6.61894186,6.495554635,6.946652267999999,6.802794400000001,6.93615299,7.120624715,7.5176864629999995,7.775526012,8.089197314,8.266601503,8.531973594,8.759669214,7.726885338,8.144825772,6.563245716,6.61803693,6.520245445,5.953466869,6.017256918999999,6.266254644,6.928073273,7.3101549839999995,7.164651779,6.4969522820000005,6.348050076,6.637788707,7.284016434,6.929023064,7.04982092,6.691129736000001,6.936430594,7.346513211,7.388713487,7.255014771,7.366301684,7.112840309,6.387010023999999,6.234161219
Ga0242637_112772,6.400676749,6.406977727999999,6.4185770810000005,6.414924732,6.180978051,6.125910317000001,6.645951942000001,6.66422593,6.934949771,6.261851396,5.901091802000001,6.51177938,6.371028016,6.329198133999999,6.466221329,6.523987701,6.647264568,7.024545734,7.210544355,8.156340113999999,7.726079061,8.308619469,6.843156365,7.596812094,6.027107316,6.015082574,5.863257924,5.9321173179999995,6.1748033079999995,6.061131447999999,7.0924955370000005,7.045870187,6.758027362000001,6.289977678,6.316479206,6.502016571,6.554101254,6.421034542999999,6.426579632,6.253374702,6.172806286,6.709914332,6.455809351,6.549743234,7.031299627999999,6.651586792000001,5.979672646,5.89503271
Ga0242637_112773,7.131959527999999,6.80004919,7.057798116,7.677951348,7.652714661,7.573940835,7.746978247,7.616295432,7.508194229,7.273245809,7.232209659,6.976526291,7.162104601,6.981952045,6.928421666,8.045985893,8.13113092,8.090682693,8.350640063,8.599663819,8.78366724,10.19507988,10.36816579,9.736705817999999,6.8308467,7.159063187999999,7.10864552,6.98295477,7.269940597000001,7.221290778999999,7.9176181329999995,7.6563839279999995,7.583538408,7.472286896,7.767932094,7.823292453,8.108062281,8.759930833,8.271403657999999,9.300835998,8.417491822,8.256974303,8.412957971,7.521856122999999,7.701665685,7.72697523,9.187935743999999,9.62113491
Ga0242637_112774,3.1795039910000003,3.710259249,3.49008882,3.677498875,3.629237593,2.891426793,3.388118941,2.693612905,3.495777414,3.780802703,3.6635147669999997,4.116088736,3.28524747,3.518874686,3.456396836,3.3312073310000003,3.3308858669999997,3.4955664389999996,3.991602028,3.648450477,4.066657595,5.171091359,4.840645444,4.845648752,3.2934309839999996,4.045959163,3.4852798330000003,3.609195169,4.237162325,3.8398030480000003,3.821877488,3.35722349,4.205940684,4.065284571,4.208962548,4.018654177,3.19781202,2.910528862,3.431922531,3.306485327,3.35606442,4.149880037,3.6742944960000004,3.0803301339999996,2.792585865,3.5704800810000004,2.9824992530000003,3.310755737
Ga0242637_112775,6.571620065,6.568579232,7.057798116,7.2960250570000005,7.236096697000001,7.295606464,7.4362203739999995,7.4815538120000005,7.599815156,7.257006541,7.603463491,7.28080828,7.364064036,7.158572179,7.08265683,8.549506304,8.483959674,8.556289981,9.596173724,10.27563408,10.29233711,11.66137451,11.61609877,11.20988967,7.626344414,7.016969696,7.4299291279999995,6.993275294,7.428255544,7.099961851000001,7.633188597999999,7.414527809,7.371523435,7.73010765,7.7084557479999996,7.6629317310000005,8.602433012999999,8.460342999,8.392339025,9.336161959,8.275748923,7.844374008,8.551573637999999,8.044410362,8.360621083,7.9858379610000005,9.262211925,9.58935229
Ga0242637_112776,8.025565946,7.880192209,8.185076534,8.003081674,7.721097597999999,7.735159291,7.79652799,8.028401422,7.976291947999999,8.318040707,8.411078706,7.990844912000001,7.97517687,7.936762485,7.896396437999999,8.241076225,8.126581377,8.159775565,8.278203034,8.681559496,8.660932668,10.63117653,10.309725,10.08526097,8.22750762,8.159176813,8.048880055,8.241295386000001,8.138815876,8.089170202,7.725114535,7.805564697,7.773745964,8.276896548,8.042944727,7.981258144,8.602433012999999,8.394100917000001,8.139392551,8.809873674,7.7512182,8.019508894,8.159078377,8.269826349,8.620041163,8.06137512,8.706007567999999,8.738619769
Ga0242637_112777,7.653266805,7.223837178999999,7.87047637,7.592821366,7.243867138,7.322059779,7.556161744,7.326369027999999,7.551205359,8.13473563,8.685290739,8.292293947000001,7.8253329229999995,7.508057843,7.388959426,8.045985893,8.070837138,7.973653685,8.683960378,9.669642592,9.387284294,11.10761143,11.00914543,10.463652900000001,7.709490893,7.698340752000001,7.6079427189999995,7.757406822,7.609967865,7.703640035,8.203824901,8.069267031,7.897846647000001,8.66741019,8.928647648,8.845342037,8.286737634,7.650468439,7.632085278,7.1470552089999995,7.445482586000001,7.663465197000001,7.859323609,7.976678742000001,8.652646262000001,8.002969217999999,7.729024551,7.600303615
Ga0242637_112778,8.134023305,7.794193454,7.791289034,7.358048148,7.411917569,7.720322026,7.778706276,7.802107253,7.855677999,8.121346659,8.352374536000001,7.825663512999999,7.698886552,7.892662004,7.59338412,8.029826422000001,8.338118073,8.519653013,9.020916709,9.30340901,9.174456762,11.01664789,10.92787874,10.47987687,7.977326516000001,7.836318997,8.023997613999999,7.590780566,7.819741592000001,7.861248282000001,8.281567734,8.605301884,8.308919234,8.306274734,8.322231561,8.340592266,8.602433012999999,8.364752917999999,8.520594127,7.997022684,7.482835688,7.498325509,7.534964231,8.332127527,8.211017903,8.144775187999999,8.182360432000001,8.068364611
Ga0242637_112779,2.7843994210000003,3.0479219410000002,3.0999819539999995,2.669405787,3.273794517,2.891426793,3.017944431,3.437259219,2.802740674,3.874070482,3.152346767,2.545388166,3.136324976,2.7656934210000004,3.1287230089999998,3.7318454780000003,2.492414675,2.934755081,3.8692144980000003,4.47713225,3.2608517239999997,8.204055322,7.400068956,7.307763969,3.2934309839999996,3.0702452019999997,3.0152714460000003,3.486982523,3.6541520239999996,3.209420395,3.6315993030000002,4.7778405589999995,2.957319384,4.711795822,5.582545822,4.521587941,1.764951351,3.347410348,2.476742168,3.7022288089999997,3.5755614760000003,4.254488025,3.4946380269999997,3.351217807,3.712631568,3.080556652,4.250125233,3.310755737
Ga0242637_11278,4.472236948,3.79233372,4.159119162,4.422193692,4.598331827,4.0230464239999995,4.502119858,4.742600255,4.321039304,4.808272022,5.25404949,4.3575869030000005,4.342851821,4.2664301039999994,4.698894265,5.386834068,4.918637849,5.120220928999999,4.555764506,4.287870375,4.384474106,4.835778512,5.429562132999999,5.587314472,5.740284804,5.451121643,5.563790148,5.291771675,4.503972568,5.2461741669999995,4.444466537,5.122949492,4.066401976,5.3412443,5.113784613,5.2500364930000005,6.243220588,6.5998232429999995,5.391594002000001,8.105243909,5.20761762,6.203436097000001,4.896326773999999,4.936962314,5.063055895,4.900834924,7.340513119,8.288891595
Ga0242637_112780,6.206635294,6.016325941,5.955637003,5.8320685789999995,5.287340617,5.627213106,5.7456356379999995,5.919686915,5.811407347,7.223968555,6.848869325,6.841918981,5.366813166,6.048552375,5.798018383,5.437019741,5.784770168,6.168321925,5.952760852999999,6.272086056,6.52137848,7.087508715,7.13208112,6.8289981410000005,6.4844049560000006,6.157608203,6.432087506,7.363109378,7.191128637,7.070450204,6.753400269,6.657935912,6.608481447999999,7.165238766,7.280356599,7.208031797,4.995296209,5.69298164,5.064661065,5.344228856,6.261601092,6.014442298,6.606086874,5.914696581,6.157496936,5.915170772000001,5.317895342,4.459495233999999
Ga0242637_112781,2.7843994210000003,3.0479219410000002,2.725182339,1.764951351,2.744398912,2.426167481,1.764951351,2.4271808669999997,3.3591003539999997,3.1652587430000003,1.764951351,2.545388166,2.7522056530000003,3.040961976,1.764951351,3.063272146,3.3308858669999997,3.1044040639999997,2.957841924,3.4707135389999997,3.469757717,3.9332210489999997,3.3872535110000004,3.613718618,2.9697458610000003,1.764951351,1.764951351,2.7970937510000002,1.764951351,3.0280757019999998,2.7457562139999996,2.80145218,3.409177202,3.180771594,3.584336313,2.7892875010000004,3.19781202,3.662028972,3.149291978,3.042219942,2.713663973,2.640110246,3.022421094,2.710597517,2.792585865,2.7107655210000003,3.2361992219999998,2.685057094
Ga0242637_112782,3.893771605,3.942239546,3.692998448,3.590839983,3.9848634689999995,3.5378787089999997,3.748712635,3.723610747,4.099120538,5.267307644,4.800700892,4.741270685,4.342851821,3.666205171,4.163871943999999,4.389752078,4.281103862,4.028070049,3.7340261939999997,4.5628060999999995,4.642114564,4.835778512,4.572983816,4.113428357,4.292841717,4.502186862,4.436793403,4.375801711,4.8834896080000005,4.459612024,4.786479382,5.044266382,4.605178942,5.3911709420000005,5.500333825,5.203776183,4.377864054,3.347410348,3.431922531,3.7022288089999997,3.761569239,4.254488025,3.4946380269999997,3.917653608,3.4799555860000004,3.7560954489999996,3.7713112289999997,2.685057094
Ga0242637_112783,4.412075361,3.3131841189999998,4.503928157,3.9748242310000004,3.727858533,4.088802371,4.4102561080000005,4.025988985,4.51177886,4.937774533,5.663258026,5.211674346000001,4.216089736,3.43792384,3.787498028,4.753392565,4.736800533,4.405768825,4.630727353,4.926323084,5.104939347,6.488400766,5.804244499,5.634681831,4.354923841000001,4.401657499,4.497285518,4.55761586,4.72740258,4.789837801,4.9879069110000005,5.400153078,4.953816253,5.794486489,5.892566548,5.610042742999999,4.377864054,4.3045167,3.938295756,4.791768251000001,4.068024151,5.2263368560000005,4.319533971,3.991601604,3.9089009,4.061967078,4.8834059430000005,4.941547642
Ga0242637_112785,8.589809834,8.386360002,8.611092641,7.971693496,7.94251354,7.9538796970000005,7.497438029,7.4815538120000005,7.551205359,9.270737424,9.401543958,9.27194764,9.248466663,8.991084367000001,8.73684352,8.566407986,8.126581377,8.191178968,8.538880347000001,8.681559496,9.001651724,8.333617555,8.154819309,8.320881511,9.345347045,9.473444294,9.243701415,8.977529143,9.278668079,9.00520606,8.415198673999999,8.173603511,8.039313917000001,10.26732844,9.871940007000001,10.07268496,8.755983544,8.105619707,8.139392551,8.69582166,7.482835688,7.7086422070000005,7.502506892,7.6027257310000005,8.024282216,7.685129923,8.411807627,8.445041446
Ga0242637_112786,10.20613108,10.50560209,10.27064185,10.40348147,10.29547604,10.52794622,10.52508201,10.408716199999999,10.46266355,10.92818733,10.74266032,10.39863097,10.18715199,10.47221423,10.39603142,11.00721297,11.0100687,11.23839618,11.59815481,11.74873047,11.61478866,11.93959245,12.20196924,11.92697341,10.68452185,10.89985755,10.68294259,10.27093728,10.25150261,10.31044456,10.52488646,10.52766062,10.38798846,10.53263416,10.46828476,10.44472947,10.48074212,10.42292202,10.74439061,11.41163746,10.58952705,10.47823929,10.93894956,10.6151197,9.8177049,10.37621581,11.16082717,11.27641072
Ga0242637_112787,9.447878749,9.4698807,9.375863966,10.19763248,10.21972056,10.13924714,10.13825144,9.991950302000001,9.961720044,10.09261007,10.54059749,9.752856525,9.777968255,9.677026523,9.716429193,10.71555238,10.74217172,10.76840994,10.23547798,10.06741265,10.06382961,9.598324723,10.01166358,9.923858382,9.697739323,9.774959453,9.8276065,8.998160058,8.810153545,8.973687522,9.065065035,9.10723426,9.266896935,10.07877453,9.657586074,9.636315095,10.58006614,10.70637442,10.37776459,11.4221365,11.96401291,11.35136708,12.301557800000001,9.72171031,9.445873973,9.697462101000001,11.21870805,11.34065866
Ga0242637_112788,11.46739208,11.453979400000001,11.44173895,11.50738826,11.45606204,11.39907521,11.61695745,11.63406209,11.68551568,11.11651403,11.51796446,11.48340566,11.52139485,11.55806142,11.54480574,11.506246800000001,11.63387553,11.61925815,11.71409308,11.76097047,11.76359793,11.32366298,11.52017423,11.51159111,11.40922327,11.42454715,11.36434007,11.4114384,11.42343644,11.37453031,11.68209598,11.55055708,11.73077445,11.19868483,11.079386099999999,11.39027188,11.29928227,11.23027228,11.17723789,11.05577753,11.748431300000002,11.82170937,11.796819500000002,11.96039362,12.04635215,11.95845619,11.03671401,11.03528869
Ga0242637_112789,8.991851423,9.143722221,9.138599063,8.989919627999999,8.9584939,8.881807809,8.853284354,8.813321369,8.883077063,9.000330377000001,8.773694809,8.846269857000001,9.178093927,9.203120587,9.083192743,8.948041259,8.919621502,8.78702605,8.231747931000001,7.491774135,7.632377921000001,6.92145699,6.739535199,6.869002875,8.965203471,9.03151219,8.97957197,8.921925908,9.048189553,8.941464924,8.792445126,8.830905824,8.810515827,8.476741273,8.545956727,8.67081549,8.827034865,8.451064069,8.659610319,8.184921005,8.118543228,8.522826065,8.226859048,9.234182602999999,9.242430508,9.152664074,8.322044822,8.135934714
Ga0242637_11279,9.159648103,9.055048425,9.083586003999999,9.857966709,9.683318697999999,9.721829507999999,9.748586743999999,9.795360696,9.673062287,9.508690324,9.367365661000001,9.276696214,9.620089545,9.344542915,9.370852862000001,10.88567238,10.92879324,11.11489756,11.82824883,11.31986242,11.51464494,10.28325528,10.15737306,10.67710314,9.563734092,9.241221381,9.614166171,8.636272503999999,8.527839752,8.575623046,10.14076354,10.28671855,9.913024659,9.861818366,9.553291441,9.969347792,10.77533766,10.8719595,10.63299205,10.89387007,11.10860611,10.73337088,10.95002067,10.26116596,10.32816014,10.22110154,10.74019265,10.95754531
Ga0242637_112790,7.419783434,7.567376857,7.5659753510000005,7.31491381,7.472688807999999,7.241197184,6.938752195,7.099724066,7.039382035,6.682777196,7.2749985310000005,6.802914262000001,7.628232422999999,7.366386035,7.301910534,7.251854761000001,7.308610488999999,7.418848173,7.492597141,7.736867595,7.864383717999999,8.230915579,7.984110162,8.095131105,6.981904535,6.859312715,7.020777669,7.194502378999999,7.642638922000001,7.2123119529999995,6.731384782999999,6.887431198,6.842886804,6.873886793,6.799894557000001,6.663471067000001,7.349860838,7.032246855,7.510405911,8.105243909,7.073373025,7.735084245,7.212613994,6.953958714,7.163949333,6.882188509,8.150117457,8.113761236
Ga0242637_112791,7.311449518,7.672610302000001,7.583710129,7.452047812000001,7.236096697000001,7.295606464,7.348317514,7.266143571000001,7.330295445,5.688446836000001,5.25404949,5.129307492,8.178390336,8.127390912000001,8.192542305,7.359248192000001,7.1914778429999995,7.133686531,6.261687055,5.734069421,5.837348212,5.910951122999999,5.804244499,5.850504926,7.614065048,7.493060356,7.903661616,8.022072076,8.238348729,8.184038327,7.04867273,7.414527809,7.468136756,7.640665052,7.534418532,7.372672412000001,8.31996229,8.174896694,8.406767158,9.604600758,9.636463469,9.428151734,8.365631698,7.796889059,7.501364735,7.563369917,9.247049937,9.765591139
Ga0242637_112792,6.675250136,7.2099153639999995,7.014851951,7.197679487,7.172377202000001,7.125799301,7.181970744,7.114982969,7.183078121,4.261120417,4.540104715,5.595124285,7.356797727999999,7.111971672999999,7.337363377999999,7.223707786,7.015559501,7.165670434,6.115517037,5.363454685,5.57952102,5.5023955010000005,4.572983816,4.672884133999999,6.820189791000001,6.743722994,6.990255798,7.417752127000001,7.626395929,7.65146294,6.8688132170000005,6.70938396,7.114349432000001,7.2280150679999995,6.888366787000001,6.905051952999999,8.108062281,7.956205005,8.290981128,9.326613076000001,10.12193328,9.722683266,9.017374956,7.204077205,7.051013781,7.283841689,9.005355519,9.306217288
Ga0242637_112793,8.260085344,8.53886308,8.561251261,8.394904177,8.501377793,8.545521102,8.274557191,8.241434738999999,8.373712536000001,6.1429633710000004,6.219170611,6.988161845,8.678302333,8.329211068,8.304223997000001,8.53240423,8.13113092,7.706561702999999,6.889771672,6.458832903999999,6.6797983279999995,5.910951122999999,5.482136618999999,6.002435286,8.153088311,7.629496705,8.263911741,8.393121005,8.893939684,8.883283183,8.052366402,8.122378555,7.979707157000001,8.064077142,8.414437116,8.028096145,9.321161479,9.262452597000001,9.433450637,10.35230801,10.85696389,10.52570237,10.06088253,8.358976015,8.279430421,8.133152117,10.08037946,10.52817117
Ga0242637_112794,11.49329333,11.65510962,11.72610369,11.32694542,11.46481112,11.24350341,10.76963685,10.89186353,11.1018383,9.202449636,8.669347444,9.635765667000001,11.92376904,11.59636435,11.54196074,11.15791457,10.71136598,10.37010766,9.305139177000001,8.886410496,9.236262015,7.7512620089999995,7.413591428999999,7.817184574,11.52151669,11.14809995,11.68512824,11.83169581,12.22539256,12.18159679,10.90794383,10.72628712,10.93233143,11.21297302,11.16039,11.26600326,11.56479014,11.44294573,11.41836406,12.69166641,13.42578244,13.14489047,13.07691404,11.19800036,11.73234276,11.26393277,12.46846781,13.03522807
Ga0242637_112796,10.84353496,10.78439594,11.0150007,11.39432667,11.25217035,11.27345062,10.82602641,10.83313837,10.88929299,9.931920666,11.45251852,11.063166,11.03380712,10.80745288,10.67526962,11.90926171,12.07002401,12.14436502,12.19498374,12.403122300000001,12.38812863,11.56967261,11.264504400000002,11.48611592,10.13797068,10.16648834,10.01097021,10.25280964,10.31620472,10.51221635,11.04409219,11.05778709,10.63531988,10.52848564,10.55185657,10.82555471,12.27315811,12.05991928,12.06686935,12.09202824,11.79184836,11.19033807,11.84667761,9.975894189,10.2278701,10.24918708,11.86298097,12.08800723
Ga0242637_112797,5.506428846,5.381033025,5.40772777,5.333525783,5.346669737,5.2653818569999995,5.527171992,5.241402178,5.40333455,6.070330112000001,6.15177356,5.6549823770000005,5.2766485,5.191750273999999,5.710277532,5.577775439,5.87462932,6.018445817000001,6.261687055,6.4143704,6.52137848,7.305428628,7.115625144,6.927000692000001,5.622124117,5.678879229,5.81749875,5.796876877000001,5.525426303,5.381364859,6.308994211,6.400523102999999,5.902877171,6.626970511000001,6.551537317999999,6.287438859,5.751330366,5.25189535,5.5826326360000005,4.864979065,5.322784787,5.4570823410000004,5.143286713999999,5.28672757,5.582626785,5.613159236,5.117265012,4.941547642
Ga0242637_112798,8.88254988,8.850515111,8.83487048,9.214327639,9.312488973999999,9.26749884,9.547568515,9.429672432,9.400709831,8.950731488999999,8.874481374,8.911840872,9.068984372000001,8.984635846,9.004545139,9.489963171,9.714156585,9.753774091,9.729607697,9.718388552999999,9.874279842,9.355541957,9.632657844,9.641838022,8.996278392,9.33232405,9.040383939,8.672022668,8.753957876,8.756284113,9.509864319,9.353251194,9.377607682999999,8.783368862,8.899696402,9.132354473,9.527219049,9.554372687,9.401389886,9.693958332000001,10.23749412,10.02007367,9.976773093,9.719122394,9.746994192,9.628777758,9.776842926,9.980945708
Ga0242637_112799,9.613402018,9.812550127,9.172190621,8.888534076000001,8.669401212999999,8.870654998,8.625520225,8.655398694,8.546591889,10.14757306,9.981685342,9.783207305,8.468549675,8.804148858,8.857701339,7.552654322,7.379175699999999,7.569869951,6.844145432,6.543835915,6.52137848,7.835356363,7.566678656000001,7.392513502000001,9.510089074,9.159080641000001,9.707746923,9.37463408,9.004878098999999,9.215185773,8.307817097000001,8.59509071,8.542330788,9.962631807000001,9.512151465,9.474244476,8.029896101,8.46956262,8.43167424,7.37424447,10.12783832,10.10191315,9.994380811000001,8.174801297,7.557557126,7.959753367,7.1317289829999995,7.081100124
Ga0242637_1128,3.981339932,3.425456982,3.245552862,3.285877101,3.8193379060000003,2.426167481,3.155796047,3.635355282,3.0232919369999998,2.9887932989999997,4.466516375,3.275040208,4.1479527,2.913262576,4.0499543110000005,3.892319216,3.891911795,3.379426388,3.7340261939999997,2.654240015,3.9413868460000003,1.764951351,3.7987871739999997,3.613718618,2.757788731,2.703120283,3.915202194,2.502396276,3.214162602,3.8398030480000003,3.275786601,3.493771372,3.278155795,3.040752658,3.889328561,2.7892875010000004,3.19781202,3.91283721,3.431922531,2.682367728,3.923781767,3.239141445,3.8313353180000003,3.0803301339999996,3.4799555860000004,2.9136076980000003,2.638270533,2.685057094
Ga0242637_11280,5.1918384710000005,5.303976337,5.044444469,5.308440455,5.4312682,5.4932897060000005,6.731888897,6.589682461000001,6.566703287,8.639358427000001,7.376722865,8.00808288,5.53163335,5.14583677,5.537352457999999,7.8296798889999994,8.25718709,9.106083279,11.19404615,10.53993795,10.88641048,9.150441937,7.780045832000001,9.673218417000001,6.8727028279999995,7.407070677,6.220235017,5.033966346000001,5.402913625,5.381364859,9.586906761,10.06422085,8.75963,7.401436691000001,8.60910375,7.984654633,8.445698785,7.81865842,8.758546247,8.020906344,6.261601092,6.098503088999999,6.262320027,6.8250000129999995,6.360976475,6.336819188,7.62961768,8.179284469
Ga0242637_112800,11.55946819,11.53782514,11.7790023,11.46716477,11.50938972,11.37757032,10.86823465,10.97203953,10.9373554,12.89979386,13.37446512,12.81892858,10.983408800000001,11.05179731,10.80063832,10.6026622,10.45253038,10.23445654,10.40073386,10.66125581,10.63551823,11.30482687,11.06481826,10.62844814,11.45682817,11.2678975,11.56652336,10.97793462,10.8136103,11.15968819,10.93465763,10.81033329,10.83090674,12.6412039,12.12196283,12.12455885,10.80790116,10.71026831,10.51476606,9.792046933,13.14245225,13.09068968,13.28993208,10.44388597,10.84226647,10.63637732,10.0457508,9.837251168
Ga0242637_112801,10.00600785,10.17947636,10.08911797,9.901293666,9.881785145,9.997772193,10.06847038,10.01854835,10.05055858,10.37611044,10.36985006,10.217863000000001,9.81156192,10.02453475,10.01430153,9.848854478,9.980554273,10.12591859,10.03873073,10.045747,10.08873218,9.998099137,9.893639934,10.06819359,10.86499873,10.67728856,10.67417476,10.26030157,10.42972766,10.39714492,10.0425907,10.35587854,9.92886828,9.841896723,9.691764032,9.696574156,9.774928483,9.744851176000001,9.839203032999999,9.47805448,9.340154189,9.341911104,9.59605021,10.30064723,10.14091677,9.983989247,9.634956302,9.442912045
Ga0242637_112802,10.49845006,10.42282379,10.50190913,10.30225559,10.31588317,10.40114565,10.63376417,10.59221495,10.7315684,10.99943545,11.15197291,10.87088002,10.26487467,10.29593388,10.246388900000001,10.281282699999998,10.25620453,10.26797407,10.66824096,11.25289483,11.07625058,11.37773816,11.39544327,11.22247914,10.98841797,11.09509126,10.9708601,10.67013314,10.77423299,10.77398114,10.88072602,10.94907926,10.76250353,10.32587148,10.3261765,10.42611689,9.960170794,9.882355026,10.10333968,9.434267582,10.44091969,10.58866581,10.59870304,10.67443188,10.56239222,10.592496800000001,9.472371542000001,9.335250981
Ga0242637_112803,11.760035,12.0062981,12.14887854,11.38467858,11.66860992,11.49152118,10.90257444,11.05690415,11.07323774,9.057682155,9.191554274,9.867462476,11.98305332,12.03063706,11.68694172,9.627842991,9.298949856,8.81249011,7.916382691,7.574825945,7.9209566229999995,7.925817953999999,8.178768379,7.796602482999999,10.34897327,9.949086452000001,10.45344563,10.73993024,11.29577174,11.29600636,9.635086757,9.556362434,10.08495355,10.10501359,9.858325662999999,10.14047425,11.12932242,11.56300528,11.1512335,9.766378185,9.376981945,9.67796228,9.453391576,10.637905400000001,10.95112143,10.8257633,9.64192842,10.18433438
Ga0242637_112804,9.761873448,9.948646602,9.576613809,9.633214262000001,9.464804031,9.468768554,9.733635496,9.571841503,9.601567343,9.450997061,8.994506254,9.188734392999999,9.1552485,9.581978137,9.620202283,8.904397466,9.038200348,9.287723096,8.679640705,8.533742172,8.779302934,9.549375255,10.01388392,9.414262687999999,9.510089074,9.313883249,9.566720065,9.723350697,9.753878737,9.74029265,9.388627191,9.493618123,9.419617714,8.858005737000001,9.031710322999999,8.738761113999999,8.384200191,8.374602082000001,8.712832133,8.226594699,9.116877834,9.015130167,9.159425093,9.313526334,9.212125941,9.349636361,8.226322912,8.021492483
Ga0242637_112805,10.70441058,10.79666703,10.55530083,10.75410679,10.57871303,10.59046039,10.72439581,10.68006606,10.81037448,10.45204312,10.35497672,10.40189461,10.14560856,10.54961153,10.442877000000001,9.743815609,10.06261893,10.2944192,10.01321101,10.06920351,10.0709886,10.61257552,11.24005564,10.61675742,10.48915947,10.22955778,10.45809653,10.53194435,10.70439934,10.68677231,10.41620646,10.57431944,10.51210205,10.27642771,10.21626846,10.13971289,9.476557424,9.563011686,9.722952249,9.192858991,10.52982795,10.46382216,10.519842800000001,10.4137951,10.24079431,10.38848747,9.203728478,9.01070607
Ga0242637_112806,8.827439497,8.964714062999999,8.636798186,8.508615901,8.358443577000001,8.737016792,8.923887294,8.794500975,8.924548369,9.005197747,8.607939732,8.501492019,8.356475837,8.618779502999999,8.675857264,7.4831319,7.637666857,7.861003328,7.90161978,8.345574697,8.301825687000001,10.21315138,11.04866573,10.06819359,9.457810689,9.305422501,9.221988849,9.041044938999999,9.351276614,9.300228038,9.195300254,9.195488622000001,9.058896506,8.994602952000001,9.522546968,9.217081773,8.368406927999999,8.441725063,8.469965183,8.88118802,7.589417159,7.968422084,8.233465163,8.464728418,8.690823803999999,8.580988371,8.787914568,8.936857368
Ga0242637_112807,12.23102379,12.02429932,12.07924199,12.10496627,12.06528752,12.03595801,12.50594513,12.50357291,12.50606615,12.66182243,12.50707268,12.23596538,11.75308383,11.95905368,12.07610891,11.90539258,11.9921481,11.95870834,12.09270337,12.35658666,12.30214511,13.53439042,14.168375,13.48977382,12.70919765,12.53611653,12.58567037,12.76055908,12.6931853,12.86106807,12.380671000000001,12.39607272,12.51919075,12.5210709,13.21426885,12.65632174,12.5038761,12.75712513,12.22837816,13.37922443,12.58296264,12.48156397,13.03286379,12.26562762,12.34555468,12.23455708,13.08486442,13.44381566
Ga0242637_112808,10.28290148,10.24661297,10.44080189,10.6507712,10.63885487,10.45515319,10.22139589,10.16859401,10.41496325,10.90298216,10.7662729,10.56799263,10.04186637,10.25164044,10.01794617,10.405447099999998,10.17261992,10.04014404,10.32531786,10.5386459,10.48419838,10.21090478,10.4975582,10.26077329,10.55806363,10.56127096,10.41377462,10.29822867,10.31957532,10.59308669,10.11869397,10.09473839,10.16637136,10.33935424,10.2055556,10.02070138,10.11960216,9.982350826000001,10.15446096,9.300835998,10.13762666,10.32424359,10.45349601,10.08544297,9.753020944,9.968813685,9.283174506,9.06178402
Ga0242637_112809,9.921694861,9.848919476,9.737052604,9.812191183,9.599538615,9.735418742,9.587774989,9.518364953999999,9.520946138,9.328190322000001,9.143315679,9.485945805,9.496650127999999,9.649775179,9.535011615,9.129579743999999,9.294901091,9.166574917,8.903586022,9.090656923,8.851758006,8.883327552999999,9.20529007,8.94793142,9.481655136,9.544186754,9.375420652,9.695198425,9.883651111,9.691077102000001,9.340401049,9.334960321,9.35071629,9.043878381,8.926039595,9.132354473,8.959428987999999,8.916444551,8.733010545,9.178775378,8.449282017,8.689811358,8.562108169,9.190011202,9.288801929,9.301992104,9.222454339,9.239526279
Ga0242637_11281,9.395793435,9.766948345,9.394400082,9.565192823,9.761146904,9.730492,11.26246296,11.06625057,11.18210979,13.67888088,12.84400215,12.60740306,9.783396087,9.723269682,9.755158554,12.55447429,12.6399339,13.11234969,14.72673019,14.22166694,14.31639899,13.26287211,12.491274699999998,13.66087212,11.48111072,12.37525039,10.94591178,9.58188571,9.756368113999999,9.655102505,14.76798012,15.329886499999999,13.76555747,11.70502239,13.20421399,12.66600437,13.21536919,13.04187491,13.96992202,11.89452935,9.905264897,9.598602662000001,9.942916083,11.22561285,10.73977714,10.53404388,11.54803351,11.79129618
Ga0242637_112810,8.638651097,8.772189065,8.721989369,8.824096075,8.801576747999999,8.761375601000001,9.040627203,8.940748142,8.79935222,8.629934927999999,8.512865001,8.784260822,8.684117922999999,8.838526581,8.929124761,9.28400977,9.559062426,9.68788659,9.834356269,10.22029626,10.07633462,10.37440268,10.74215846,10.44889367,9.063277822,9.164704617,8.812378923999999,9.571598541,9.778581293,9.868640939,8.765641631,9.112016318,8.877362187000001,8.560399259,8.880965684,8.809406552999999,8.959428987999999,9.007871755,9.184093925,10.03224863,8.486527897,8.620598986000001,8.322907812999999,8.979075745,8.889929823,8.812353355,10.02100647,10.08716986
Ga0242637_112811,9.4892996,9.291433297000001,9.55879638,9.271826539,9.215102434,9.126470942000001,8.823177364,8.870600689,8.71362485,8.588373045,9.131727096,9.176082004,9.802234276,9.558290292,9.587463284,9.35705738,9.013774268999999,8.753236191000001,8.289586731,8.431629062999999,8.418681555,7.811825626,7.625959592,7.953577573,9.010397965,9.067982966,8.926860598,9.398110485,9.505735869,9.344024833999999,8.757502494,8.747311529,8.778586887000001,9.436687453,9.25178685,9.126217588,8.872529779,9.069801903,8.741572771,8.768153722000001,8.949144732999999,9.225535979,9.099217621000001,8.586159099,8.734123606,8.572407693999999,8.904598477,8.832116377
Ga0242637_112812,11.96574117,11.95351819,12.28107859,12.25548059,12.33532038,12.33147169,12.43804072,12.47928953,12.56363523,11.58686668,12.53840366,12.58460694,12.07776115,12.06847802,12.06271777,11.63932352,11.78368554,11.64428923,11.7633982,11.94388099,12.05695535,11.35655395,11.37658727,11.130927699999999,11.617265199999999,11.51060479,11.69540642,12.1142642,12.25715947,12.22602278,12.26295332,12.04833336,12.39834155,11.41300014,11.75664063,12.12840173,11.44756039,11.50029379,11.48106116,10.30608783,12.64980881,12.6280506,12.585270699999999,12.74674243,13.17205932,12.87922172,10.702897,10.30501997
Ga0242637_112813,8.4868673,8.395610473,8.622573917999999,8.590962467999999,8.592404643,8.542713051,8.587643862,8.780222768,8.553658081,8.965791032,8.677341118,8.804132096,8.707148618,8.485823169,8.631340989,8.803463697,8.638935878,8.55930147,8.424784014,8.339651001,8.440958166,8.010938476,7.453414029,7.655142282999999,8.332397549,8.545725353,8.268155917,10.18918983,8.331454135,8.323933735,8.258681686000001,8.209747522,8.331102916,8.499528737999999,8.365225287000001,8.519822542,8.561348185,8.982335577,8.686466668,9.053165122000001,9.128705381,9.105711924,8.901869148,8.597476529,8.927719697,8.597998098,9.256166239,8.885437299
Ga0242637_112814,8.087866594,8.373933027,8.165585677000001,8.421282168,8.354861608,8.458806484,10.11181049,10.68262709,8.959550347999999,8.178488609,8.362325986,8.747103598999999,9.483371316,8.657808099,9.561475817,9.475123457,9.770642685,9.604339972,8.989852094,8.754609311,8.809579376,9.769904666,9.317400028,9.369682282000001,9.693370108,9.704637308999999,8.918785098999999,12.73486053,10.22028565,10.45154402,9.684574046,9.675829491,11.47178692,9.303831138,9.968881051,10.43359076,10.1006105,11.32980738,11.56103475,13.16867556,10.57663236,8.047908892,8.246587309,8.941824314,8.990284586,10.2128442,12.98010067,13.29618232
Ga0242637_112815,8.879843796,9.234150727000001,8.794837361,8.683463964,8.809449029,8.82284815,8.776804877,8.420891231,8.510732181,7.641720318,7.603463491,8.360984978,8.157638887000001,8.802316609,8.91551104,7.223707786,6.965459364,7.075947426,6.435986131,5.904829262000001,6.412707192999999,5.56032048,6.032308005,5.809865286,8.623236989,8.713716048,8.74089192,9.171653085,9.125329863,9.252873306,7.998126772999999,8.103290804,8.3237462,7.791420211,8.12256147,8.332618534,6.097225568,6.633061821,7.012550107999999,7.0727992660000005,7.740978377999999,7.346513211,7.997700507999999,8.378789421,7.750692193,8.248965649,6.978490121,6.776677321
Ga0242637_112816,9.510447415,9.322480437000001,9.604382272,9.468733213,9.602562132000001,9.605557382999999,9.668607491,9.657654792,9.606671986,10.15306557,10.40877859,10.13921914,9.566002233999999,9.409771967000001,9.41298486,9.57035734,9.540373669,9.623168623,10.15686328,10.32892744,10.39431141,10.06430482,10.46222244,10.03563762,9.852054354,9.891464088,9.666545799,9.443947351,9.449925886,9.517981962999999,10.03138352,9.921699732999999,9.885809512,9.801208649,9.808221963,9.870936476,9.483904638,9.197355952,8.885016356,8.940821019,9.825152907,10.15834983,10.04407268,9.587686145,9.912293294,9.717056357999999,9.061903003,8.699455645
Ga0242637_112817,8.566438667,8.464626059,8.670374835,9.043730105,9.018586297,8.992955749,9.13293023,9.003550905,9.022019412999999,9.396468073,9.537295898,9.245547354,9.077846648,8.36192343,9.200096928999999,9.231995531,9.241206228,9.458737563,9.7379409,10.02744039,9.876324513,9.136305053,9.438052832999999,9.323680184,9.347202415,9.461309119,8.969182657000001,9.255445675,9.070367951,8.96302643,9.183198395,9.116782577,9.041064512,9.532327264,9.492896277,9.500576996,9.05131476,8.601220385,8.695308809,9.370643512000001,9.76074113,9.684759447000001,9.889547296,8.950676292999999,9.301194202000001,8.777938149,9.286144448,9.242935078
Ga0242637_112818,7.104390856,7.160101826,7.334167221,7.032503934,6.81359109,6.5745242610000005,6.501155429,6.783667303,6.2556058189999995,6.595000476,6.423413864,6.867347335,7.251024861,6.981952045,6.996553732000001,5.78534409,6.019482112,6.289564507000001,6.009089276,6.246939936,6.026528808999999,6.078487558,5.762437974,6.038029805,6.4844049560000006,6.341326334,6.629968471000001,6.940917012000001,7.08415517,6.988662956000001,6.294039204,6.368856881,6.608481447999999,6.563429375,6.565027485,6.520876953999999,6.71277151,6.697321291000001,6.509244753,5.292467671,6.499165323,6.43645996,6.796737374,6.629177759,6.794517034,6.945622944,5.574061733,5.449890901
Ga0242637_112819,10.11817284,10.19103258,9.955918987,9.916825419,9.953399217000001,9.796802905,9.706797648,9.546757433,9.638588593,9.466961786,9.306821847,9.584983896,9.415079549,9.70475376,9.718670531,8.705143553,8.710596699999998,8.694186057000001,8.07610913,7.849552837999999,8.078466216,8.460082325,8.39182438,8.061023815,9.889459001,9.943644782,9.706183832999999,10.10253053,10.23731576,10.1015372,9.430181983999999,9.547564315,9.409229338,9.225696965,9.232919058,9.287515743,8.861289857000001,9.146530239,9.167244845,8.273739372,9.29538256,9.148955493999999,9.31076335,9.387103365,9.098381942,9.423056455,8.156623975,8.106293669
Ga0242637_11282,5.119603225,4.8396225489999996,5.380760691,4.720850415,5.021587205,5.0266480069999995,5.1897550269999995,5.154750768,5.200592728999999,5.78253743,5.816465234,5.500353304,5.180370997,5.0492857319999995,5.292855855,6.157606328,5.896240317999999,6.517562999,6.009089276,5.659621767999999,5.6193236120000005,5.094429967,4.7570015539999995,5.434983135,6.720552861,6.231074587,6.520245445,5.450910518,5.240463367,5.281196222,5.434811402999999,5.431291565,5.594626205,6.31593178,6.681065397999999,6.753903761,7.142552369,7.567011883999999,6.509244753,8.544774964,6.232608331000001,6.560066151,5.660000498,5.720600994,6.043816337000001,5.567606414,8.150117457,8.520015935
Ga0242637_112820,10.17114602,10.02115689,10.17056391,10.86501719,10.91175447,11.08752463,11.46195525,11.49964213,11.68872845,12.72606289,13.09995451,11.87767014,9.872675445,9.686990395,9.711936042,11.12121265,11.08759381,11.10771646,11.75828683,11.82861099,11.90300308,14.81388001,14.44380848,14.10085216,11.6348401,11.72021119,12.01271842,10.22900706,10.19665064,10.64403071,12.56664051,12.672019500000001,12.27170198,12.06745088,12.23663527,12.35701964,10.67299026,11.01419491,11.04744721,11.478553999999999,12.53303312,12.00123728,13.17367806,12.01600784,11.85298619,11.86406526,11.19282994,11.45161646
Ga0242637_112821,9.168544867,9.152842634,9.128568474,9.240897523,9.125452996,9.549313645,9.857631319,9.88704268,9.868467143,10.85053505,11.003312199999998,9.684820509,8.624879205,8.845660767,8.810145845,9.144663303,9.489910388,9.379175199,9.368232928,9.448067258,9.695912136,13.20873375,12.96196872,12.70988329,10.23334931,10.24025035,10.02232032,9.484722277000001,9.231135287999999,9.237473963,10.64224901,10.79999881,10.21886536,10.5117712,10.61231562,10.6339502,9.4691726,9.389311342000001,9.510617299,9.630701227000001,10.40570882,9.959705173,10.72125343,10.15793792,10.25147673,9.771795085,9.366913454,9.846243648
Ga0242637_112822,9.32990957,9.317622461000001,9.429139194,9.424506042,9.382763184,9.493698552,9.462234513,9.422029249,9.398749295,9.403858796,9.626697164,9.563771394,9.345229857,9.50296233,9.209690056,9.501726006,9.274485047999999,9.14268178,8.943765977,8.686235103,8.880566003,8.722299813,8.522336024,8.659693067000001,9.213231604,9.2483014,9.206593238,9.466330962,9.275200341,9.199376585,9.164853098,9.226688932,9.417891505,9.070754734,9.084119322000001,8.951545518,9.183541757,9.451117542999999,9.476829525,9.422363082,9.479062925,9.312954512000001,9.585762147,9.126978903,8.633171772,9.167932302999999,9.487932812,9.341624323
Ga0242637_112823,10.73467797,10.79317164,10.70185103,10.82880377,10.76024812,10.81417899,11.33588349,11.4399663,11.16606309,10.57416585,10.46411538,10.36223504,10.66768696,10.90116274,10.80063832,10.91895119,11.07584393,11.01972736,10.66168581,10.48464988,10.43926346,10.87058818,10.51333819,10.71460499,10.91526516,10.84895278,10.98317432,11.94461542,11.01933579,11.16318516,10.93525905,10.87224216,11.67152285,10.44290692,10.31226326,10.70154623,10.84260627,11.63441924,11.84182706,13.33645181,12.13940085,10.81411636,11.16826258,11.17410693,10.86331227,11.33919903,13.0625209,13.50151844
Ga0242637_112824,10.63389392,10.53170595,10.46889916,10.45261581,10.45703857,10.41426232,10.75205278,10.72982326,10.7760477,10.53767856,10.74931089,10.53567361,10.16028523,10.35961266,10.46574145,10.20598902,10.19016478,10.29712744,9.983732194,10.31541034,10.22974376,10.00070249,10.11456374,9.965933234,10.67642757,10.61292313,10.51723207,10.84829516,10.78524552,10.74782418,10.39362736,10.52138376,10.61286249,10.18186415,10.15745041,10.14275594,9.839355229,9.969411778,9.998894443,10.30122082,10.77027505,10.63853105,10.8450273,10.43996232,10.44072019,10.3226512,10.30490176,10.22109338
Ga0242637_112825,7.854158155,7.99825492,7.680283944,7.638515472999999,7.903811771,7.73023048,7.74238814,7.871107404,8.03806335,7.336432818,6.80572772,7.120917585,7.4955896,7.645247336000001,7.719640401,7.410086196,7.316623842,7.508854818,6.780970931000001,6.6814841320000005,6.435108205,5.819219846,6.100925536,6.2038558429999995,7.211220265,7.381529723,7.45248817,7.521190894,7.576539297999999,7.382049995,7.151691147,7.259309629,7.539750871,7.007161312000001,7.1252130760000005,7.002145893,6.761999476000001,6.697321291000001,7.068100901,6.9783253720000005,7.994740462,8.10983512,8.316699768,7.71611328,6.991043112000001,7.436689682999999,7.407530735,7.018792362999999
Ga0242637_112826,9.011763521,9.232431025,8.861762622,9.156187465,9.023106744,9.031522212999999,9.349071007000001,9.1082304,9.134680329,8.883593266,8.444250928999999,8.599509673,8.468549675,8.908328772,8.957871461,8.526658181,8.818891792,9.116343015,9.031124682,8.988364501,8.884634866,8.954884202999999,9.678167381,9.272441867000001,8.908529483999999,9.095725084,8.997575146,9.018500075,9.117605207999999,9.134348184,8.773735103,8.995221031,8.872328708,8.319142064,8.282002162000001,8.390094008,8.352438823,8.344850504,9.041136431,9.196358515,8.876180688,8.8991241,9.124313979,8.880609094,8.004206773,8.578133812999999,9.089366672999999,8.994618857999999
Ga0242637_112827,6.18921751,5.983894141,6.20567637,6.293045072000001,5.9529722860000005,6.125910317000001,6.277961762,6.231640139,6.495007557999999,5.78253743,5.873434585,5.897093888,6.011885495,6.369420275,6.3318936710000004,5.823474616,6.1865182,6.670387515,6.645644281,6.141708631,6.343331071000001,6.682717975,6.9583976089999995,7.350761500000001,6.625799302999999,6.61803693,6.948527253,6.419796252,6.42102919,7.147843249,6.066467498,5.710180182,6.386063106,5.84892586,6.200177451,5.838282215,6.375740119,6.458614121,6.535776863,7.057477574,6.141944919,6.151927777999999,6.7605736720000005,6.309007232000001,5.211812222,6.336819188,6.452022828,6.867889537999999
Ga0242637_112828,9.895141242000001,10.05948833,9.910981384,9.784237882000001,9.799858852,9.863578477999999,9.839482989,9.947920591,10.00231111,8.943142349,9.418334171,9.571521168,9.70262066,9.942069872000001,10.06890609,7.8389846279999995,8.25718709,8.035519303,7.668606731000001,7.8072479679999995,7.856117611,7.925817953999999,7.831316009,7.8374770279999995,9.783825305,9.915012404,9.609156658,10.29822867,10.29752432,10.30306679,10.08223063,10.09956185,10.10225389,8.894998872999999,9.594933482,9.703803822000001,8.069508682999999,8.575832663,8.908018418,8.338523179,8.784451604,9.029441423,8.648675172,10.12508114,10.29962204,10.11284536,8.373221867,8.359688193
Ga0242637_112829,9.6199032,9.877809003,9.514806678,9.497941275,9.466464567000001,9.560461584,9.81892567,9.658955938,9.725623844,8.487628254,8.945703587999999,9.25760741,9.337870777000001,9.772762267000001,9.740894453,6.834485387999999,6.514114227,6.214995012,4.895776856,4.287870375,4.561457885,5.3129993319999995,5.1328806060000005,4.924648265,9.485029539,9.728882801000001,9.744761836,9.709343232,9.859540272,9.930141456,9.956334515,10.09594577,9.995195954,8.430057064,8.974803838,9.280625095,6.71277151,7.51451613,7.575725505,7.7902185820000005,8.344984743,8.606348889,8.535626168,9.673065797000001,9.317553361,9.619090019,7.471570599999999,7.879765047
Ga0242637_11283,4.529878847,3.3131841189999998,3.783277731,3.3965277680000003,4.441439466,4.211327143,4.205635493,4.820237303,4.387612859,4.665563422,4.914784288,4.684252222,4.801831877,3.594743442,4.268871987,5.485497969,5.153734003,4.907311251,4.476506155,4.926323084,4.561457885,4.835778512,5.197383578999999,5.202656485,5.351684131,5.34875458,6.148225393,4.499638053,3.6541520239999996,4.884561763,4.498806175,4.7778405589999995,4.790327679,5.462924877000001,5.4427701079999995,5.40102619,5.845938526,6.126249389,5.773630285,7.559622449,5.20761762,5.323171115,4.677691172,4.701851081,4.7081409160000005,4.900834924,6.918462087000001,7.751589199
Ga0242637_112830,10.16115166,10.09871665,10.14591327,10.40053843,10.39124946,10.42115846,10.43694856,10.45139123,10.44282118,10.05202788,10.59751818,10.32489708,10.49897195,10.3230221,10.32719456,10.96428837,10.9476125,10.86039565,10.38091657,9.845044917000001,9.922569447,9.028171594,8.894247978,8.993847732999999,10.27877368,10.27965617,10.35314363,10.42363212,10.48255443,10.41289795,10.36979969,10.34474896,10.32675193,10.22009358,10.305256,10.47462291,11.07197651,11.24107897,11.13291016,11.292440800000001,10.88047153,10.57287539,10.86537089,10.66907856,10.81659944,10.6398034,11.28032597,11.39452456
Ga0242637_112831,8.508051934,8.555465406,8.521940307000001,8.580597552999999,8.628452859,8.581536866,8.551372135,8.63173656,8.73864263,7.98014122,7.93223016,8.175093921,8.876707677,8.787574227,8.727969607,8.689799996,8.728719753,8.641167493,7.856402018,7.058766186000001,6.716821295,6.078487558,6.100925536,6.234841304,8.715187342,8.731509776000001,8.551925248,8.753159296,8.891676817999999,8.765516639,8.872505422,8.681274845,8.818388847000001,8.394024812,8.528869173,8.923508517,8.938190002999999,8.601220385,8.647511761,9.307323577,8.592820926,8.667107565,8.716260336,9.191878935,9.163179728,9.115740937,9.347141179,9.373075396
Ga0242637_112832,10.83796919,10.75594951,10.9897348,10.26309563,10.40256933,10.48324892,9.877648188,9.955352827999999,10.0826642,10.27495242,10.39309035,10.77009092,10.64996865,10.43249304,10.39952824,9.501726006,9.215733425,8.577239552,7.578652599,7.129173886,7.207638899,9.214641884,9.377263768999999,8.559432531,11.33450062,11.09017429,10.81425679,12.38659596,12.41142145,12.42143987,10.34918694,10.08260873,10.31288668,11.02159367,11.32730939,11.14260831,9.949596222,9.836773928,9.500563797,10.47839161,9.602939666000001,9.812313732,9.353839597999999,10.16365929,10.66344041,10.51700508,10.55068189,10.74801819
Ga0242637_112833,9.086426872,9.158287332,9.068974164,8.671305025,8.697954323,8.813559672,8.399330626,8.469162931,8.428554976000001,8.832475998,8.71665823,8.945033845,9.010013182,8.928627377,8.793230338999999,8.296156045,8.25718709,8.135765995,7.531479468,7.15640113,7.355744045,7.087508715,6.802598221,6.562373374,9.076759601000001,8.807774517999999,8.803634402,9.517247107000001,9.938390465,9.543251501,8.344506415,8.321326552999999,8.305188555,8.767027856,8.691266325,8.942842348,8.430568203,8.601220385,8.2354803,8.749217029,8.358441848,8.450214865,8.09522688,8.498323716,8.98004373,8.722141498,8.837347319,8.986507473
Ga0242637_112834,8.106506909,8.092286872,8.188943296,7.6972720589999994,7.599211319,7.949645537,7.695665076,7.632286067000001,7.456336983,7.248817774,7.9975428,8.019461446000001,8.161813131,7.864837313,7.927739581,7.575102911,7.503717441,6.989229997000001,6.063289417999999,6.028151717999999,5.90322142,5.5023955010000005,5.482136618999999,5.07047746,7.87813556,7.5854370620000005,7.898194782000001,8.39701057,8.758932299,8.39704455,7.553927226,7.6563839279999995,7.643871555,7.83239006,7.7145149989999995,7.7652268310000006,7.586740087000001,7.496584004,7.650392711,7.654294432,7.006528317000001,7.176809015,6.883362422,7.83085374,8.166551345,7.873894766,7.562593172000001,7.88849887
Ga0242637_112835,8.546100362999999,8.416966952000001,8.602421312,7.95974454,8.0703329,8.125102908999999,7.88247526,7.93695628,7.9227144439999995,7.433547515,8.490354353999999,8.588093223,8.370970621,8.369368231000001,8.233876312000001,8.013483836,7.503717441,7.075947426,5.981201552999999,5.936668265,5.966199916,5.37897011,4.7570015539999995,5.380361131,8.148839131,8.025432279,8.102155681000001,8.855638841000001,9.23471045,8.822655831,7.998126772999999,7.880357939,7.805786656,7.923689082,8.013761331,7.922259249,8.009674187,7.875260827000001,7.715598735,8.052148145,7.1527909229999995,6.969641547999999,6.900079306,7.854633601000001,8.496155315,7.937649907999999,8.041811308,8.288891595
Ga0242637_112836,9.924323538,9.812550127,9.782539824,9.576972059,9.712998472,9.763425567,9.748586743999999,9.857880321,9.818011965,9.617584819,9.584815305,9.532349152,9.810233087,9.771826324,9.745298447,9.539306035,9.362230824,9.278616232000001,8.403986055,7.992330987999999,7.952314707,7.726305915,7.671689705,7.700164855,9.939510165,9.561343323,10.02733629,9.471873016,9.799250938,9.517981962999999,9.880917253,9.914874585,9.909343596,9.718648775,9.294875108,9.769260804,9.616830367,9.550033709,9.401389886,8.885530245,9.40966496,9.687018071,9.453391576,10.40174218,10.35614465,10.32094483,8.896847382,8.889793008
Ga0242637_112837,10.61204882,10.38848957,10.58787732,10.46675427,10.49658199,10.43106171,10.23125525,10.34466683,10.31870688,10.33514192,10.50623269,10.54849191,10.30505326,10.15085488,10.19419084,10.2238531,10.22781611,10.03798692,9.528131991,9.459036802,9.565127223,9.097915063,9.04081903,9.064403053,10.644343199999998,10.61223731,10.37396658,10.18806796,10.36595508,10.12563644,10.29586031,10.16889587,10.28190578,10.45825438,10.18497938,10.4860496,10.35816742,10.09683667,9.902927345,9.653794603,10.14152348,10.31405048,10.14211355,10.45481575,10.77129559,10.54431765,9.832754354,9.812228864
Ga0242637_112838,8.24333884,8.180561554,8.356460347,8.355930277,8.219602099,8.176732752000001,8.040378666,7.763911107999999,8.067984418,8.314123228,8.148949247000001,8.075045412,8.24679219,8.049198407,8.376987504,7.586197478,7.834639664,7.8363845770000005,7.685943205,8.163064737000001,7.960048835,8.382350369,8.357264065,8.15294426,8.1615493,8.56002232,7.9145335029999995,8.465286717,8.331454135,8.094064775,7.951314779,7.863439055,7.614020537999999,8.565807657,8.253158699,8.359027989,8.31996229,8.208326037,7.843095455,9.146575355,8.581390066,8.232439371,8.716260336,7.3383546729999996,7.442892986,7.492349531,8.965152055,9.136995415
Ga0242637_112839,6.4743867360000005,6.622160717000001,6.84869378,7.184044703,6.874945655,7.282195487999999,7.133698582999999,7.107373715,7.236770892000001,7.790137292000001,7.777196217999999,7.653763297999999,6.716118402,6.369420275,6.674777883,7.552654322,7.873174251,7.622659493,7.6332956329999995,7.681732133,7.343966892999999,6.758584973,6.6735829429999995,6.849139407000001,7.692072984,8.177839461,7.191461802,7.5283029720000005,7.553815083,7.265364524,7.591051534,7.406762023,7.2983211379999995,8.029261878,7.750345351,8.151081417,7.586740087000001,7.460036408,6.954771168,7.644077117,7.994740462,7.968422084,7.926098597999999,6.93622799,7.108587705,6.909717462000001,7.66656342,7.394938799999999
Ga0242637_11284,5.448827833999999,5.477688232999999,5.652586326000001,5.4977389389999995,5.586746145,5.180500437,5.817473055,5.241402178,5.0473067160000005,5.5345733479999994,5.695239995,5.36332174,5.423897621,5.715059651,5.409213908,6.187109631,6.019482112,6.401370166,5.769137488999999,5.697329897,5.73248443,5.910951122999999,5.804244499,6.139804722,6.952933762000001,6.913804972,6.894607038999999,5.866092029,5.5017513760000005,5.86832935,5.461940492999999,5.431291565,5.6664994360000005,6.462525189,6.3323513060000005,6.433987098999999,7.215019439,7.698317935,6.743495051,8.306494966,5.665297426,6.014442298,5.4929873360000006,5.78164062,6.422869211,5.315075955,7.939875227000001,8.402996067
Ga0242637_112840,6.771918211,7.349790318999999,7.1559291929999995,7.440627635,7.348471206,7.288916574,8.258575153999999,8.056322316000001,8.012646013,8.314123228,9.992937742,9.119054156,7.266618864,7.508057843,7.715156157999999,8.349209651,8.645310525,8.792154949,9.061322224,9.146009762,8.975184534,8.900158472000001,9.145789053,8.929147705,7.831172285,8.121111042999999,7.155240818999999,7.347109007999999,7.248870277999999,7.397974208,9.03170774,9.320572002,8.416575524,8.286755913,8.803511641,8.942842348,8.029896101,8.804327869,8.543626267999999,10.09170871,8.317687917,8.096301694,8.051032628,7.878027682999999,7.366301684,7.5400830260000005,9.97389546,10.07574611
Ga0242637_112842,6.257656398,6.210955724,5.918747099,6.214626687000001,6.197104265,6.255295844,5.967035622999999,5.7536165210000005,5.968181014,6.48765592,6.442328847000001,6.227265922000001,6.610025128999999,6.606570158999999,6.579222992,6.403574545,6.913553856,6.670387515,6.62779767,6.564324514,6.319441296,5.997163747,5.37497316,6.4348352570000005,5.84942864,5.981391726,5.794059029,5.820322182000001,5.268860616,5.381364859,5.290825408,5.335755549,5.492797981,6.236619579,6.855823267999999,5.7448849079999995,6.437684056,6.5309503410000005,5.9421174489999995,6.357253717000001,6.638211925,6.253161323,6.606086874,6.164004831000001,5.962696894,5.9686206770000005,6.271662857999999,6.5530097970000005
Ga0242637_112843,5.1918384710000005,5.653325594,5.044444469,5.2829045180000005,5.021587205,5.445701935,5.046761311,5.29636356,5.16379862,5.299605908,5.070243604,5.171089211,5.180370997,5.321197417,5.192383963,4.83117596,5.189379758,5.184614833,4.630727353,4.287870375,4.718346846,4.51831327,4.109167166000001,4.672884133999999,5.160727634,5.149700069,5.322368268,5.53850578,5.377094447999999,5.56276213,4.910764331,4.728067906000001,5.028947718,5.462924877000001,5.892566548,5.203776183,5.751330366,5.628299527999999,5.5038699,5.9879025189999995,5.479739868999999,6.071026256000001,5.447991032000001,5.656840735,5.7852377310000005,5.4718936760000005,5.686739139,5.496599292999999
Ga0242637_112844,4.213849054,4.414199049,4.223012272,4.55814469,4.547988485,4.4273871830000004,4.149254746,4.430657805,4.321039304,3.874070482,4.739976276,4.429408888999999,4.402065233,4.2664301039999994,4.268871987,4.389752078,4.281103862,4.60967979,4.103569772,3.261710257,3.8028251330000002,3.735313503,3.7987871739999997,4.113428357,4.159436799,3.652763928,4.765490421,3.8225672999999993,4.503972568,4.459612024,4.134656991,4.174672094,4.270630967,4.450525224,4.872076946,4.442900175,3.7220789030000003,4.464627463,4.867664457,4.545835038,4.425862026,4.149880037,4.8271728110000005,4.613783816000001,5.409254872000001,4.614185235,4.522624281000001,4.007957471
Ga0242637_112845,6.338861621,6.079069939,6.077756391,5.796556695,6.213051455,6.04865022,6.199616729,6.084121432000001,6.1285911010000005,5.561397691,6.365128764,6.411566827000001,6.427675267000001,6.212406085,6.170640542,6.2160191320000004,6.16888972,6.0358927389999995,5.923744665,5.540133262,5.73248443,6.263673055,5.674972682000001,6.1066750260000005,5.911134035,5.546626726,6.110819759,5.866092029,6.159804192,6.100672285,6.083974248,6.086755726,5.998652823,6.563429375,6.7177551079999995,6.196459699,6.809599865,6.846441292000001,6.842420252999999,6.30625242,5.905061516,6.540188594,6.236194534,6.672675063,6.228573506,6.402941922,6.037371072999999,5.929396152000001
Ga0242637_112846,4.140753994,4.139153812,4.223012272,3.9748242310000004,3.727858533,3.9538468489999996,3.824625541,3.723610747,4.321039304,4.11950463,4.12472298,4.429408888999999,3.8339313660000003,4.351503758,4.0499543110000005,4.389752078,3.891911795,3.9532778719999997,4.555764506,3.4707135389999997,4.475808083,4.632374016,4.360694114,5.07047746,3.752046685,3.652763928,4.08603391,3.8225672999999993,4.237162325,4.259162309,4.202547268,3.7278747230000002,4.066401976,4.7509363360000005,4.827425965,4.223785943,4.090071432,4.608026708,4.68738559,4.791768251000001,3.084464068,5.010237392,3.6742944960000004,3.917653608,3.712631568,4.061967078,4.750068729,4.135802667
Ga0242637_112847,4.28318584,4.463125768,4.452168233,4.46901742,4.13185483,4.739118302,4.311789794,4.660392731,4.451097385,4.326727,4.800700892,4.2014779110000005,4.458824889,4.2664301039999994,4.0499543110000005,4.389752078,4.470061133,4.098857669,3.7340261939999997,3.4707135389999997,4.2866031719999995,4.51831327,4.668031599,4.24518793,4.292841717,3.9026848060000003,4.765490421,3.8225672999999993,4.807619143999999,5.096740307,4.267180386000001,4.096620832,3.910455573,4.998011383,4.998102894,4.270522828,4.377864054,4.3045167,4.095618047,4.714516113,3.761569239,4.6073727060000005,3.6742944960000004,4.567563977,3.190463246,4.19184173,5.0051764169999995,4.459495233999999
Ga0242637_112848,4.213849054,4.139153812,4.159119162,3.285877101,4.325924049,3.3221123230000003,3.9642345660000005,4.326831004,3.927618893,4.389318268999999,4.858901346000001,4.429408888999999,4.458824889,3.9732559860000003,4.412551724,3.3312073310000003,3.979426665,4.028070049,3.409865375,3.4707135389999997,3.64741757,4.393970655,4.470928413999999,4.24518793,4.011281094,4.112162506000001,4.715826794,3.8225672999999993,4.59770328,4.396006508999999,3.524340602,4.174672094,3.733234295,4.450525224,5.150333711,4.631806248,3.19781202,4.464627463,3.759391237,3.7022288089999997,4.621105128,4.351588736,4.319533971,3.839256689,4.230481,3.7560954489999996,4.522624281000001,3.707348591
Ga0242637_112849,5.357810669,5.430180045,5.380760691,4.831518636,5.726947847000001,5.3192756260000005,5.294594394,5.26914868,5.271436136,5.688446836000001,6.219170611,5.92163303,5.679373022999999,5.6011134810000005,5.112064538,5.224692397,5.25809114,5.3894393670000005,5.169295709,5.540133262,5.658047511,6.364313645,6.229043205,6.537754228,5.194391513,5.451121643,5.4481850220000005,5.699056265,5.525426303,6.120041651,5.320811965,5.605065865,5.439022045,6.19525907,6.035317279,6.04817904,4.995296209,5.560550526,4.867664457,5.62059316,5.266368163,5.413829457,5.401527766,5.395190985,5.582626785,5.342441495,5.408498381,5.351613692
Ga0242637_11285,6.63725785,6.000201688,6.405323735,6.280268917000001,6.148172079,6.268978306,5.852084099999999,6.068500491,6.220447202000001,6.633276347000001,5.816465234,6.060653995,5.679373022999999,5.7612453420000005,5.710277532,5.664450563,5.784770168,5.811059266,5.863888597000001,5.161685736,6.084423183999999,5.3129993319999995,5.629148799999999,4.924648265,5.84942864,5.799928989,5.535755054,5.796876877000001,5.762836374,5.645488592,5.878539485,6.476766212,6.57164704,6.276822734,6.537919477999999,6.2539930660000005,6.311006991,5.489425957000001,5.448837205,5.578091949,6.045169324,6.071026256000001,6.0080859779999995,5.761581926,5.876712489,5.721067526000001,5.493680967,5.351613692
Ga0242637_112850,3.698529345,3.869455631,3.946745494,4.101398217,3.629237593,3.5378787089999997,3.748712635,4.025988985,3.0232919369999998,4.11950463,4.540104715,4.024865287,3.9197569839999997,3.518874686,3.8582441469999997,3.547978091,4.061476221,3.601460762,3.5826343030000003,4.71973642,4.561457885,4.927376411,5.482136618999999,4.924648265,3.930480587,3.3393896030000003,3.718506891,3.8225672999999993,4.29486285,3.73698757,3.7303142510000002,3.8303429139999996,4.066401976,4.450525224,4.872076946,4.175373085,3.7220789030000003,3.91283721,4.167803702,4.545835038,3.5755614760000003,4.527271229,3.283209092,3.6664255989999996,3.4799555860000004,3.466003933,3.617730023,4.359912367
Ga0242637_112851,7.763095077000001,7.707699602000001,7.83636568,7.561533739,7.348471206,7.367216095,7.2991478679999995,7.217497324,7.37088001,7.616488955,8.166094549,8.075045412,7.136870173999999,7.164292693999999,6.897074592,7.875614583,7.910705882999999,7.973653685,8.929284241,9.604447139,9.369974532,9.43468696,9.258693869,9.359195867,7.557475788,7.891636874,6.849968678,7.17650391,6.907147127000001,6.935082977,7.270899603999999,7.035832813,7.197236939,7.454898107999999,7.328569452999999,7.36747687,7.813657267999999,7.196803992,6.993546783999999,7.0727992660000005,7.367741055,7.239736213,7.513407397999999,6.918276297,7.051013781,7.167064709,7.396575276,7.212159637
Ga0242637_112852,3.4671807360000004,3.6224631489999997,3.3742476210000003,3.024689424,3.8193379060000003,2.6922148339999996,3.667967475,3.437259219,3.8326399510000004,4.042654659,3.6635147669999997,3.82092602,4.0761650860000005,3.518874686,3.357279135,3.547978091,3.17815798,3.4955664389999996,3.5826343030000003,4.385771447,4.2866031719999995,5.37897011,4.668031599,5.264394062,3.652503691,4.175237798,3.349279727,3.720385549,3.977831842,4.1851910939999994,3.7303142510000002,4.318388806000001,2.747370773,3.931277971,4.524616065,4.175373085,3.7220789030000003,3.662028972,3.759391237,4.002277801,1.764951351,5.618061775,4.097700825,3.991601604,3.712631568,3.5704800810000004,3.2361992219999998,4.552351294
Ga0242637_112853,2.7843994210000003,1.764951351,1.764951351,2.669405787,1.764951351,1.764951351,1.764951351,2.693612905,1.764951351,1.764951351,2.58606159,1.764951351,2.4697179680000003,2.350359106,2.392844266,1.764951351,2.783394397,1.764951351,1.764951351,2.654240015,2.653701924,1.764951351,1.764951351,3.613718618,2.473778066,2.4340741830000003,2.7960011330000003,2.502396276,2.905376211,2.509444961,2.7457562139999996,2.505573503,2.4662029569999997,2.418245537,1.764951351,2.940004623,3.19781202,2.910528862,2.476742168,1.764951351,3.084464068,2.640110246,2.667729675,1.764951351,1.764951351,1.764951351,1.764951351,1.764951351
Ga0242637_112854,2.7843994210000003,1.764951351,1.764951351,1.764951351,2.953773423,2.891426793,2.4060372180000003,2.4271808669999997,1.764951351,1.764951351,2.58606159,3.086552422,2.7522056530000003,2.350359106,2.392844266,1.764951351,2.492414675,2.934755081,2.957841924,3.261710257,3.2608517239999997,2.8057856639999996,3.3872535110000004,3.613718618,2.757788731,3.0702452019999997,2.7960011330000003,1.764951351,2.7038793560000003,2.8067615000000004,2.4650293580000002,3.2023231739999996,2.957319384,3.040752658,2.78199892,2.940004623,1.764951351,2.910528862,2.974604675,2.682367728,1.764951351,2.640110246,2.667729675,1.764951351,2.792585865,2.7107655210000003,1.764951351,1.764951351
Ga0242637_112855,4.06343774,3.79233372,3.5957216260000004,3.590839983,3.404506301,3.880786982,3.667967475,3.54034049,3.0232919369999998,5.093771919,4.388768833,4.9960046369999995,3.642811276,2.7656934210000004,3.632975974,3.547978091,4.281103862,3.789455175,5.011617463,5.048901257,5.16019695,5.56032048,6.067026782999999,5.8900235279999995,4.414305016,3.9026848060000003,4.163851932,4.55761586,4.551631663,4.459612024,4.870546616,5.084155163999999,4.391441637,5.8666220870000005,5.555664486,5.203776183,3.7220789030000003,4.3045167,4.4232196539999995,4.002277801,3.5755614760000003,5.175324517,3.9712646019999998,3.839256689,3.712631568,3.466003933,3.617730023,4.252491295
Ga0242637_112856,8.16547601,7.789521956000001,8.141843551000001,8.352888209,8.121825035,8.340909663,8.010150878,8.056322316000001,8.274555197,8.360445037,8.102206269,8.342984852,7.597739813,7.7013932270000005,7.715156157999999,8.26887904,8.210660134,8.335181946,8.465501344,8.196225441000001,8.361436692,8.30018956,8.233149926,8.008301083,8.0835518,8.113375826,7.957219522999999,8.156643382,8.044179957999999,8.118291537000001,8.266350787999999,8.136530396,8.271170968,8.549521244,8.50460134,8.695894844,8.460672297999999,8.1521721,7.984482007,8.273739372,8.23984347,8.401528901,8.20012779,8.073071199,8.202233589,8.077637112,8.333575451,8.485895869
Ga0242637_112857,6.783557827999999,6.809315872999999,6.887309524,6.880146112,6.460143809,6.309261059,6.252318466,6.129989577000001,6.2556058189999995,6.473656714,6.515595442,6.620501636,6.634286400000001,6.7274828179999995,6.865030088999999,6.2160191320000004,6.62160184,6.387860775,6.009089276,6.221345911,6.112517617000001,5.669565534,6.100925536,5.850504926,6.625799302999999,6.692680542000001,5.90760089,6.291727083,6.261650847,6.02047032,5.878539485,6.199132313,6.28344191,6.746210316,6.537919477999999,6.424000522999999,6.761999476000001,6.665550105,5.961851087,5.489094956000001,6.499165323,6.301223246,5.944906754,5.820934172,6.228573506,5.986003596000001,5.824370985,5.929396152000001
Ga0242637_112858,6.022150627,6.124391144,6.143140283999999,6.516428697,6.180978051,6.199224652000001,6.327915275,6.403232152999999,6.509635371,6.694890934,6.80572772,6.08256884,5.30734308,5.617958245,5.453218843999999,6.2160191320000004,5.979566758,6.289564507000001,6.535085897,6.643480802000001,6.64179798,6.331543479,6.289057454,6.294877003,5.646550329,5.614282574,5.184328131,5.509900869,5.402913625,5.444430189,6.93771718,6.400523102999999,6.736007398,6.328735186,6.217379502000001,6.713500741,6.437684056,5.978686848,5.556858237999999,5.661866713999999,7.432813335,7.335032292999999,7.01196139,6.440712818,6.422869211,6.350289248999999,5.919555579,5.748692192
Ga0242637_112859,8.156559294,7.901996195,8.245734162,8.171398513,8.183707978,8.42565797,8.120379563,8.040433768,7.94975199,8.212559792999999,7.232209659,7.653763297999999,8.219018457999999,8.389035195,8.359856095,8.349209651,8.469662283,8.589075531,8.590414191,8.247746052,8.283451153,8.041606533,8.037477339,8.313657582000001,7.903580203,8.170403355,8.125736242999999,7.944458356,7.925300786,7.796657436,7.662549964,7.751414317999999,7.5958087,8.105518503999999,8.047751726,8.111240318,8.47549197,8.66681444,8.336910524,8.293481856,8.126430816000001,8.226239867,8.206857194,8.230384782,8.082884413,8.501860326000001,8.250855507999999,8.340722076
Ga0242637_11286,10.70822892,10.76132612,10.81687618,11.311752199999999,11.32170355,11.28945105,11.6840011,11.71040415,11.62810205,10.80729915,11.28477529,10.93836321,11.26332213,11.06751869,11.00543963,12.56852338,12.66935673,12.76239701,13.11556259,13.37134125,13.27487166,13.26882397,13.64936027,13.46574099,10.71285929,10.59498505,10.89055933,10.55388392,10.60085684,10.73299782,11.73140779,11.66398646,11.58725483,11.17100806,11.05333447,11.6430059,12.70352086,12.96695939,12.67212351,13.99974576,12.92287096,12.4932267,12.91351471,11.93524966,11.92615266,11.934664199999999,13.89240577,14.16624924
Ga0242637_112860,5.1918384710000005,5.454132052,4.936924235,5.54138056,5.4849991860000005,5.539340915,5.07653965,5.1842268439999994,4.7309567139999995,5.267307644,5.118479175,5.36332174,5.245276071,5.024081165,4.8724601519999995,4.389752078,5.416603517,5.3619242730000005,5.73610727,5.967815598,5.538577275,6.80702934,6.506815658,6.139804722,5.227274716,5.546626726,5.071195536,5.150240853000001,5.268860616,4.837999339,5.024950464,5.3024296369999995,4.833019414,5.83100832,5.5282672889999995,5.776699099999999,5.29418298,5.335555734,5.170885915,4.453106302,5.322784787,5.579486505,5.085476312,5.446473152,5.409254872000001,5.590564405,4.678308878999999,4.941547642
Ga0242637_112861,4.786832832,4.600275824,5.380760691,5.147844469,4.984562088000001,5.090210633,4.9209356710000005,4.963699583,5.0473067160000005,5.33118652,5.25404949,5.086255088,5.30734308,5.531674586,5.409213908,5.577775439,6.058317027,5.811059266,6.373073995,6.754607339,6.562648145,7.236386233999999,6.82302007,7.248362872,4.159436799,3.652763928,4.2374047710000005,4.375801711,4.59770328,4.6882346880000005,5.350179206,5.75997554,5.544619892,5.53123974,6.054598248,5.7448849079999995,6.243220588,5.335555734,4.98913372,5.292467671,6.110405722,5.692222557999999,5.944906754,5.10671788,5.469417836,5.169734368,5.451725904,5.6281973910000005
Ga0242637_112862,7.0857142810000004,7.18166166,7.202597458,7.399929143,7.326686287999999,7.295606464,6.777504335,7.076528389,7.146138354,7.101979601,7.376722865,6.941044889,7.327360566,7.141273109,7.163903474,7.397543791,7.394398552999999,7.371645812000001,7.521856754,7.426186607999999,7.661133102000001,8.56934914,8.534760502000001,8.216297699,6.342567085,6.3145460710000005,6.505922541,6.34109949,6.609303126,6.158013727,7.012628766000001,6.9529122910000005,6.863342731,7.383166356,7.328569452999999,7.160754664,7.443309957,7.056937216000001,7.189952047999999,7.694454717999999,7.677963712,7.424416872999999,7.364835769,6.629177759,6.697752363999999,6.538522199,7.870322837000001,7.7323116270000005
Ga0242637_112863,5.787389618,5.753059007,5.8615688079999995,6.013058472999999,5.914440741,6.227533759,6.199616729,6.129989577000001,5.7385843329999995,6.356469236000001,5.454693014,5.767668373999999,5.834414947999999,5.918886473,5.814939232,5.93213082,6.304208793,6.360455159,6.476448887999999,7.309772572000001,7.099707992000001,8.475138391,8.65913756,8.136661327,5.57198214,5.678879229,5.90760089,5.974503231,5.8589682089999995,5.748832695,6.278926952000001,6.683889763,6.053191622000001,6.916874717000001,6.981805377000001,6.54871191,6.761999476000001,6.495236836,6.685450226,6.691129736000001,6.398391844,6.43645996,6.522144706000001,6.376367494,6.043816337000001,5.951024488,6.704052000000001,6.530841443
Ga0242637_112864,9.164103343999999,9.078211886,9.026391553,9.401137351000001,9.217076552,9.412972376,9.442565855,9.392610135,9.420170021,9.206681595,8.835722114,8.622075031,8.946110211,9.10991028,9.067450813999999,9.675356514,9.847288676,9.802876087000001,9.772829629,9.894366892,9.681952388,10.43725197,10.49597067,10.21304463,8.895908786,9.130627106,8.872149847000001,9.148768867000001,9.140656179,9.167228767000001,9.503389669,9.729715303999999,9.39526077,9.414378238,9.330810478,9.447422353,9.79869062,9.906314943,9.54851946,10.60227208,9.48827281,9.400891439,9.790000539,8.769932812,8.799644278999999,8.892666241,10.27979228,10.66405545
Ga0242637_112865,2.7843994210000003,2.422088851,2.930832432,2.8641280410000003,3.273794517,2.891426793,2.664422505,2.4271808669999997,2.802740674,2.485405011,2.911501305,2.545388166,3.136324976,2.913262576,2.836309725,3.063272146,2.783394397,2.452468344,3.5826343030000003,3.261710257,3.8028251330000002,3.9332210489999997,4.668031599,4.475591067,2.757788731,2.4340741830000003,2.501599896,3.0165719139999996,3.5583942139999998,2.8067615000000004,3.275786601,2.505573503,3.278155795,3.040752658,3.889328561,3.2906310889999997,4.818200909,2.910528862,3.2994000619999997,3.7022288089999997,2.713663973,3.9122902089999996,2.667729675,2.9134069030000003,3.190463246,2.9136076980000003,3.908340615,3.525262858
Ga0242637_112866,3.1795039910000003,1.764951351,2.930832432,2.669405787,3.1258350760000004,2.6922148339999996,3.017944431,2.8930991230000003,1.764951351,3.316819254,2.911501305,3.7054419960000002,3.642811276,2.913262576,2.993237353,3.063272146,2.783394397,2.728466907,2.620112537,3.942535777,3.469757717,5.243817781000001,4.919580587,4.845648752,2.473778066,3.453203863,3.0152714460000003,2.502396276,2.905376211,3.36495514,2.4650293580000002,3.616358705,2.957319384,3.51860132,3.584336313,2.940004623,1.764951351,2.910528862,2.974604675,3.52051745,3.35606442,4.03641017,2.667729675,3.224071216,3.190463246,3.224318896,3.617730023,3.525262858
Ga0242637_112867,3.698529345,2.422088851,2.4500833419999997,2.669405787,2.4640428340000002,2.6922148339999996,2.4060372180000003,2.4271808669999997,2.802740674,3.9610702360000003,4.218583159,4.624800024,3.642811276,2.587354007,2.64618703,3.547978091,3.6967962130000003,3.379426388,3.2071134580000003,4.067851648,3.003423942,4.927376411,4.994320674,4.475591067,3.752046685,2.904468678,4.2374047710000005,4.499638053,4.551631663,3.73698757,4.551085283,4.3849201980000005,4.700824776,4.7509363360000005,4.467038435,5.081055200000001,4.615431697,4.856866072,3.431922531,4.129906508,4.621105128,4.6073727060000005,4.213173858999999,4.191477412,4.982365562,4.567961712,4.250125233,3.525262858
Ga0242637_112868,6.998537739,6.431205219,6.838875869,6.7286603860000005,6.738541908999999,7.040738219,6.930700823,7.371530984,7.17393157,7.72670733,7.595046579,7.299602771,6.560240017999999,6.427719413999999,6.296254961,7.857415906,7.624818231,7.706561702999999,8.799940312999999,9.499445343,9.421292917999999,10.919560699999998,11.05730291,10.48148927,6.6011031739999995,6.650502145,6.656140214,6.13253494,6.458258782000001,6.632456863,8.469359316,8.59509071,7.897846647000001,8.674937199,9.196592247,8.805571267000001,8.069508682999999,7.617663192,7.549951694,8.184921005,7.801354187,7.828089955,8.401271182,7.608332204,7.61164133,7.3455960220000005,8.378797718,8.172149388
Ga0242637_112869,5.898883959,5.828125547000001,5.802013633,5.8320685789999995,5.635024095,5.915669562000001,6.23932315,6.259409334,5.968181014,6.607872536,6.324916617,5.92163303,5.607412015,5.776315209,6.089636481,6.2160191320000004,6.527997551,6.86808097,7.174141366000001,7.448382325,7.446649796,9.241304968,9.165896648,8.758764615,5.911134035,6.273416267999999,6.091745041,6.015672426,6.050179923,5.935518384,6.9756598489999995,6.974094147000001,6.702332816,7.186469493,7.7145149989999995,7.13039894,6.243220588,6.342794463,6.440691297000001,7.311059351,6.723966422,6.618102637000001,7.042394207,6.745769277999999,6.392255812,6.490685711,7.610783627999999,7.212159637
Ga0242637_11287,6.873435421,6.8276722439999995,6.934167344,7.31491381,7.556180061,7.227267756,7.69090841,7.550498123,7.6534336960000005,7.190155406000001,7.24302656,7.222908003,7.528295805,7.376276504,7.2092645829999995,9.203468215,9.338824545,9.669889114,10.49470286,10.28336901,10.24880856,10.18595853,10.43265343,10.38313249,6.893183402000001,7.041646512000001,6.948527253,7.013697155,6.684511967000001,7.1193057479999995,8.183716322999999,7.902612039,7.831953925,7.593773247000001,7.397993598999999,8.166116566,9.09994177,9.30427368,9.464814336,11.03930906,8.809162002999999,8.567645699,8.588112741,8.358976015,7.427896822,8.160128331000001,10.74667531,11.09592127
Ga0242637_112870,7.434615889,7.202903697000001,7.41564912,7.46337823,7.3980577389999995,7.500572924,7.458783259,7.610925566000001,7.673037506,7.767393368,7.835518764,7.752538652999999,7.258842952999999,7.268878585,7.240812927,7.651029716,7.598772296,7.551835001000001,7.512169382000001,7.5129899060000005,7.4355951739999995,7.305428628,7.956667266,7.406166355,7.227436392,7.342349185,7.335987645,7.158277805,7.415706835,7.349663901,7.768969326000001,7.623262447999999,7.70744627,7.973376909,7.796774927,7.922259249,8.235420032,8.140674108999999,7.5170726629999995,8.630059068,8.417491822,8.49731105,8.297913685,7.345086954,7.350482686,7.636555124,8.304574179,8.743441359
Ga0242637_112871,9.866723712999999,10.03700601,9.719785245,9.732515091,9.55340857,9.609587952,9.299948572,9.211156797000001,9.146412278,8.463072955,8.616280047,8.862154488,9.309934972999999,9.593677781,9.548934344,8.669084695,8.793288371000001,8.779298346000001,8.121407385,7.96180169,7.896982322,7.087508715,7.790446735,7.459520327999999,8.365731669,8.634868765,8.484220302999999,8.821316923,9.107890856000001,8.877617692000001,8.575027726,8.560521769,8.867277604,8.699747294,8.290138307000001,8.44042856,8.217900238,8.94976624,8.979735739,7.422871234,8.564072117,8.75154432,8.080645417000001,8.80452468,8.552533053,9.105865178,7.396575276,6.757720504
Ga0242637_112872,3.1795039910000003,3.425456982,2.4500833419999997,2.409644588,2.953773423,3.196938321,3.155796047,3.437259219,3.2040458910000003,3.450563658,3.3486969460000005,4.024865287,3.642811276,2.587354007,3.456396836,3.063272146,3.3308858669999997,2.934755081,3.7340261939999997,3.4707135389999997,4.181123441,4.835778512,4.840645444,4.365241902,3.143822338,3.0702452019999997,3.0152714460000003,3.196494403,3.5583942139999998,3.625076574,2.4650293580000002,3.7278747230000002,3.409177202,3.931277971,4.524616065,4.631806248,4.090071432,3.347410348,2.761863632,3.52051745,3.761569239,3.9122902089999996,3.283209092,2.9134069030000003,3.190463246,3.080556652,4.032303163,2.685057094
Ga0242637_112873,3.981339932,3.710259249,3.783277731,3.7585457030000002,3.727858533,3.5378787089999997,2.858160055,3.324328978,2.802740674,4.389318268999999,4.12472298,4.624800024,3.7419712460000003,3.518874686,3.787498028,3.3312073310000003,3.465611188,3.2503850360000004,3.7340261939999997,3.4707135389999997,3.64741757,3.735313503,3.3872535110000004,3.967222743,3.425532893,3.5570608089999998,3.607398345,3.350872453,3.6541520239999996,3.36495514,3.821877488,3.7278747230000002,3.733234295,4.401735515,4.344097046,4.40180063,4.615431697,3.662028972,3.149291978,4.002277801,1.764951351,4.6073727060000005,3.6742944960000004,3.465722858,3.190463246,3.7560954489999996,3.7713112289999997,3.866371795
Ga0242637_112874,5.588691932000001,5.194270186000001,5.353272905,5.583727362,5.704514842999999,4.8539482210000005,5.134278631,5.241402178,5.236456361,6.776947824,7.059384797000001,7.078010547000001,5.077074477,5.341670188,5.192383963,5.280820142,5.291238733999999,5.41643281,5.2654368069999995,5.2661502030000005,5.104939347,5.243817781000001,5.429562132999999,5.202656485,5.321587674,5.523343122000001,5.721345382000001,5.53850578,5.525426303,5.444430189,5.164115448,5.160708887,5.168190876000001,5.918436255,6.251177785,6.136525576,5.845938526,5.489425957000001,5.47661902,6.38209156,5.665297426,5.894103462,5.025201303999999,5.169295167,5.636034024,5.0747936430000005,6.3189180579999995,6.059163999
Ga0242637_112875,4.140753994,3.942239546,4.601966904,4.216990205,4.384900493,4.0230464239999995,4.545852507,4.154517597,3.927618893,6.658239547999999,8.270190135,7.531914095,3.9197569839999997,3.917412155,3.787498028,4.4900135830000005,4.582983929,4.745062231,4.769522941,4.860785042,4.790629011,5.5023955010000005,5.960243686,5.587314472,3.844348227,4.348487282,4.30716112,4.992980103,4.4034040480000005,5.056780545,4.387889002,4.825903146,4.137988429,4.897392191000001,5.185963425,4.974582655,3.7220789030000003,4.464627463,4.68738559,4.864979065,4.526930893,4.6073727060000005,4.319533971,4.613783816000001,4.230481,3.7560954489999996,5.221123476,4.941547642
Ga0242637_112876,3.893771605,3.0479219410000002,3.3742476210000003,3.677498875,3.9848634689999995,4.088802371,4.090398034,4.091802658,3.7300873130000003,6.776947824,8.681321405,8.118019935,3.9197569839999997,3.154430736,3.632975974,4.389752078,4.281103862,3.4955664389999996,4.302796251,4.067851648,4.475808083,4.632374016,4.7570015539999995,4.113428357,3.930480587,3.3393896030000003,3.19503281,3.609195169,3.214162602,3.625076574,3.406639872,4.096620832,3.129829243,3.416535432,3.889328561,4.40180063,4.090071432,4.3045167,4.4232196539999995,4.545835038,4.068024151,4.6073727060000005,4.097700825,3.755778032,2.792585865,3.7560954489999996,5.317895342,4.798593744
Ga0242637_112877,5.082054823,3.942239546,4.860393744,4.641876781000001,5.092846127,4.211327143,4.853537622,4.617394197,4.920335663,8.846104508,10.46180336,9.730532476,4.66504715,4.221805808,3.8582441469999997,4.281559972,4.061476221,4.34968863,4.302796251,3.803921163,4.790629011,4.737776482,4.919580587,5.264394062,4.292841717,4.112162506000001,4.163851932,4.1660224,4.047550568,4.329301877,4.387889002,4.318388806000001,4.653823782,4.998011383,4.733613761,5.380412832,4.090071432,4.608026708,4.4232196539999995,4.632733889,4.7092957680000005,4.351588736,4.75442959,4.191477412,5.063055895,4.470605637,4.602649512,4.552351294
Ga0242637_112878,4.213849054,3.188618776,3.692998448,4.101398217,4.598331827,3.9538468489999996,4.028820076000001,4.379729396,4.099120538,8.156778023,10.12446198,8.974560504,4.216089736,3.917412155,3.925317194,4.389752078,4.138748662,3.789455175,4.302796251,4.385771447,3.64741757,5.094429967,4.109167166000001,4.7619335519999995,3.844348227,2.904468678,4.08603391,3.720385549,3.071269312,3.73698757,3.127659418,4.3849201980000005,3.8248971380000003,3.931277971,3.976769105,4.766360622,3.19781202,4.737982187,4.301503826,4.453106302,4.526930893,4.68310128,4.896326773999999,3.755778032,4.3663536910000005,3.8395838010000003,3.908340615,3.310755737
Ga0242637_112879,4.28318584,3.79233372,3.5957216260000004,3.9748242310000004,3.629237593,3.720956082,3.388118941,3.54034049,3.927618893,7.538032236,9.099369962,7.919755632,3.136324976,3.040961976,3.357279135,3.063272146,3.891911795,3.1044040639999997,3.5826343030000003,3.942535777,4.475808083,4.105023658,4.7570015539999995,4.475591067,3.5443074930000003,3.5570608089999998,3.820616643,3.609195169,3.454475608,3.36495514,3.6315993030000002,4.2484376169999996,3.910455573,3.180771594,4.344097046,4.175373085,3.7220789030000003,2.910528862,3.2994000619999997,1.764951351,3.761569239,4.149880037,3.8313353180000003,3.6664255989999996,3.190463246,3.080556652,3.2361992219999998,4.007957471
Ga0242637_11288,2.7843994210000003,2.884693773,2.725182339,3.024689424,3.629237593,3.3221123230000003,4.090398034,3.723610747,3.2040458910000003,3.680174811,3.6635147669999997,3.5782764410000003,3.7419712460000003,3.518874686,3.2488538360000003,5.664450563,5.446292747,5.2157469,5.218180433000001,5.161685736,4.859361138,5.0133739969999995,4.240772454,5.07047746,5.466084075,5.021994946,4.859823026,3.720385549,3.82616232,3.625076574,3.821877488,4.5671028389999995,4.50244731,5.091927392,4.827425965,5.131426844,5.422921493,6.846441292000001,5.237520891,8.3574042,5.575530368,5.413829457,4.896326773999999,4.309901821,4.603319646,4.19184173,8.041811308,8.753036456
Ga0242637_112880,5.3261307989999995,5.222501755,5.60685945,5.760141677999999,6.045001939,5.4932897060000005,5.527171992,5.919686915,5.903080129,7.092857844,7.93223016,7.02251506,6.169799106,5.776315209,5.988965352999999,6.096716606,6.803770055,6.838614712999999,7.149351592,7.209359308,7.542502545,7.449650332,6.882603522999999,6.869002875,5.466084075,5.321969697,5.696262601,5.450910518,5.616384732999999,5.504822717000001,5.461940492999999,5.4617641070000005,5.594626205,6.1087839420000005,6.073623614,5.776699099999999,6.375740119,6.078727864,6.292926043,5.9879025189999995,6.638211925,6.043013147000001,6.236194534,6.002701009,6.228573506,5.9686206770000005,6.065372936,6.234161219
Ga0242637_112881,5.641014178,5.500861604,5.802013633,6.131679505,5.256720726,5.2925842,5.368440552,5.587854455,5.43448405,7.101979601,6.957969167999999,6.762823569,5.423897621,5.341670188,5.316901363,5.860616327000001,5.68889131,6.018445817000001,6.036445229,6.086052777000001,6.389951718,6.078487558,5.532841605,6.038029805,5.227274716,5.699778795,5.591285377,5.888440105,6.1748033079999995,6.040944895,5.795880545,5.735294446,6.0352413689999995,6.811463083,6.643416055,6.838990663,5.845938526,5.628299527999999,5.420503095,5.238749722,6.172806286,5.92514813,5.660000498,5.761581926,5.737211476000001,5.7620501520000005,5.0051764169999995,4.871888998999999
Ga0242637_112882,6.6243675920000005,6.357262711000001,6.444722903,6.201130538999999,6.486607947,6.309261059,6.102463161,6.1889533189999995,5.811407347,5.827360771,6.031900167000001,6.3765485029999995,6.572848694,6.437210236,6.196657419,6.796755582,6.514114227,6.613512954,6.284665692000001,6.772322245,6.5828474329999995,6.117484336,5.532841605,6.002435286,6.117068775,5.875292813,6.491455609,5.773041302999999,5.1819052469999995,5.6184418439999995,5.858317548,5.831564123,5.800240818,6.403249746,6.363579272000001,6.40381689,7.142552369,7.303809337000001,6.853003915,7.88869668,6.900059642,6.6369394470000005,6.883362422,6.069412979,6.510983842999999,6.309494405,7.66656342,8.200480342999999
Ga0242637_112883,8.068982205,8.118596466,8.271490246,8.533011086,8.223535748,8.419548257999999,8.069985886,8.209820171,8.168074505,8.867645801,8.824968129,8.770859584,8.338150087999999,8.170645763,8.106141305,8.956613776000001,8.781761555,8.694186057000001,8.509975131000001,8.643598814,8.531973594,8.765804401,8.130465843,8.431799251000001,8.358390376000001,8.387977861,8.346509457,8.04704207,7.903001354,7.9340306720000005,7.888095067999999,7.76969132,8.232408165,8.933160847,8.831653603,8.750778237999999,8.430568203,8.90289733,8.211024495,9.780435907000001,8.98428792,9.119156232,9.073676926000001,7.941581458,8.336740121,8.322448732,9.510964443999999,9.916234152000001
Ga0242637_112884,4.472236948,4.684705087,4.77944872,4.641876781000001,4.441439466,4.656963169,4.745949426,4.573021305,4.963942665,5.267307644,4.739976276,5.041850661000001,4.7577086710000005,4.3921291710000006,4.268871987,4.97489283,4.784519682,5.120220928999999,5.558442277999999,6.086052777000001,6.219701615,6.783010875,6.481331944,6.234841304,4.471220857,4.235484963999999,4.2374047710000005,4.309413512,4.237162325,4.634514988,5.858317548,5.605065865,4.991882299999999,5.6587811420000005,5.500333825,5.807821654,5.751330366,4.737982187,4.587683268,5.000863439,5.429319039,4.754924248,5.198829547,4.9004125730000005,5.211812222,4.937387107,5.451725904,5.007921351999999
Ga0242637_112885,3.5882946430000002,3.710259249,4.021383903,4.422193692,3.727858533,3.720956082,3.748712635,3.437259219,3.618475267,4.261120417,4.388768833,4.5626886739999994,3.53504885,4.221805808,3.925317194,4.035114441,4.211803736,4.405768825,4.954887797,5.106417025,5.264641359,5.37897011,5.1328806060000005,5.07047746,3.844348227,4.045959163,3.349279727,3.486982523,3.5583942139999998,4.1851910939999994,3.821877488,4.2484376169999996,3.910455573,4.401735515,4.524616065,4.631806248,3.7220789030000003,4.3045167,3.431922531,4.545835038,3.923781767,3.445576453,4.097700825,3.839256689,4.3663536910000005,3.917989517,4.145636678,3.707348591
Ga0242637_112886,4.140753994,4.2559482730000004,4.223012272,4.216990205,4.547988485,4.088802371,4.502119858,4.2144303910000005,4.625687201,4.389318268999999,4.858901346000001,5.041850661000001,4.1479527,3.8590685010000003,4.412551724,4.904869941,5.041072829,5.24621047,5.863888597000001,6.523051353,6.245292997000001,6.458368144,6.739535199,6.586578389,4.011281094,4.175237798,4.003383257,4.1660224,4.176888662,4.259162309,4.498806175,4.825903146,4.653823782,4.243951367,4.733613761,4.733919193,4.377864054,5.335555734,4.638428239,4.246408504,4.944709092,5.122407431,4.213173858999999,4.470215957,4.7081409160000005,4.36583428,4.347120349,3.866371795
Ga0242637_112887,4.786832832,4.643131277,4.503928157,4.1604384130000005,4.984562088000001,4.61399296,4.588244386,4.326831004,4.387612859,4.762303356,5.210283856,4.948618036,4.565772871,5.074048457,4.622938842,4.904869941,5.001430864,4.94510423,5.66766739,5.76988924,5.996681476,6.038401672000001,5.922806584,5.380361131,4.471220857,5.0872886280000005,4.990409729,4.7182830000000004,4.846067195,4.92963042,4.697037544,5.044266382,4.790327679,5.575031186,5.608930552,5.556006155,3.19781202,4.3045167,4.480248635,5.182918672,4.944709092,5.067434938,5.025201303999999,5.10671788,5.409254872000001,4.744292858000001,4.522624281000001,4.721248791
Ga0242637_112888,4.140753994,4.198816504,3.867591407,3.16318366,4.13185483,3.5378787089999997,4.028820076000001,3.8060999410000003,3.927618893,4.808272022,5.491639599999999,5.595124285,4.216089736,3.917412155,3.925317194,4.4900135830000005,4.211803736,4.561454398,4.206860836000001,4.385771447,3.8028251330000002,4.927376411,5.259079827,4.845648752,4.0874184730000005,4.045959163,4.08603391,4.499638053,4.503972568,4.259162309,4.498806175,4.096620832,4.391441637,4.998011383,4.633041184,4.700706096,3.7220789030000003,3.662028972,4.167803702,4.632733889,3.923781767,5.499061404,4.097700825,4.51974777,3.4799555860000004,3.917989517,4.602649512,4.639364039
Ga0242637_112889,5.787389618,5.846293105,5.583435282000001,5.9498557629999995,6.02706223,5.825823053,5.630628464,6.0042588189999995,5.580774831,7.95520193,8.556859042000001,7.779560499,6.26618501,5.959031692000001,5.958855267000001,6.477024963,6.442613816000001,6.670387515,7.369231856,7.15640113,7.355744045,7.881296366,8.540932838,7.498278656,5.4933045510000005,5.42621131,5.147612545,5.420473985,5.324007009,5.821720179,6.437018356,6.336477515,5.902877171,6.328735186,6.394143377000001,6.566973832,6.172077286,6.665550105,6.495792927999999,6.78717803,6.523292994,6.414785426,6.455809351,5.93273484,6.228573506,6.069892649,6.17221836,6.530841443
Ga0242637_11289,5.119603225,5.165465121,4.97368299,5.703720787000001,5.87484486,5.807157282,6.028808547000001,5.811139377000001,5.7385843329999995,5.827360771,5.25404949,5.6839969660000005,6.234769399,5.7612453420000005,5.710277532,7.692686315,8.070837138,7.880400132,8.626769739,9.238043174,9.217029112,10.5481877,10.90772188,10.56446644,8.641497235,8.487076842,8.428429562,6.818556632999999,6.382810167000001,6.748862239,6.93771718,6.783264879,6.455123949,7.1934774610000005,7.170010198,7.66716595,8.303445626,8.706345922999999,7.761235162999999,10.10666355,7.432813335,6.779367945,7.01196139,6.672675063,6.646816487000001,6.80609677,9.558411824,10.42391229
Ga0242637_112890,5.716073102,5.044000832,5.40772777,5.2829045180000005,5.2254260210000005,5.0266480069999995,4.853537622,4.781957151,5.271436136,6.810732279,7.425013814,6.59026719,4.616297193,5.098384862,5.139346887,5.437019741,5.291238733999999,5.5684664370000005,6.089640734,6.168747975,6.055767905,6.899287208,7.012735715,6.40791227,5.29084043,4.7662066030000005,5.031380373999999,4.95076686,4.76808594,4.92963042,5.752690304,6.106106572000001,5.544619892,6.152672289,6.035317279,6.231255426000001,6.097225568,5.560550526,4.98913372,5.000863439,6.172806286,5.862371464,5.976844206,4.9004125730000005,5.582626785,4.824748111,5.574061733,5.401599866000001
Ga0242637_112891,7.287136567,7.244470949,7.313056153,7.491320699,7.568606315,7.295606464,6.946758814,6.867165116000001,7.079123673,8.463072955,8.444250928999999,7.7388354370000005,7.48895837,7.209257267000001,6.873108301,7.866543952000001,7.967778916,7.679133208,7.856402018,7.554507195,7.4355951739999995,6.364313645,5.8843656179999995,6.512706494,6.943145902,6.723522646,7.10864552,6.537387268,6.705297705,6.698284781,6.817496362000001,6.734434537,7.097184052,7.588467645,7.0695508579999995,7.142618071,7.925825862999999,7.7446304360000005,7.130314062999999,7.922902637000001,7.968651526,7.690740897,7.997700507999999,7.345086954,7.31831415,7.4429813010000005,7.838300161,8.113761236
Ga0242637_112892,7.374347785,7.216893082,7.702097092000001,7.613308842,7.574779509,7.512106178,7.133698582999999,7.396716426,7.280035712,8.071162122,8.21634047,7.979237392000001,7.846234798999999,7.661513342999999,7.59338412,8.191093176,7.867731953,7.7546553529999995,7.401076959,6.7898218539999995,7.0130996,5.243817781000001,6.229043205,6.1721872939999995,7.343568737000001,7.113238148,7.146041514,6.795147653,6.870818067999999,6.6189221510000005,7.0924955370000005,6.898553529,7.197236939,7.6095739039999994,7.464227319,7.362262535,8.009674187,7.9297252270000005,7.5884416660000005,7.897324533,7.771482248,7.852447594,7.491523339,7.557071376000001,7.844011281,7.737249529,7.962333384,8.106293669
Ga0242637_112893,6.385470317,6.419142491000001,6.580601691,5.900555853999999,6.045001939,5.96699286,5.689287742,5.425134765,5.524045455,9.314530433,10.78118463,9.639457117000001,6.281638967999999,6.109240475,5.973989322,5.8968195439999995,5.291238733999999,5.2157469,5.355480453999999,5.904829262000001,5.361928221,5.997163747,5.532841605,6.1066750260000005,5.911134035,5.946890464,5.971645017999999,5.910445054,5.802066796,5.59087327,5.461940492999999,5.658588847000001,5.6664994360000005,6.250145991,6.217379502000001,6.086709458,6.018255341000001,5.8711413839999995,5.556858237999999,4.864979065,5.575530368,6.014442298,5.536607461,5.567146612,5.280719161,5.369290538,5.7224077289999995,5.071312206
Ga0242637_112894,2.7843994210000003,2.884693773,2.725182339,2.8641280410000003,2.4640428340000002,3.4349120319999997,2.664422505,1.764951351,3.2040458910000003,3.450563658,3.3486969460000005,3.086552422,2.4697179680000003,1.764951351,2.993237353,3.3312073310000003,3.17815798,3.2503850360000004,3.2071134580000003,4.287870375,3.9413868460000003,4.105023658,3.7987871739999997,4.475591067,2.9697458610000003,3.2130425060000003,3.0152714460000003,3.0165719139999996,3.34059104,3.36495514,2.7457562139999996,3.35722349,2.747370773,3.3047612,3.463431424,2.940004623,1.764951351,1.764951351,3.149291978,3.306485327,3.084464068,3.775076592,2.667729675,2.439497919,2.792585865,2.9136076980000003,3.617730023,3.045854701
Ga0242637_112895,3.5882946430000002,3.3131841189999998,3.245552862,3.590839983,3.273794517,3.4349120319999997,3.277942678,3.54034049,3.8326399510000004,4.506527245,4.914784288,4.116088736,3.642811276,3.518874686,3.357279135,4.035114441,4.281103862,3.789455175,4.954887797,5.161685736,5.361928221,5.771053014,5.1328806060000005,5.323559412,3.930480587,3.5570608089999998,4.2374047710000005,3.917216817,3.743072834,3.625076574,4.063137997,4.013713061,3.8248971380000003,5.179993123,4.524616065,4.48280585,3.19781202,4.122987674,4.236306217,4.129906508,3.923781767,4.442236701000001,3.4946380269999997,2.710597517,3.4799555860000004,3.466003933,4.145636678,3.525262858
Ga0242637_112896,3.4671807360000004,3.425456982,2.725182339,3.16318366,2.744398912,2.891426793,2.664422505,2.8930991230000003,2.506512943,3.1652587430000003,3.914464957,3.5782764410000003,3.136324976,2.7656934210000004,2.392844266,3.7318454780000003,3.000261432,3.4955664389999996,4.555764506,4.385771447,4.790629011,5.819219846,5.259079827,6.1721872939999995,2.757788731,3.0702452019999997,3.0152714460000003,4.088157498999999,3.454475608,3.0280757019999998,3.524340602,4.096620832,3.278155795,3.51860132,3.6943890839999995,3.775624263,3.7220789030000003,3.91283721,3.6595699839999996,2.682367728,3.084464068,4.254488025,3.4946380269999997,2.710597517,2.792585865,3.080556652,3.7713112289999997,3.707348591
Ga0242637_112897,6.153735218,6.431205219,6.405323735,6.913587926,6.844595077999999,6.8171430520000005,6.898037609,6.589682461000001,6.774724076,7.036880277000001,6.497625646,6.462545639,6.560240017999999,6.465312632000001,6.4006253939999995,8.101159425,8.403510103,8.696923251,9.247938412,8.995916588,9.092400345,8.490038924,8.350251509,8.836424471,6.327582362999999,6.015082574,6.385895806000001,6.187582506,6.482553717,6.176629778,7.109658157,7.1518989920000005,7.105792302,7.143690574,6.7297801260000005,7.166749823,8.217900238,7.91630075,7.68632465,8.734849565,8.086554298,7.726323999,7.725121082,6.714896465,6.646816487000001,6.844645121,8.783717677,9.103634647
Ga0242637_112898,8.204932786,7.973756739,8.208123119,8.309611517999999,8.281288273,8.385474262,8.324541232,8.4809826,8.253010678999999,9.248332084,8.867511255,8.933051856,8.550423985,8.326663733,8.459719241,9.469144563,9.538662624,9.559927792,9.618911549,9.069339498,9.157742323999999,9.126802908,8.687234923,8.881089652,8.55744191,8.682692372,8.382189249,8.68798439,8.550968047000001,8.579118114,8.792445126,8.887782714,8.564346277,9.318322014,9.318931205,9.353357427999999,9.603401148,9.451117542999999,9.312238639,9.894699339,9.41611364,8.933774992,8.950791243,8.759895123,8.906246852,8.563775668,9.692052969,9.98705678
Ga0242637_112899,7.653266805,7.494611288,7.612791768999999,7.82572026,7.59314207,7.834953414,8.296638644,8.18112451,8.58503445,8.7036535,8.821365578,8.310933777,7.162104601,7.539203379,7.543666652000001,7.866543952000001,8.781761555,8.710531847999999,9.135738762999999,9.397645168,9.401552111,10.97091366,10.73005486,10.01574545,8.358390376000001,8.522551307,7.909107805,8.561999013,8.542338336,8.393078612,8.408283333,8.436375281,8.122226135,8.409147788,8.210926696,8.224737191000001,7.692022105,7.698317935,8.173545251,9.102492513,6.824440749,7.150848067999999,7.388713487,8.036115836,8.073281251000001,7.901564231,8.994501586,8.928413634
Ga0242637_1129,3.5882946430000002,3.79233372,4.021383903,2.409644588,3.727858533,2.891426793,3.155796047,3.0574123839999996,3.2040458910000003,3.874070482,3.516347495,3.275040208,4.000280065,3.2570464360000004,3.8582441469999997,4.671023263,3.3308858669999997,4.1660756469999995,3.991602028,4.182356513999999,4.181123441,1.764951351,4.240772454,4.365241902,2.757788731,3.0702452019999997,2.7960011330000003,3.486982523,3.34059104,3.9350153569999997,3.406639872,3.8303429139999996,3.634407682,3.999983807,3.328847895,3.3863538039999996,1.764951351,3.91283721,3.551058527,3.52051745,3.35606442,3.621276007,2.667729675,3.0803301339999996,4.603319646,3.224318896,2.638270533,3.525262858
Ga0242637_11290,9.582114889,9.480061773,9.615916217999999,9.414328786,9.306938773999999,9.479086074,9.978652826,10.02965541,9.851366277999999,11.16462042,10.72926649,10.97095685,9.698317027,9.47333072,9.853284786,10.52841787,10.98515848,11.16072317,11.7836645,12.16891366,12.12560306,13.79015682,14.96047144,13.63230743,11.304257400000001,11.42063541,11.0100279,11.46058061,11.43785336,11.31656516,11.26063257,11.62437235,10.76046178,11.54652333,11.89375327,11.84170268,11.35443426,11.32219424,11.00540764,11.80395895,10.07990703,10.05021386,10.2856791,10.47566362,10.50283851,10.75169822,11.54741481,11.75415455
Ga0242637_112900,8.953758835,8.596153976,8.944138462,8.447186424,8.589359563,8.428703148,8.71490514,8.693992956,8.796376662,9.84635983,10.12738244,10.03377225,8.514970457,8.474361641,8.640827683,8.798703637000001,8.973811331,9.252806853,10.02687768,10.39181668,10.39288383,9.794118337,9.968814405,9.833314838,9.546073141,9.226956242,9.34561052,9.643751902,9.852576795,9.687843503,9.554391035,9.880255932999999,9.270727501,9.701554304,9.89745856,9.644925876,8.252729566000001,8.219299159,8.399571132,8.082727501,7.242652929,8.143123314,7.884727937999999,9.232368879,9.225191641,9.135291915,8.123793828,7.692965646
Ga0242637_112901,10.17997214,10.01616812,10.26972943,10.00278402,10.11985629,10.15771592,9.968864703,10.02158604,10.01132089,10.24337417,10.29129902,10.46877892,10.34506106,9.952845951,9.980144761,10.04850404,10.13687681,10.15108633,10.36620891,10.21868356,10.32862971,9.797116669,9.438052832999999,9.810403942999999,10.60223679,10.29512198,10.46827602,10.42267857,10.74820539,10.69726274,9.916684334,10.06298662,9.748339588,10.3782944,10.32716518,10.12517008,10.17512163,9.913088175,10.11327012,9.367542661,9.116877834,9.271413282000001,9.043922882,10.71785485,10.97709855,10.788588800000001,9.632624755,9.302954954
Ga0242637_112902,7.427218738,7.488858813999999,7.202597458,7.197679487,7.196603359,7.308893808,7.323942343,7.252411378,7.44877415,7.146741823999999,7.131020562000001,6.8290344339999995,7.528295805,8.03053564,7.655555274,7.237849985,7.379175699999999,7.279659597999999,6.680687091,6.736671761,6.366830345,7.594603642,7.453414029,7.350761500000001,7.047319953,7.545748491,7.459930078999999,7.470399041,7.248870277999999,7.333193838,6.7964464179999995,7.065737563,6.913246471,7.022985995,6.705628804,6.5114776679999995,6.497069943,6.929023064,6.509244753,7.684519022999999,7.380992631,6.81287756,7.303351467000001,7.047758907,6.991043112000001,6.945622944,7.363200292,7.57887756
Ga0242637_112903,6.851486391,6.809315872999999,7.040772955,7.550951808,7.518245476000001,7.315491826000001,7.686136,7.626975536000001,7.410353145,7.092857844,7.131020562000001,6.976526291,7.085035627000001,7.039117182000001,7.259415682999999,7.608133735,7.611854076,7.445142849,7.411537556,7.392238797,7.532161574,7.738837951,7.625959592,7.632092599,6.743297869,6.831273417,6.948527253,6.6975096679999995,6.852304028,6.935082977,7.003475093,6.9529122910000005,7.105792302,7.561642767,7.187546267,7.09310728,7.71718383,7.91630075,7.420810127,7.5266314020000005,7.887427509,7.852447594,7.706245301,7.1966511870000005,7.163949333,7.398352187,7.66656342,7.443170052999999
Ga0242637_112904,7.763095077000001,7.897661692000001,7.760435586,8.500391619,8.5334194,8.629965315,8.127437045,8.202699602000001,8.168074505,7.654172335,7.569496947,7.731934684,9.053343162,8.723181794,8.682762245,8.769808627,8.505143504,8.621132435,7.817606351,7.448382325,7.511254419,7.846979295,8.39182438,8.120192462999999,7.638520085,7.0086492620000005,8.097392949,7.917630293999999,7.685079721,7.917557808,7.515821665,7.437577271,7.800495736,8.20592684,7.808152442000001,7.70472458,8.905733439,9.063727167,8.879854592000001,8.700758286000001,8.522836191,8.694309549,8.322907812999999,8.501339388,8.407228607999999,8.427684376,8.766806935,8.762568153
Ga0242637_112905,9.370956536,9.283150714,9.288470805,9.268601904,9.142172759,9.348514124,9.290548952,9.502507576000001,9.340702825,10.29297591,10.87191623,9.688388699999999,8.993715624,9.41337744,9.414368287,10.66414188,10.60338047,10.73816951,10.21473035,10.21383463,9.992102083999999,9.241304968,9.228419902999999,9.457506651000001,9.163555178,9.037655042999999,9.22417487,9.746398412000001,9.612643014,9.630049711,8.800390011000001,8.546458842,8.967446982,10.442172,10.29821454,10.08460236,10.49535684,10.33990182,9.877256457,11.39802543,12.27329229,11.53622462,12.12587227,9.746066707999999,9.743971347999999,9.713158738999999,11.14373715,11.38991959
Ga0242637_112906,11.47458382,11.34241563,11.59018558,11.05386525,11.05327794,10.99606283,11.35442131,11.40859643,11.51002153,8.727412285,8.439558492,9.935102647999999,10.57057055,10.71504231,10.69019396,8.917629805,8.778865402000001,8.42046164,7.6332956329999995,6.543835915,7.0130996,7.566755489,7.301683833999999,7.584857438999999,11.45510868,11.28521115,11.15743143,11.88977774,11.9804427,11.87718772,10.60039223,10.44195304,11.05623475,8.886379566,10.3202301,10.39519025,8.768071128999999,8.432325196,8.543626267999999,7.931328842,8.697121595,8.867608633,10.60253513,10.84850939,11.20302222,10.85494618,8.232495291000001,7.702903251
Ga0242637_112907,11.41648719,11.41205574,11.28846126,10.80674236,10.89582199,10.76503529,11.13302778,11.12297907,11.17468173,8.572063326,8.114034802,9.561827427999999,10.19328159,10.57505125,10.72962396,8.485781868,8.466065682,8.331663612,6.919405475,6.028151717999999,5.90322142,7.0068739110000005,6.863014993999999,6.537754228,11.5743492,11.29336291,11.37175374,12.04686148,12.19245087,12.02159995,10.13134647,10.18600444,10.67849165,8.438926221000001,10.11342799,9.689308076,8.182208989,7.713921295,8.336910524,7.398762882000001,8.028807421,8.428779273,9.687889942,10.57131189,10.21045573,10.28900748,7.830182136,7.266789509
Ga0242637_112908,10.48337721,10.38074749,10.2842593,9.82870682,9.889232465,9.628249798999999,10.08849635,9.981588272,10.27234736,7.909194693,7.405891121,8.662549761000001,9.086654812999999,9.396474269,9.403263548,7.333140629,7.394398552999999,7.322845292999999,6.214597157,5.967815598,5.6193236120000005,6.228496762000001,5.8843656179999995,6.1066750260000005,10.33408175,10.2942671,10.03358183,10.83831835,10.90451056,10.69000826,9.223149266,9.051070071,9.61909083,7.413489522000001,8.962130107,8.720545609,7.741914006,6.72840642,7.173162972,6.081954045,6.9183599120000006,7.6542574210000005,8.486697782,9.401701753,9.580749821,9.167932302999999,6.5931841129999995,6.4385855670000005
Ga0242637_112909,9.884381417,9.92541841,9.877832816,9.401137351000001,9.348954438,9.508164502,9.995141723,9.891477332000001,9.986733627000001,7.69089589,7.525881571,8.610836476,8.926619276,9.324257188999999,9.406047757,7.223707786,7.082895785,7.219989022999999,6.238335006000001,5.659621767999999,5.996681476,7.200583786,7.440261681,6.4348352570000005,10.46287553,10.27619669,10.23345602,11.052568699999998,11.13624318,11.03098865,9.303608962,9.398967378,9.623590984,7.8809333939999995,8.625271952,8.738761113999999,6.900325658,6.5309503410000005,7.086151866,5.9879025189999995,7.006528317000001,7.778104527000001,8.551573637999999,9.49390913,9.460680048,9.041007087999999,6.514223714,6.178165077
Ga0242637_11291,5.3261307989999995,4.875814748,5.535401821000001,5.308440455,5.4312682,5.5618210239999994,5.670000819,5.323067096,5.608316198,6.45951993,6.197054432000001,6.125419706000001,5.146769223,5.279345685,5.38669096,5.041600655,5.559229,5.5684664370000005,6.976904564,8.589716057999999,8.730403337,11.10277291,12.57561092,11.04193902,5.646550329,5.699778795,5.147612545,5.222770135,5.638247326,5.015657664,6.639793323999999,7.343082005,5.618987796,7.281609402999999,7.640067287000001,7.911592422000001,4.995296209,5.25189535,5.331952749,5.778988445,5.941392431000001,5.618061775,6.386266174,5.395190985,5.346438148,4.900834924,5.757208706,5.351613692
Ga0242637_112910,12.40860532,12.37931469,12.25480633,12.08287683,11.90707215,11.97243277,12.41263218,12.37091929,12.54403459,10.39013241,10.05407202,11.01850688,10.97631706,11.55316721,11.55581662,9.4141893,9.249598181,9.368914138,8.850774012,8.609543448,8.646627833,9.947721297000001,10.35946187,9.518465242000001,12.53193053,12.24792009,12.48193134,12.98288448,13.23467134,13.18298386,11.720284199999998,11.79092712,12.14908508,10.82363778,11.22387593,11.1223255,8.8836828,8.782300147,9.259558875,8.436480999,9.533460405,10.08659696,10.58456432,11.40054474,11.41930506,11.21837211,8.531778256,8.268964706
Ga0242637_112911,9.889771361000001,9.848919476,9.799076358999999,9.265370045,9.014051641,9.240028053,9.41399428,9.486473956000001,9.645218836,8.629934927999999,8.296379337000001,9.059678782,8.729817381,9.098010562,9.070963896,6.889289082,7.129136572,7.149767216,7.411537556,7.709563376,7.521745895,8.900158472000001,9.193584582,8.636721584,9.696284387999999,9.210737522,9.786778757999999,10.53105979,10.81420779,10.66144445,8.887500602000001,8.92901543,9.363328013,9.072655447999999,9.050989159,8.854651818999999,6.6089580539999995,6.302017581,6.612558363,5.578091949,6.474626088,7.752446676,7.545622969,8.492273392000001,8.496155315,8.346134066,6.119789277000001,5.401599866000001
Ga0242637_112912,11.756720300000001,11.82961065,11.75866046,10.55872767,10.338728,10.53925968,10.610030400000001,10.74644288,11.1090506,10.02592213,9.677395493999999,10.55534719,9.94952584,11.15661906,10.16078727,8.362173653,8.44429569,8.310371455,8.361468268,8.772308039,8.557685257000001,9.605183869,9.839587165,9.230866314,10.11963469,9.599215482,10.54809795,11.35757248,11.83699416,11.55573316,10.11445169,10.06422085,10.67704916,10.40870704,10.21946687,10.381086199999999,8.755983544,8.262375401,8.473396296,6.6508413310000005,8.474219156,9.534826512999999,8.776303364,9.85851447,10.3016793,10.28463688,7.340513119,6.67929411
Ga0242637_112913,8.317212741,8.084680843,8.293206638,8.185147247,8.428276018,8.083198881,7.765193941000001,7.991690079,7.9227144439999995,9.525727166,8.053897477000001,8.430819905,8.801123217999999,8.38659144,8.555623901,8.248077334,7.997983195,8.013727828,8.514833071,8.414824018,8.429862865,10.30237338,11.77508036,10.22271752,8.15732501,7.822151486,8.297520527,7.775450283,8.224029563,8.215820943999999,7.679884015,7.891527916,7.735442521,7.841338532999999,8.644437576,8.423010562,8.445698785,8.617900646,8.259528342000001,8.650614886,7.577956478,7.672614546,7.46930196,8.015168386000001,7.866427077999999,7.981523161,8.501430719,8.738619769
Ga0242637_112914,8.035327582999999,7.875791571000001,8.012533227,8.033801237,8.171541981,7.915317135,7.9397288779999995,7.987552752,7.79733088,9.771204317999999,8.693196789,8.64796274,8.277892225,8.049198407,7.848066195,7.857415906,8.269620038,8.299606337,9.221439039,10.00516133,9.80512662,10.93325285,12.49604753,10.90686471,7.531593977000001,7.640304413,7.819399872000001,7.657165512000001,7.776236762999999,7.826376017,7.821976316000001,7.946115759,8.057169624,7.753998912,7.963770386,8.340592266,8.629186868,8.99516017,8.72151461,9.037641765,7.905876757000001,7.786556685,7.934232195,7.657832958999999,7.910239703999999,7.981523161,8.865419682999999,9.18386071
Ga0242637_112915,8.497498508,8.287128148999999,8.478371875,8.819696112,8.640271482000001,8.866169617,8.953969828,8.859325333,8.729311735,10.90688866,10.185984800000002,9.757959538,8.624879205,8.599917113,8.504576643,9.079439647000001,9.607202796000001,9.544814613,10.76824765,11.59499395,11.51070153,12.45917474,13.73596937,12.26229973,8.774304451,8.761511775,8.565782800000001,8.812607312,8.743957269,8.831474453,8.957857914,8.918134763,8.82621913,8.530285062,9.009709134,9.48866722,9.792786677999999,9.939867511000001,9.79738369,10.08794565,9.052105665,8.75154432,9.447721936,8.676975356,8.959341301,8.871838278,10.10581616,10.23998068
Ga0242637_112916,7.113639142,6.557619304,6.961567407,6.765764293999999,6.600018259,6.639118902000001,6.759431202999999,7.04500827,6.902084452,9.518936554,8.929062112,8.320164131,7.119798335,7.331224992999999,7.265563623999999,7.772554242000001,8.380767556,8.475699524,9.179225207,9.704628391,9.577747458,11.39169011,12.54523145,11.17842396,7.028930935,6.78329285,6.8724607870000005,7.158277805,7.176324364,7.341452393,7.535000335,7.623262447999999,7.139720085,7.054123276,7.464227319,7.671387771,8.108062281,8.592807361,8.456158526,8.715467599,7.073373025,7.042057949,7.524226103999999,6.672675063,6.7469474510000005,6.766488066,8.551660943,8.998657511000001
Ga0242637_112917,8.059446467,8.126026176,7.986108509,8.08236571,7.928121815,7.8801516110000005,8.30910648,8.345312518,8.253010678999999,7.999786717,7.636648227,7.799499686,7.882099565,7.992469582000001,8.106141305,7.928871942000001,8.223498877,8.306792003,8.543642067,8.392108322999999,8.547455523,8.837460729,8.583415117000001,8.764074054,8.178323812,8.308913039,8.473233452,8.719387546,8.669302017,8.866219519,8.614618212,8.658573287000001,8.447365595,7.534309317999999,8.052542756,8.244704208,8.31996229,8.364752917999999,8.500555287000001,9.271275345,7.2570999039999995,7.786556685,7.480455463999999,8.857260923,8.665484706,8.685476855,9.22555182,9.263220432
Ga0242637_112918,7.768958134,8.122316105,7.728907522,7.767503044,7.8989001960000005,7.7835424,8.202872144,8.159221774,8.149537596,7.538032236,7.405891121,7.578822514,7.289698015,7.645247336000001,7.683369803,7.682384446,7.972857097,8.240794698,9.081108359,9.033095119,9.171129331,9.713890635,9.931716765,9.600886011,7.732392237000001,7.634910685,8.00377787,8.483692517,8.387135362,8.734508939,8.495695632,8.734963987999999,8.513522274,7.320536562999999,7.561565312000001,8.001518118,7.766227193,8.093742981,8.503914486000001,9.060864605,7.198422224,7.477592549,6.980871821,8.586159099,8.312457105,8.39236892,9.085962172,9.08855634
Ga0242637_112919,7.1855633260000005,7.237625797000001,7.255199876,7.8518170210000005,7.9329350320000005,7.9538796970000005,8.209538202000001,8.209820171,8.135476871,8.208344651,8.839289033,8.159750927000001,7.482296497,7.371339752000001,7.307880228999999,7.801399925,7.736531086,7.875575335,8.102167791,8.285213638,8.194465399,8.091313816,8.285555351000001,8.15294426,7.511873071,7.487085465,7.692494919,7.149077573,7.213053747999999,7.467533293,8.647289511,8.923585355,8.232408165,7.8634697529999995,7.874594502000001,8.123616751,8.399822399,8.208326037,8.117629001000001,7.4347758829999995,9.148204985,8.657925038,9.948948879,8.297848494,8.228427643,8.069529036,7.562593172000001,7.631857271
Ga0242637_11292,8.450853148,8.617394192999999,8.481527927,8.66886089,8.68660081,8.751681381000001,8.640396615,8.709146101,8.684951266,8.912380119,8.125767113,8.080487779,8.374571672,8.541803268999999,8.255651983,8.560796068,8.679876261,8.715939542000001,8.585804637999999,8.594698514,8.484505106,7.958329732,8.321855295,8.246960536,8.570207864,8.687909542,8.697494294,7.917630293999999,7.990201984,7.861248282000001,8.41864395,8.333662769,8.500531452999999,8.312722747999999,8.286075971,8.114344397,8.286737634,8.592807361,8.758546247,8.369855622000001,9.298876296,9.158753343999999,9.320102872,8.868982246,8.671861331,8.719553277000001,8.389885172,8.378408155
Ga0242637_112920,6.5445030939999995,6.546575258,6.06093428,6.6314880679999995,6.693832269,6.80780962,6.898037609,6.9963961679999995,6.988111994,7.008054222999999,6.931459089,6.620501636,6.956303049,6.758081747,6.646771556,6.613550644,6.859707762999999,6.838614712999999,7.136794931,7.5129899060000005,7.343966892999999,7.479830403999999,7.287064152,7.548386974,7.074470767999999,6.940297022999999,6.744166521,6.63294252,6.725787601,6.698284781,7.528635751,7.540521484,7.236958876,6.983093519,6.991822982,7.09310728,6.943631749,7.007125982000001,7.068100901,6.805642102,7.198422224,6.81287756,7.909692476,7.218815425,7.199709733,7.144075066,7.144884355,6.48545294
Ga0242637_112921,8.230650114,8.22275218,8.208123119,8.551703926,8.654909877,8.600563825,8.602913959,8.380445006,8.329109811,9.031678627,8.490354353999999,8.369901499,8.338150087999999,8.070670724,8.133281698,9.002873098,9.134235437000001,9.178374705,9.132581846,9.345396713,9.316763043,9.351468398,9.588648048,9.366195272999999,8.598524761,8.716271487,8.880489914,8.596234475,8.60445567,8.492806476,8.581189745,8.492466972999999,8.58910215,8.924767226,8.682021405,8.896719525,9.27107988,9.626206029,9.442231392,9.708736058,9.100955397,8.694309549,9.180088757,8.802081154,8.620041163,8.628671013,9.65806684,9.861846859
Ga0242637_112922,9.577112193,9.702571595,9.435662364,7.762925912999999,7.791693252000001,7.638503396,8.735834909,8.615743378,9.183325937000001,10.59610732,9.841110591,10.83752433,7.266618864,7.485391741,8.057380865,6.500697955,6.412987867999999,6.454173358999999,6.645644281,6.344987747,6.562648145,7.675059347,7.8413548760000005,7.364813634,9.871522628,9.719997588,9.95678932,10.53812113,10.57217822,11.27568891,9.436992882,9.383229881,9.910571661,9.30059108,9.356218158999999,9.313404085,5.540984152,5.754864724,5.65727789,5.887248805,9.788344018,9.62711307,11.01472039,8.847814805,9.040425945,8.546355085,5.856806806,5.823730594
Ga0242637_112923,9.283571378,9.396527432000001,9.317016763,9.812191183,9.799858852,9.795624059,9.732478957,9.721315933,9.841296352999999,9.157247998999999,9.154811909,9.201276777999999,9.425531692,9.437186356,9.259803086,9.78049001,10.14926364,10.13603843,10.43060131,10.72512338,10.64993214,10.40616955,10.79604729,10.68971238,8.923530002,9.077952221,9.202164144,9.214157675,9.107890856000001,9.283187446,9.909356649,9.967273646,9.767443571,9.043878381,8.724666296,9.313404085,10.06676136,9.909705534,9.724392756,9.688998591,10.67131928,10.293445599999998,10.73062211,9.871391048,10.138616800000001,9.962260684,9.611469507999999,9.819096283
Ga0242637_112924,8.064222217000001,8.479202272,8.407132111000001,6.863129449,7.008693544,6.7209691639999996,7.642458242000001,7.825476069,7.878371494,7.359431623,8.003914283,7.973398409,7.5218136520000005,7.832879077,7.6271936160000005,5.485497969,5.416603517,5.120220928999999,4.206860836000001,4.287870375,4.642114564,5.094429967,4.840645444,5.634681831,7.074470767999999,6.539309274,7.079947528,8.616392399,8.790854534,8.925079633,6.554572136,6.67097133,7.335386934,6.925320462,7.328569452999999,7.0287260929999995,5.540984152,5.560550526,5.5038699,5.344228856,8.659566731,8.012320642,8.407126413,6.415319116,7.145730761,6.945622944,4.678308878999999,5.5856647520000005
Ga0242637_112925,7.939810796000001,8.205322489,8.204307503999999,6.516428697,6.933793005,6.386590438,7.235228853,7.572765867999999,7.61340788,7.382069232999999,7.813923289,7.779560499,7.327360566,7.552348212999999,7.583576835,5.16625283,5.041072829,4.561454398,3.8692144980000003,3.942535777,4.2866031719999995,4.257192719,3.963144162,4.475591067,6.787737545,5.96424484,6.86125864,8.555053324,8.840973983,9.141457388,6.048744573,6.252186814,7.062227366,6.793119204,7.08834486,6.663471067000001,5.422921493,5.335555734,5.027402438,5.000863439,8.303843306000001,7.5783984879999995,8.123954856000001,6.281153743,6.4528445229999996,6.376856579,4.678308878999999,4.798593744
Ga0242637_112926,8.830245597000001,9.072455796,9.043575726,7.496844785,7.524637628,7.417148458,8.252132422,8.309302887000001,8.681729842000001,7.909194693,8.565499097,8.287596107,8.017253636,8.535199244,8.429932374,5.577775439,5.531821900000001,5.333866685,3.8692144980000003,4.643484469,4.2866031719999995,5.442018557999999,4.919580587,4.672884133999999,7.595447661000001,6.821804342999999,7.946665883,9.274598226,9.736331774,9.996986879,7.176334751000001,7.206604747999999,7.852551151,7.599059396,8.12256147,7.172720145,5.845938526,5.754864724,5.9421174489999995,5.955130093999999,9.425732931,8.471336566,9.162889657000001,7.112334954,7.442892986,7.136329619,5.6501581739999995,5.929396152000001
Ga0242637_112927,9.588758277,9.862325026,9.649974884,8.690710435,8.669401212999999,8.570550562000001,8.889017723,9.160611355,9.241366291,8.664190873999999,9.306821847,9.186212777,8.645890605,9.087517173,8.927187792,7.058230551,7.138209295,7.28694767,6.780970931000001,6.5019621260000005,6.805416191,7.163869192999999,7.242293719,7.138128712,8.554232689,8.422816467,8.826836352,9.680913557,10.24087557,10.42557183,8.034512224,8.069267031,8.765071722,8.762324794,8.962130107,8.272757394,7.026523678999999,7.422538112000001,7.384811057,7.57045381,9.690661357,9.011530058,9.73752688,8.060857659,7.61164133,8.12925685,7.711452885,7.751589199
Ga0242637_112928,10.84353496,11.05878392,11.18820759,9.771764731000001,9.976890194,9.299455192,10.05558031,10.34789741,10.49880492,9.468724788,10.914805699999999,10.77093256,9.873948015,10.12543479,9.902420272999999,8.093405545,7.489611742,6.9981404220000005,6.435986131,6.168747975,6.435108205,6.331543479,6.166412467000001,6.537754228,8.945742302000001,8.058035577,9.250151967,10.57033767,11.27291655,11.55573316,8.602551849,8.638826337000001,9.641452523,9.33108172,9.844581615,8.972221361,7.766227193,7.81865842,7.420810127,8.036611838999999,11.5956087,10.56430073,11.58911927,8.744706399,8.211017903,8.906386337999999,7.737730732,7.844290987999999
Ga0242637_112929,8.682790899,8.467553108999999,8.708584638,7.07005706,7.243867138,6.8447858010000004,7.652279393,7.719695249,7.906245207,8.314123228,9.597508023,9.571521168,7.058401907,7.123763842000001,7.7241107410000005,6.000247085,5.784770168,5.3894393670000005,5.4401634770000005,5.409719957,5.314116753,6.656513704,6.531855815,6.7238361179999995,6.862352284,7.065907785,6.86125864,8.534013305,8.771293822999999,8.891739915,7.366794355,7.406762023,7.795185332000001,7.495150418,7.922491227999999,7.721108344,4.995296209,4.856866072,5.027402438,5.344228856,9.039630316,8.537921209,9.55971635,6.440712818,7.051013781,6.52671136,5.0051764169999995,5.496599292999999
Ga0242637_11293,8.379845405,8.563695457,8.342641741,8.394904177,8.285057449,8.488294388,8.535543486,8.618421252000001,8.681729842000001,8.438092387000001,8.084279561,8.356505962,8.501859113,8.681924535,8.478359183,8.908821746000001,9.10678322,9.186187948999999,9.116692791,9.094179401,8.975184534,8.90572542,8.960212263999999,9.042722922000001,8.391135878,8.400744016,8.330363984,8.431552584,8.648008837,8.536607774,8.847161778,8.966464188,8.791976602,8.322341041,8.369071,8.552227907999999,9.118942713,9.262452597000001,9.177798559,9.109933838,9.891446887,9.499280785,9.914424589,9.130878454,8.933038336000001,8.850705181,9.262211925,9.351131849
Ga0242637_112930,9.175181617,9.216860747,8.982513633,7.524152109,7.6873114760000005,7.308893808,8.402243025,8.433111448,8.655696136,9.135215237999999,9.530692988,9.958933456,6.825498758999999,7.247482387000001,7.697078416,6.127484201000001,5.807768971000001,6.000784126,6.373073995,5.936668265,6.084423183999999,7.087508715,6.939819689,6.67952201,8.993911636,8.957843319,9.199944487,9.898178652,10.005849099999999,10.08565402,8.315230002,8.393809179,9.102535336,7.818862366,8.071549288,8.129765367000001,4.377864054,4.737982187,4.867664457,5.182918672,8.35172899,8.562733959,8.880984903,8.101173553999999,8.12996388,8.007220423,4.94560721,4.639364039
Ga0242637_112931,9.587100296000001,9.535505991,9.486812309,9.232646881,8.939488769,9.053387792,8.846885542999999,8.836506733,9.001495504,9.244220733999999,9.210957721,9.173538155,8.760416451000001,9.127577808,8.934920112,7.743119732,8.027567849,7.865877042999999,8.134092659,8.599663819,8.3960555,8.204055322,8.011040587,8.128450401,9.337901609,9.430516929,8.918785098999999,9.160256353,9.329708028999999,9.27674497,9.215247113,9.075758403,9.302883074,8.85359057,8.814834393,9.20984548,7.989164691,7.8890709779999995,7.969979668,7.041991197000001,8.569867899,8.716592476,8.658526239,8.703403446,8.895389366,8.917720905,7.233755388,7.081100124
Ga0242637_112932,4.832996613,4.2559482730000004,4.284017681,5.175905001,4.9074591430000005,4.890225764,4.887640704,4.9973908069999995,4.828841676000001,4.808272022,4.739976276,4.684252222,4.7121471669999995,4.431583664,4.542587383,5.705893862999999,5.38628233,5.544226111,5.894129065,5.409719957,5.73248443,5.094429967,5.482136618999999,5.48758844,4.629103398,4.549828091,4.436793403,4.2396179919999994,4.454607607,5.135602143,4.742474206,4.728067906000001,4.953816253,5.235803123,4.998102894,5.227094827,5.934684068999999,6.029579036,5.681317807999999,6.566714891,5.905061516,5.2263368560000005,5.025201303999999,5.229225673999999,4.896774386000001,4.973014093,6.534373737,6.970226897000001
Ga0242637_112933,6.385470317,6.501531321,6.4185770810000005,6.254370739,6.02706223,5.86244039,6.058725477,5.971026083,5.834881296,7.008054222999999,6.971043474,6.693420692,6.468742894,6.245211299999999,6.389395849,5.966593307999999,5.663882817,5.982902284,5.981201552999999,6.028151717999999,5.9350564210000005,6.298008836,5.8843656179999995,6.537754228,6.250221922000001,6.443721711,6.780304579,7.043797226000001,6.933804968,6.967469501,6.579440329,6.759056697999999,6.427896259,7.3646614779999995,7.36755044,7.142618071,5.751330366,5.69298164,5.420503095,5.62059316,5.7081519489999994,6.043013147000001,5.698872497000001,6.238334407999999,5.962696894,6.05350259,5.408498381,5.351613692
Ga0242637_112934,9.388196755,9.36391141,9.782539824,8.646675293,8.564764697000001,8.508583005,8.538193686,8.655398694,8.741739564,9.71735118,9.927423101,10.05327504,9.870126933,9.559375493,9.791811263,8.381403767,8.193362078,8.433650381,8.873644882,9.269539381,9.184393251,9.847157391,9.987011517000001,9.633159925,9.267146159,9.153434654,9.682531939,10.02548477,10.26991361,9.811847119,9.495255278,9.395049069,9.173819884,9.980964197999999,10.17951545,10.12901137,9.156209882,8.384384447999999,8.263497654,7.733526702000001,8.744012833,9.036544159,9.124313979,9.78988489,10.16145311,9.670915441,8.103730937,7.8621370939999995
Ga0242637_112935,4.921002898,4.9110977160000004,4.159119162,4.46901742,3.9047313960000003,3.9538468489999996,4.588244386,4.2144303910000005,4.387612859,4.762303356,4.218583159,4.116088736,4.0761650860000005,3.8590685010000003,4.904735846,3.892319216,3.6967962130000003,4.230088347,5.218180433000001,4.643484469,4.790629011,6.192437593999999,6.604463303999999,5.680529589,5.870293714,6.504203996,4.859823026,6.4797929839999995,6.0338128410000005,6.65915035,5.196869523,5.784238267,4.448064936000001,5.486061952999999,5.7811300789999995,5.40102619,4.377864054,4.464627463,3.938295756,4.864979065,4.3167515430000005,4.6073727060000005,5.536607461,4.862887133,4.896774386000001,4.470605637,4.347120349,4.798593744
Ga0242637_112936,4.529878847,3.527960989,3.692998448,3.9066627169999997,3.404506301,3.5378787089999997,4.502119858,4.154517597,4.099120538,4.7147717380000005,4.739976276,4.497658663,3.7419712460000003,4.026822059,3.7126032810000003,4.4900135830000005,3.6967962130000003,3.4955664389999996,3.991602028,4.287870375,3.9413868460000003,5.954705207000001,5.8843656179999995,5.680529589,4.159436799,4.235484963999999,3.820616643,4.90724903,4.29486285,4.396006508999999,5.196869523,5.160708887,4.448064936000001,5.508829662999999,5.70985271,5.499843621,3.19781202,4.122987674,3.431922531,3.52051745,4.526930893,5.175324517,4.962237235,4.251984307,4.3663536910000005,3.991945537,3.908340615,3.525262858
Ga0242637_112937,3.79986984,3.527960989,2.4500833419999997,2.8641280410000003,3.1258350760000004,3.055524389,2.858160055,2.8930991230000003,3.2040458910000003,4.042654659,3.516347495,3.275040208,3.28524747,3.2570464360000004,3.1287230089999998,2.697953195,3.17815798,3.2503850360000004,3.2071134580000003,3.648450477,3.2608517239999997,5.3129993319999995,4.994320674,5.07047746,3.2934309839999996,3.453203863,3.607398345,3.8225672999999993,3.071269312,3.73698757,3.821877488,4.2484376169999996,3.527022611,4.127524908,4.135963082,4.521587941,1.764951351,2.910528862,3.6595699839999996,4.129906508,3.084464068,4.6073727060000005,3.283209092,3.570185443,3.190463246,3.080556652,3.442297762,3.707348591
Ga0242637_112938,9.412741099,9.493047026000001,9.35536736,9.586067652,9.66028847,9.560461584,9.59797148,9.453862002000001,9.593019258,9.505258678999999,9.208201727,9.006356683,11.4073788,11.0444533,10.93586189,12.23937849,12.09381397,12.09800845,11.4437035,11.04019917,10.97970389,10.52847775,10.93726774,10.91762446,8.812411405,8.916218076,8.929542416,9.214157675,9.035946972,9.261599684,9.108374471,9.028483448,9.409229338,9.264461722,9.198754629,9.090414701,11.55610301,11.61169928,11.60509851,13.08454601,10.33940067,10.32714273,10.23720396,9.56192161,9.518429993,9.559556313,13.05753247,13.08830312
Ga0242637_112939,6.895054974,6.974920926,7.006106933,7.6924660970000005,7.748660294,7.744966657999999,7.657164996000001,7.54487703,7.486197701,7.898768433,7.154129029,6.867347335,11.44168165,10.59211874,10.54870875,12.50784626,12.49790864,12.37569481,11.22327547,10.77973564,10.70273691,9.495018168,9.588648048,9.914339399,7.056427191,7.239468641,7.594483089,7.203418015,6.994152652,7.58346882,7.012628766000001,7.085334714,7.131312735,7.739711708,7.762093646,7.351776932999999,11.95145987,12.05533446,11.93155133,13.32190775,8.659566731,8.460814376,8.329089253,7.705690569,7.598309286,7.700964562,13.40920835,13.4176614
Ga0242637_11294,10.41306217,10.43707867,10.28064053,9.872908041,9.810357707,9.768241298,9.792532676,9.675764906,9.682762477,9.83819997,9.832188381,9.879998926,10.45032388,10.67655443,10.94641926,9.839615311000001,10.16265635,10.24851694,9.695785026,9.512667187,9.577747458,9.182899017999999,9.181783336,9.25369229,10.44566043,10.63672364,10.3561368,10.66045857,10.70439934,10.42168402,9.72269817,9.792126957,9.776901524,9.959553631,10.20232617,10.04448877,10.35416398,10.35738917,10.45615096,10.79462485,9.52453541,9.624758606,9.651359349,10.12605827,10.12938009,9.999006835,10.55191624,10.67671359
Ga0242637_112940,6.851486391,7.337038626,6.819036941,7.744470702,7.652714661,7.648988247999999,7.971452809,7.749322617000001,7.640214831000001,8.004656558999999,7.762239407999999,7.299602771,10.91396836,10.52315908,10.73350834,12.08862458,12.13176143,12.32815873,11.58781913,11.08425869,11.0484123,10.64954076,11.15408976,10.92238093,8.04291201,8.250165058,8.158114448,8.245616051,7.875778743,8.55801954,7.463395061,7.318457523999999,7.328049635,8.273595059,8.582851663,8.195724677000001,11.56825039,11.47075742,11.87333362,13.44578935,8.540653268,8.537921209,8.716260336,8.171018447,7.301956592000001,7.516413821,13.3176565,13.2350203
Ga0242637_112941,11.59289755,11.50792885,11.73901693,10.46534664,10.46453599,10.21527564,8.357927264,7.433688284,6.810590578999999,7.155529801,9.149075246,6.620501636,14.31948215,14.54658772,14.32936481,8.715282665,8.458845464,8.60955764,6.140935227999999,6.807111346,6.245292997000001,6.078487558,6.346665849,5.850504926,10.45343266,9.541307384,10.93661044,12.665819699999998,11.56825121,12.04263672,6.697717175,6.549170864,6.779715636000001,9.066945776,8.528869173,8.201574055,8.445698785,8.081767639,7.536889921,6.226187843,10.56652285,8.562733959,9.220548783,4.061615789,4.3663536910000005,6.854123116,6.197732221,6.149326563
Ga0242637_112942,9.031404506,9.156474715,9.284862513,8.815282688,8.835383952,8.929880972000001,9.290548952,9.325367729,9.30555707,11.29305586,12.19262357,11.07411807,11.02695942,11.01943684,10.79586973,8.939417496,9.05744773,9.232199073,9.665525397,9.944011559,9.914632595,10.15590945,10.53204913,9.930956626,8.890829427,9.095725084,8.753055157999999,9.432623947,9.029786498,9.19710392,11.67994448,11.92298442,10.65743303,11.42681102,12.06235348,11.7623133,10.02204043,10.42765991,10.05721546,10.82319912,9.72222892,8.96761304,9.924664837,8.894438731000001,8.734123606,8.701304521,10.61350788,11.05772083
Ga0242637_112943,7.228758716000001,7.5453760579999996,7.313056153,7.283293619,7.341246087999999,7.341585958,7.47547666,7.279746162,7.471344654,7.374562795,7.188111441,7.172814876,7.349494605,7.744023583,7.507815324,6.73823992,6.837592718,6.636533155,6.214597157,5.581083416,5.996681476,6.656513704,7.180350701,6.4872149420000005,7.282797707,6.904864896,7.510974777,7.440550915,7.317938900000001,7.6110524239999995,7.030763461,6.9529122910000005,7.139720085,6.873886793,7.3828523839999995,6.680341555,6.661800464,7.056937216000001,7.0589899,7.010509938999999,6.824440749,6.599016019,6.778769051,7.417138271000001,6.817725212,7.3455960220000005,6.756440132000001,6.659001264
Ga0242637_112944,11.8324956,11.89303033,11.58689275,12.43716997,12.21157173,12.47387797,13.04331829,12.93560491,12.88681392,11.80037015,11.90420137,11.89938467,11.56459246,11.9957904,12.02699122,11.48269944,11.9710529,12.14486625,10.91234519,10.72398703,10.68651491,11.27932329,11.18397537,11.11958205,12.29079694,12.40802159,12.00987037,12.91058943,12.45517458,12.73788978,11.47847135,11.61134441,12.09096389,11.66022212,11.99613975,11.54088518,12.70666421,13.053416499999999,13.21536913,13.2972691,13.05631745,12.19658735,12.89123503,12.56827519,12.15104073,12.6194874,13.06662881,13.29843645
Ga0242637_112945,3.79986984,3.710259249,3.3742476210000003,4.323454215,4.264277858,3.720956082,4.745949426,4.893798223,4.7309567139999995,4.389318268999999,4.218583159,4.5626886739999994,4.66504715,4.647175328,4.366319211,5.105299126,5.638429098,5.3619242730000005,5.06615415,4.71973642,4.642114564,4.835778512,4.7570015539999995,5.138108701,6.882979518,6.922689902999999,6.589796307,5.150240853000001,4.99012813,4.973300362,4.551085283,4.728067906000001,4.700824776,5.698885129,5.826750102,5.8681085479999995,5.934684068999999,6.981559298,5.9221084379999995,9.072337321000001,5.7497599379999995,6.043013147000001,5.085476312,4.9004125730000005,5.211812222,4.900834924,8.356363806000001,9.114840843
Ga0242637_112946,10.14321112,10.04975643,10.21958176,10.37752402,10.41466145,10.32065779,10.42482763,10.46037393,10.55621933,9.994448193,10.46295984,10.241129800000001,10.00051864,9.913499716,10.00147227,9.997491528,10.05066292,9.997487205,10.18760875,10.23632484,10.32414275,9.875802177999999,10.25258207,10.00905331,9.80557989,9.771277846,9.795625354,9.991162489,10.06628655,9.998292697,10.33740465,10.30249271,10.21390005,9.802354507,9.925147857999999,9.855253576,9.922815629,9.949782978,9.939357058999999,9.792046933,10.38119902,10.25133141,10.2856791,10.57703982,10.66023716,10.46000296,9.874790695,9.816810774
Ga0242637_112947,6.926887767999999,7.015512049,6.915606733,6.8969640729999995,7.172377202000001,6.9838710520000005,7.112505014,7.231564604,7.11779853,6.799558632999999,6.776231467000001,6.749208058,7.266618864,7.05767906,7.265563623999999,7.042200507,7.005677887999999,7.109223944,7.072315947000001,7.554507195,7.6986024760000005,7.869947838,8.42557596,7.962843577999999,6.8727028279999995,6.480315367999999,6.681844582999999,7.023800546,6.916088004,6.9019515160000005,7.2400623060000004,7.383210448,6.913246471,6.677859278,6.941023467000001,6.705282272000001,6.661800464,6.981559298,7.130314062999999,7.1470552089999995,6.843720942000001,7.013526688,6.883362422,7.710911342,7.366301684,7.417648377999999,7.021924626000001,7.065773967
Ga0242637_112948,5.082054823,5.136062347,5.353272905,5.452719867000001,5.4312682,5.3712010779999995,5.630628464,5.65228799,5.338913594,5.953985238,5.377795913,5.595124285,5.478782677000001,5.7612453420000005,5.896669307000001,6.326169633999999,5.784770168,6.27495696,6.4962612989999995,6.874265449,6.562648145,7.552627071,7.726885338,7.548386974,5.466084075,5.523343122000001,5.477976466,5.291771675,5.377094447999999,5.86832935,5.99422335,5.8546532970000005,5.9611066070000005,5.951967002999999,6.054598248,6.073980565,5.934684068999999,5.335555734,6.162698268,6.331979231,4.621105128,5.175324517,5.736716005,6.238334407999999,5.582626785,5.8969019629999995,5.88852457,5.995746939
Ga0242637_112949,6.098811788,6.331745354,6.009251455,6.117376961000001,6.319985057999999,6.41146951,6.501155429,6.259409334,6.552647097,6.45951993,5.630544265,5.625366709,6.26618501,6.656160513,6.466221329,6.697865064,7.073466851,7.364774649,7.401076959,7.357472189,7.379013552999999,7.688042747999999,8.350251509,7.632092599,6.15153208,6.692680542000001,6.681844582999999,6.187582506,6.47045754,6.231072713,6.248217188,6.320010186,6.441574532000001,6.0008374479999995,6.496275108,6.18467128,6.985673822000001,7.056937216000001,7.377502092,7.469911105,6.110405722,6.125463892000001,6.287979027,6.909215849,6.7469474510000005,6.715394002000001,7.329034207,7.184048004
Ga0242637_11295,10.49226265,10.36435261,10.56202431,11.21665291,11.08172424,11.24090734,11.302370800000002,11.33846457,11.54987633,10.56017767,11.00410686,9.838850693,10.21954634,10.41341542,10.4367635,10.08023015,10.16265635,10.21644771,10.13020437,10.28182534,10.14747836,10.89458252,11.03888668,10.92830455,11.24179985,11.12808945,11.25740568,11.02707189,10.48330599,10.71007019,10.62147241,10.55864168,11.02991959,11.16656568,10.41627218,10.38943707,10.31350641,9.913088175,10.22230222,10.018476099999999,12.64809782,12.05687336,12.71483196,11.03433267,10.62616657,10.90591856,9.683067999999999,10.04678461
Ga0242637_112950,6.724395355,6.31881479,6.757825577999999,6.8969640729999995,7.01778812,6.9072941629999995,6.898037609,7.099724066,6.822350273,7.359431623,7.188111441,7.11031001,7.04941346,6.93586702,7.157305168,7.640424769,7.656727635,7.445142849,7.728393821,7.554507195,7.542502545,7.2884756070000005,7.358723352999999,7.278369412000001,6.8308467,7.000280496,6.643113826,6.747156146,6.775771787,6.856556353999999,7.118163414,6.85353939,6.893491971,7.401436691000001,7.7084557479999996,7.593436467,7.925825862999999,7.729357615,7.650392711,7.5266314020000005,7.432813335,7.357903407999999,7.480455463999999,7.365097168999999,7.543713017999999,7.486270168,7.4399062439999994,7.523876547
Ga0242637_112951,6.650033689,6.854775413,6.9062359639999995,7.184044703,7.236096697000001,7.308893808,7.126668637000001,7.04500827,7.227959864,6.88661062,6.651804752,6.664694803,7.364064036,7.462363578,7.455001337000001,7.471211758,7.005677887999999,7.075947426,6.933996844,6.141708631,6.716821295,6.733737546,7.065098646,6.265172641,6.720552861,6.9833956939999995,6.9164179279999995,6.5088783139999995,6.755985848,6.967469501,6.956813433,6.734434537,7.335386934,7.200451515,7.420411337999999,7.225368379,7.813657267999999,7.91630075,7.945480242,7.7994542639999995,6.824440749,7.027862944,7.101396765,7.625021996,7.366301684,7.569133341000001,7.737730732,7.57887756
Ga0242637_112952,7.159010652999999,7.039328875,7.082964497000001,7.283293619,7.4256454110000005,7.227267756,7.390006707,7.319800241,7.378861583,7.960224408999999,7.525881571,7.3364721489999996,7.235260287999999,7.242083336,7.177010137000001,7.946196121,8.261343326,8.206627931,8.249344399,8.386373059,8.283451153,8.010938476,7.614296792999999,7.972050427999999,7.49857432,7.788542408,7.510974777,7.492386453,7.304387421,7.247896425,7.483279124,7.414527809,7.252546095,7.500810089,7.568272886,7.30905469,7.741914006,7.600976356,7.732882095,8.394440572,7.482835688,7.346513211,7.587486987999999,7.461182346,7.051013781,7.151779102999999,8.188723425,8.321503244
Ga0242637_112955,6.748352842999999,6.600966907,6.747365837,6.871662912000001,6.624051209,6.7209691639999996,6.434342163999999,6.5676554000000005,6.762567262999999,7.036880277000001,6.996841408,7.193061546,6.984873426,7.247482387000001,7.371965123,7.26572476,7.401950116,7.599435756,7.703073711,7.922708163999999,8.027850599,8.031456136000001,7.861225356,8.161017305,6.8414253270000005,7.5854370620000005,6.669049772,6.897615492999999,6.795289529,6.645865485,6.603886066,6.590926915,6.656171895,7.007161312000001,7.312677018,7.124250299,7.586740087000001,6.902018501000001,7.271083254,7.704322417,6.474626088,6.599016019,6.18247369,6.735551721,6.672509707000001,6.662419676,7.854400384,7.546129366000001
Ga0242637_112956,6.958032263,6.966663631,7.049310683,5.997516947,5.287340617,5.516501086,5.48359454,5.673136127,5.16379862,8.116855905,9.857032821,8.229995106,9.269893107,10.30242974,9.785410434,9.144663303,9.400416648,9.543294551,10.07042086,8.819888767,9.223468612000001,9.002422837000001,7.344673683,8.95258938,8.105644252000001,9.763886324,8.139701715,9.473715647,8.548097209,8.731371192000001,6.615954962999999,6.446752199,6.313517332000001,7.383166356,8.047751726,7.443509708,8.706594123,8.334795358,8.022456733,8.494489737,6.261601092,6.253161323,6.949096485,6.179181621000001,7.412743016,7.44924558,8.182360432000001,8.113761236
Ga0242637_112957,7.6595928660000006,6.991294871,7.554029801,7.077451646,6.7163606410000005,7.1107024789999995,6.906273113999999,6.7350984160000005,6.700194142999999,8.793616607999999,11.45135365,9.433754622999999,9.271825277000001,10.17866232,9.893519948,9.392239384,9.383357996,9.541772885,10.17077988,7.914760661,8.607773209,8.690401674,6.067026782999999,8.764074054,8.457916443,10.65947414,8.420825053,9.779549314,8.533656684,8.765516639,7.535000335,7.60979784,7.164651779,7.720439195,8.184980897,7.845879475,9.548398133,8.929865731,9.054942233,9.984470717999999,7.299591767000001,7.276214564,8.109662395,7.417138271000001,8.25415446,8.163941216,9.467146926,9.832733821
Ga0242637_112958,5.787389618,5.694057138,5.237678875,4.866546745,4.384900493,4.47645793,5.216699757,4.742600255,4.177226698,6.228875327999999,8.227272444,6.664694803,6.760872462999999,7.913183775,7.927739581,6.477024963,6.568861414,6.828657112999999,7.390539899,5.967815598,6.245292997000001,7.322184567000001,4.994320674,7.446365815,6.372075965,8.413398173,6.416854532,7.851130355,6.587072753999999,6.350616533999999,5.350179206,5.684617141,5.200962465,5.462924877000001,5.975869282000001,5.662109912999999,6.437684056,6.565798803,6.3237190629999995,7.862499014,4.068024151,4.149880037,5.303788803,5.341992759,5.409254872000001,5.395642471,7.0640879089999995,7.512619996000001
Ga0242637_112959,10.86010458,10.90156687,11.02476815,11.13268492,11.35659628,11.22610741,10.79589435,10.83946395,10.72454185,10.12427342,10.45716818,10.29361232,11.63833281,11.28122452,11.18839234,10.24849693,10.04825979,9.83677587,9.100626779,9.044064367999999,9.001651724,8.120336111,8.384978246000001,8.431799251000001,10.83688412,10.52893205,10.85784838,10.45568344,10.52185733,10.40602715,10.09843111,9.840470502999999,10.17355011,10.55319972,10.11571853,10.75273451,11.0374409,11.28612519,11.01838352,10.894947300000002,10.54755802,10.58261301,10.72594538,11.00701176,11.17860255,11.09400595,10.89605812,11.03921507
Ga0242637_11296,6.558125456,6.466798012000001,5.955637003,6.810838781,6.349131116000001,6.518388184,6.69432655,6.415620744,6.648273819,6.1951246,6.423413864,5.532647821,6.084221612,6.398865263999999,6.343579564,6.127484201000001,6.457201047000001,6.554298041,6.62779767,7.247838725,6.734981756,7.7512620089999995,8.233149926,7.689040317999999,6.697442743,7.000280496,6.707098015,6.841591171,6.433546437,6.73638347,6.603886066,6.920543805,6.801082084,7.022985995,6.765264074,6.5114776679999995,6.243220588,6.458614121,6.685450226,7.057477574,6.804898923,6.655532917,6.980871821,6.349800908,6.262835217999999,6.003178382000001,6.63109689,6.659001264
Ga0242637_112960,7.568397887000001,7.572824998,7.696674663,8.089694123,7.937732238,7.923976147,7.899066687,7.825476069,7.933590367000001,10.73149489,11.19088097,9.944085395,7.364064036,7.3363008160000005,7.301910534,7.848229712999999,7.93692849,7.8900015670000005,7.186378151,5.106417025,5.658047511,6.298008836,5.06529812,5.202656485,9.75616248,9.258856698999999,9.707746923,9.099496868,7.884910164,9.105555755,8.466033207,8.567502151000001,8.327429248,10.86315744,9.93944242,11.1223255,8.519058766,8.721860084,8.738724339,8.544774964,13.12705739,12.67943376,13.32919847,8.21943813,7.973559705,7.946531986,8.422645161,8.421165791
Ga0242637_112961,9.401464807,9.619483468,9.475777196000001,9.616824238,9.676161167,9.660985669,9.550196571,9.694919589,9.673062287,12.56522643,13.165352800000003,11.76770624,9.05558803,8.886011427,8.954071505,9.997491528,9.878736872000001,9.7759476,9.444044025,8.297489625,8.617585422000001,10.41009167,10.25821201,9.609759834,11.48364317,11.01744643,11.51656626,10.61610171,9.292456269,10.72828397,10.30519633,10.37887567,10.11402866,13.08937419,11.63576287,13.15469803,10.61728903,10.57159851,10.61291176,10.23470773,14.83998824,14.52554663,15.14753194,9.955150603,9.860201392999999,9.765535798,10.04224177,10.27203287
Ga0242637_112962,8.764282591,8.788666383999999,8.789754191,9.001620621,9.207178837,9.094232671,9.118836188,9.187909321,9.354929366,12.58486679,12.99733597,11.45959026,8.455007497,8.316429165,8.602500719,10.01195779,10.04946186,10.2363392,10.78140901,11.03471048,11.06105099,13.03580376,13.2816945,12.31976227,10.79127434,10.1832089,11.01129425,9.602242561,8.548097209,9.965287342,9.658586487,9.812834517999999,9.389987489,12.53939749,11.20248416,12.53287525,10.16144078,10.066779499999999,10.16616838,10.06515881,14.74905274,14.46571685,15.03889624,9.726872257,9.05024842,9.426234422,9.977574509,10.16649535
Ga0242637_112963,8.73463459,8.769819722000001,8.60531755,8.966229007,8.785702118,8.870654998,8.76780047,8.472126941,8.78441267,9.038817111,9.26499996,9.006356683,8.924164288,8.99429785,8.816438368,9.411073971,9.336856771,9.387670681,9.926553569,9.95567632,9.990215195,9.93960359,9.905647255,9.698395087,9.049668859,9.132541567999999,9.091569536,8.555053324,8.631830109,8.786832143,9.191277571,9.47332125,8.869805366,8.858005737000001,8.886342181,8.960196494,9.070962694,9.224837402999999,9.541998904,9.545461363,8.958011119,8.993393502,9.243636817999999,8.628149252,8.496155315,8.549273165,9.500773531,9.540325629
Ga0242637_112964,9.319961898999999,9.278158241,9.399414323,10.45332604,10.54610545,10.60399208,10.21229856,10.21356103,10.23767033,8.161146364,8.357358844,8.002359753,10.02478193,9.663969748,9.673168468,9.051701478,9.136499714,9.008103971,8.961666069,9.257023295,9.088877921,10.32747636,10.50704689,10.11880167,10.23635577,9.920562943,10.35513977,9.11138185,8.929670963,9.235260576,9.957519188,9.787650686000001,10.23071283,9.371788162,8.71261014,9.27508878,10.69214708,10.69462928,10.83918362,9.189350957,11.47956658,10.91487339,11.46200371,10.55253747,10.42759224,10.43261106,9.044468851,9.406897583
Ga0242637_112965,7.803644511,7.9192050929999995,7.846194201,8.365018176,8.379750574,8.314812017000001,8.478733978,8.583215013,8.44764697,6.41625629,6.82025233,6.543690071,8.505148139,8.144848827,8.153307,7.92013118,8.098978561000001,8.151816702,8.640170262,8.745677843,8.835034253,9.628937266,9.632657844,9.477036437999999,8.387533984,8.174126201,8.509535454,7.604304328,7.519042742999999,7.955705818999999,8.439144566,8.401642488,8.649194514,7.73010765,7.581595136000001,7.8041958629999995,9.05131476,8.811596323,9.070883766,8.92824841,9.37035554,8.960161771000001,9.73752688,8.932917682000001,8.839841221,8.732448192,8.89295616,8.902781775
Ga0242637_112966,11.7049175,11.44546891,11.70297016,11.50018906,11.41020905,11.31312381,10.99902372,11.07456214,11.18495659,11.06208447,12.30329322,12.559254199999998,10.82531427,10.87699469,10.73017952,10.30664998,10.0815448,9.801605112,9.661150311,10.89629853,10.78557692,10.076695599999999,10.41931457,9.875622671,11.32181899,11.4439483,10.91512232,11.07276817,11.17815751,11.39549474,10.93886232,10.74641725,11.20076797,11.32045512,11.10093481,11.62053483,8.872529779,8.759930833,8.626091999,8.889859438,10.44249995,10.89351789,9.831953509,10.06112655,10.79339451,10.46387398,8.927604964,8.58592628
Ga0242637_112967,11.29073035,11.60049476,11.63869686,11.61794228,11.81264449,11.73848973,11.09258548,11.15422347,11.26300716,9.672160797,10.01360502,9.73398951,11.17522806,11.07664257,10.85309867,9.608934487,9.489910388,9.314703749,8.640170262,8.667441047999999,8.489857185,9.093043676,9.125397222,9.060093015,11.05690656,10.68056352,11.04321644,10.46404976,10.75008016,10.72828397,10.21990162,9.89281456,10.58236495,10.6281336,9.819507465,10.33460454,10.79319062,10.88579833,10.91620476,9.52890261,11.11059541,10.92543375,11.49810875,10.80280055,10.70289217,10.80881844,9.531132811,9.537552452
Ga0242637_112969,9.689546902,9.821728782000001,9.764516675,9.237602927000001,9.11701988,9.059294057999999,9.072055687,9.196895048,8.964860677999999,9.874561275,11.17896649,10.61280767,9.780684724,9.806972087,9.829631073,8.571998155,8.719686688,8.677652919,8.152913795,7.93847297,8.099626396,8.382350369,8.343204692999999,8.269537313999999,8.703646978,8.645634095,8.759098532000001,9.050952886000001,9.269983055,8.973687522,10.61172348,10.86659397,9.756558005,10.68515031,10.62523508,10.99298453,9.05131476,9.163671882000001,8.856395324,9.947569368,9.035447776,9.289363338,9.162889657000001,8.774925584,8.917023228,8.894962005,9.840856278,10.26198785
Ga0242637_11297,8.761345062,8.686855158,8.686874551,8.195373467000001,8.322217188,8.434774286,8.044112979,8.083712923,8.012646013,9.007625288,8.965423215,8.890313346000001,8.312096471,8.532991167,8.435394122,8.212726923,8.219231981,8.248278639,8.679640705,8.653183048999999,8.818114341,9.141032758,8.996594634,8.998359994,8.563839009,8.680076695,8.454733994,8.565459356,8.590571143,8.489095613,8.765641631,8.716242213,8.47086714,8.829062597,9.024413812999999,8.985842436,8.069508682999999,7.9297252270000005,7.843095455,8.170757829,7.458041465,7.690740897,7.239127099,7.7820842489999995,8.034216107,7.906124631,8.298703287999999,8.179284469
Ga0242637_112970,10.47891389,10.2517155,10.62259595,10.83753473,10.80817957,10.75536627,10.91128873,10.98765715,10.93465169,10.98595705,13.27014776,12.49855953,10.43660991,10.17936833,10.01521355,10.43335288,10.326312199999998,10.104433,9.806894502,9.674356677999999,9.739247382,8.970905112999999,8.820055492,8.816120534,9.723680322,9.593667142000001,9.856077581000001,9.430728041,9.674496951,9.81629614,11.89491935,11.91445565,11.44322018,11.37653751,11.93713878,12.0317881,11.29928227,11.8323051,11.09443659,11.62920723,10.71119537,10.82953253,10.93287477,10.24506587,10.61297267,10.53109503,11.49511442,11.89405851
Ga0242637_112971,10.01219883,9.880007495,10.30578337,10.1111665,10.01142467,10.12523872,9.723193108,10.01041644,10.04179127,10.36479391,11.44960457,11.14918681,10.27743089,10.10848291,9.893519948,9.938130708,9.516232374,9.298575985,8.509975131000001,7.882525284,8.085554161000001,7.82363899,6.760864569,7.2931416229999995,9.219322583,8.607598609,9.327424211,9.164825855,9.463701318,9.679727652,10.35099109,10.2654144,10.22677447,10.604023699999999,11.22493724,10.97260711,10.69214708,11.02048114,10.23448526,10.52505869,9.425732931,9.54233083,9.380867345,9.460211969,10.07268236,9.961165617999999,10.43903615,10.81481914
Ga0242637_112972,9.832146857,9.812550127,9.946814435,9.636970277,9.567403122,9.557682665,9.600509382,9.699984841000001,9.596444572000001,9.137433719,10.3991445,10.39754145,10.21654008,9.921117638,9.898471351,9.270321648,8.919621502,8.672099493,7.856402018,7.19630109,6.998144841,7.387325894,6.994849777000001,7.217718295,9.035930288,9.008761913999999,9.290348997999999,9.396168644,9.542258961,9.587303298,9.654209347,9.631556137,9.614576593999999,9.737940457,10.52194544,10.22760658,9.917399332999999,10.28090365,9.74866383,10.29307246,9.0228269,9.312954512000001,9.152470903,9.255771257000001,9.549926397,9.494434951,10.17474168,10.56812449
Ga0242637_112973,11.58502793,11.42641681,11.82662141,11.67811705,11.71684203,11.73203381,11.21190771,11.37494664,11.41961562,11.1803059,11.29130038,11.20131526,12.02718645,11.72693138,11.64807603,11.00618108,10.96491591,10.80819103,10.80440435,10.65887922,10.67246367,10.16057332,10.16738122,10.22464434,11.17494942,10.96092749,11.28646134,10.80431101,10.9772733,10.96640393,11.45810933,11.4120147,11.53685215,11.60613377,11.39251965,11.62869735,11.70812932,11.66182251,11.40988427,10.6193181,11.50323091,11.56598136,11.44645223,11.50338834,11.89174132,11.67730751,10.71506907,10.78706847
Ga0242637_112974,10.17887183,10.11747214,10.27792048,10.07747246,10.18786573,10.21174466,9.580080046,9.776303796,9.78086064,9.242160656,9.084418775,9.295535727,10.54603295,10.33953963,10.20622096,9.140907172999999,9.22001025,8.89585246,8.195897561,6.984740346000001,7.379013552999999,6.488400766,6.580665552999999,6.6338002970000005,10.01498006,9.867525008,10.1323293,9.585298529,9.589095691,9.604554151,9.658586487,9.495449211,9.790306224,9.866208286,10.05375561,9.834701645,10.10538191,9.789705564,9.693835872000001,9.210272332,9.497424272,9.591386144,9.601166859,9.887614929,10.23434668,10.09098521,9.068818092999999,9.332053721
Ga0242637_112975,13.11275155,13.02957336,13.19674299,12.78228845,12.67753588,12.64334534,12.1489462,12.34407328,12.49716046,11.79018394,11.58003706,11.52540683,13.17643713,13.09519522,12.82071202,11.55433837,11.27292921,10.99492043,10.45101989,9.62407334,9.82219793,9.012777556,8.607140528,8.929147705,12.10564198,11.89108626,12.28476087,11.40662377,11.62724255,11.604135099999999,12.28199178,11.95161081,12.56163012,12.77124258,12.08561748,12.21822844,11.68121752,11.08788002,10.94737865,10.24319151,12.224527499999999,12.4098773,12.0539942,12.38858882,13.06258525,12.8474226,10.40665352,10.28697048
Ga0242637_112976,4.28318584,4.363461633,4.737150617,4.641876781000001,4.82588164,4.47645793,4.149254746,3.956726771,4.920335663,5.267307644,5.210283856,5.32689956,5.30734308,4.804349092,4.698894265,4.97489283,4.527676153,5.2157469,5.11866428,5.2661502030000005,4.987490939,6.80702934,6.604463303999999,6.656842683,4.979232842,4.918013547,4.765490421,5.325055145,5.1819052469999995,5.135602143,5.540362097,5.75997554,5.264318318,5.951967002999999,5.804121743,6.18467128,5.152609088,4.966460517,4.98913372,5.394172671000001,5.082266081,6.9990463389999995,5.252278774,4.613783816000001,4.3663536910000005,4.252354428,5.062331788,5.007921351999999
Ga0242637_112977,6.598235477999999,6.663634462,6.736829553,6.837221431000001,6.81359109,6.760212871,7.126668637000001,7.159813512,6.956450657,7.305185537000001,6.91801882,6.679129400000001,6.867025961,6.90202242,6.729207112,7.009595233,7.292448879,7.343962424,7.5599681510000005,8.044249885,7.928860299,8.617639451,8.814970971000001,8.15294426,6.820189791000001,6.850026807000001,7.235494209,6.450107422,6.494549028,6.935082977,7.255563427,7.142576002999999,7.313262029,7.383166356,7.412977427,7.700599386,7.443309957,7.617663192,7.29455802,7.61298344,8.165234408,8.14968974,8.206857194,7.7671258629999995,7.501364735,7.3455960220000005,7.4399062439999994,7.419256131
Ga0242637_112978,4.529878847,4.600275824,4.737150617,4.373715198,4.646911621,4.739118302,4.708165356,4.660392731,4.780754992,4.762303356,4.914784288,4.497658663,4.402065233,4.175655838,4.622938842,4.389752078,5.291238733999999,5.41643281,5.355480453999999,5.2661502030000005,5.658047511,5.910951122999999,6.580665552999999,5.680529589,4.857950788999999,4.595882851,4.948212928,4.55761586,4.237162325,3.8398030480000003,4.742474206,4.960939729,4.790327679,5.3412443,5.076266476,5.001963246,4.818200909,5.335555734,5.331952749,5.394172671000001,5.62111866,5.369221982999999,5.698872497000001,5.395190985,4.603319646,4.900834924,5.612616484,5.929396152000001
Ga0242637_112979,4.921002898,5.330128456000001,5.535401821000001,5.119216774,5.375431402,5.516501086,4.953460831,5.26914868,5.006240364,5.638974087999999,5.165124858,5.532647821,5.557342343999999,5.477284507999999,5.577629402,5.705893862999999,6.114667556000001,5.7058584020000005,4.769522941,5.161685736,5.213380113,6.488400766,6.4553886270000005,6.6103830089999995,5.784945531,5.799928989,5.591285377,5.566548676,5.525426303,5.6184418439999995,5.461940492999999,5.632077893,5.466163537999999,5.8666220870000005,6.165142749,6.099326471,6.6089580539999995,6.817827167999999,5.881232586,6.111983072,5.377048301,6.324664655,5.809527223,6.036444639,6.539195511,5.721067526000001,6.247439525,5.7096443489999995
Ga0242637_11298,8.688987756,8.380159897999999,8.515796237,8.277884793,8.333180958,8.562255572,8.387621867,8.530162922,8.83458824,8.733291337,7.636648227,7.996613825,8.678302333,8.512964873,8.835152902,8.836351442,8.573590334,8.655309771,9.542475315,10.04938061,10.09752279,10.86059098,10.44915542,10.62553433,10.00796017,10.39179989,9.199944487,9.961266789,9.5379247,9.97990281,8.816149702,8.955863375,8.79729788,9.417372809,9.42617527,9.283385305,8.969932356000001,8.29385879,8.44571611,8.005027932,8.691816105,9.029441423,9.256665952999999,8.987702737000001,9.117194486,8.964376865,8.238641369,8.01353019
Ga0242637_112980,11.91112994,11.58508072,11.87151652,11.99390499,11.821754199999999,11.88035495,12.02098908,12.08056643,12.08809663,13.12736102,12.4251876,12.31570461,10.89152517,11.16448514,11.10389245,11.68775353,11.9451309,11.85867642,12.99754368,12.99067416,12.95444942,13.47945605,12.853023599999998,13.17100949,11.66080743,12.21735444,11.64449191,11.61005047,11.44635778,11.55395827,13.258475699999998,13.58619175,12.68085622,12.53181847,12.82600048,12.86060777,13.04887929,12.640549900000002,12.47806609,12.55524045,12.46274501,12.39786269,12.70773373,11.74610338,11.74146523,11.80943688,12.404995300000001,12.65664898
Ga0242637_112981,5.260571412,5.194270186000001,5.380760691,4.966678205,5.127172537,4.8539482210000005,5.344248659,5.0624516139999995,4.920335663,7.207161145,5.8452330660000005,5.84671801,5.557342343999999,5.191750273999999,5.112064538,6.157606328,5.852687421000001,6.018445817000001,6.714897079,6.1952876660000005,6.435108205,8.317000395,8.063438198,7.8673901420000005,5.911134035,6.341326334,5.90760089,5.621034657,5.877443975,5.672033075,7.4766815289999995,7.793705788,5.980002565,7.739711708,8.00390081,8.281068045,5.540984152,6.5998232429999995,6.261458827999999,6.170220277,6.954277387,6.745059889,7.1991722629999995,6.085617447000001,6.228573506,6.069892649,6.3646691120000005,5.962955225
Ga0242637_112982,7.202997149,6.916100485,7.262560199,7.2378265310000005,7.611273706,7.322059779,7.395865089,7.463789958,7.346666646,8.038292658,7.516997896,7.594125525,7.282045953,7.076004846,7.018566707000001,8.515096954,8.629320773,8.652492386,9.544852066,10.06741265,9.826434379,10.05931856,10.17732042,9.979689844,7.243472088,7.128675648,7.146041514,6.972559775,6.69494235,6.591464788,7.126618764,6.807072797000001,7.114349432000001,7.772830947999999,7.627276862,7.5250945289999995,8.460672297999999,8.29385879,8.073091178,9.142952801,7.699276052,7.983203905,8.11682633,7.503920592999999,8.111316102,7.700964562,9.096151665,9.266573765
Ga0242637_112983,6.968265904,7.237625797000001,7.187208681,7.5562524820000005,7.6701168310000005,7.590354527000001,7.822854266,7.924024848999999,7.685960187999999,7.305185537000001,6.876928753,6.988161845,6.994272343,7.013990056,6.889130056,8.336128072000001,8.466065682,8.531969019,9.037890087000001,9.380438421000001,9.233074285,8.949504115,8.946328777,9.119292316000001,7.152982271,6.713315184,7.3115134920000004,6.864263078,7.010940497000001,7.080354732000001,7.932156067999999,8.159812524,7.4275212370000006,7.915238753,8.07626204,8.067066786,8.602433012999999,8.642564862,8.789154878,8.749217029,7.924092957,7.938395996000001,8.291596887999999,8.513339419,8.414852187000001,8.140911229,8.526764465,8.58054733
Ga0242637_112984,9.123501998,9.025561062000001,8.978051535,8.901083327,8.817278582,8.775795861,8.222778595,8.265553532,8.373712536000001,8.558881461,9.29907204,8.997754269,8.392443292000001,8.415646747,8.342518767,7.586197478,7.748425782000001,7.806276326,7.945462727000001,8.453735499,8.289602043,8.194989582,8.285555351000001,8.216297699,8.06111566,8.185237426,7.742165435,8.061819152,8.040098779,8.179440236,8.052366402,8.074176989,8.2635013,8.877708448,8.828863984,8.852794663,7.813657267999999,7.650468439,7.632085278,7.311059351,8.80425367,8.601567401,8.678028816,7.700450825,8.063613718,7.924223372,7.246015427000001,7.126124115
Ga0242637_112985,2.7843994210000003,2.884693773,3.0999819539999995,3.16318366,2.953773423,3.196938321,3.4887793030000003,3.324328978,3.3591003539999997,3.9610702360000003,3.3486969460000005,3.275040208,2.7522056530000003,3.351026898,2.836309725,4.281559972,3.798069659,4.459643842,4.392404915,4.926323084,4.718346846,5.442018557999999,5.06529812,5.07047746,2.9697458610000003,3.5570608089999998,3.349279727,3.8225672999999993,3.904206087,3.73698757,4.601460261000001,4.5671028389999995,3.910455573,4.789010363,4.467038435,4.8594032380000005,3.7220789030000003,1.764951351,4.01929759,4.002277801,3.761569239,4.03641017,4.510207018,3.839256689,3.712631568,3.7560954489999996,4.032303163,3.310755737
Ga0242637_112986,7.881475098999999,7.897661692000001,7.972712339,7.812492614,7.961481786,7.821113017,7.709841645,7.897808835,7.679513324,7.54473585,8.285960649,7.725000747,7.727333674,7.7363657660000005,7.819106962,7.971798323,8.13113092,8.151816702,8.255162504,8.135976053,8.264839517,8.597141235,8.698322398,8.595619637999999,7.227436392,7.041646512000001,6.959073255,7.514043557000001,7.50133693,7.475058904,7.308540957999999,7.075569456,7.172867403,7.777500777999999,7.485645823,7.6286027579999995,8.303445626,8.117399427999999,7.853667297,8.555715332,8.691816105,8.412490905,8.530270923,6.805597266,6.817725212,6.918778087000001,8.373221867,8.514385011
Ga0242637_112987,4.921002898,4.643131277,4.820505525,4.795592988,4.783241701000001,5.539340915,4.9209356710000005,5.124648336,5.236456361,5.05635864,5.337731785,5.041850661000001,4.92643527,4.833769529,4.622938842,6.127484201000001,6.382738746,6.735797442000001,6.94844189,7.19630109,6.734981756,8.000569135,8.509803598,7.6436635,4.899551132,4.4528408719999995,4.990409729,4.499638053,4.6422935160000005,4.884561763,5.196869523,5.160708887,5.065064829,5.208172581,5.634836862,5.712347381,6.172077286,6.665550105,5.961851087,6.8418748460000005,5.429319039,5.579486505,5.303788803,5.69966181,5.139386515,5.315075955,6.806988873,6.902816122999999
Ga0242637_112988,3.79986984,2.884693773,3.3742476210000003,3.8347331430000002,3.8193379060000003,3.5378787089999997,3.581642131,3.956726771,3.927618893,4.978420755,4.914784288,4.9960046369999995,3.53504885,3.040961976,3.8582441469999997,3.892319216,3.891911795,3.4955664389999996,3.991602028,4.067851648,4.561457885,5.094429967,5.482136618999999,4.999446763,3.652503691,4.175237798,4.6108539319999995,4.815949237,4.350212306,4.634514988,4.328871157,4.318388806000001,4.50244731,5.757008709,5.4427701079999995,5.227094827,3.7220789030000003,3.91283721,2.974604675,3.042219942,3.923781767,3.621276007,3.9712646019999998,3.465722858,3.712631568,3.5704800810000004,3.2361992219999998,3.310755737
Ga0242637_112989,2.7843994210000003,2.686586935,2.930832432,1.764951351,2.744398912,2.6922148339999996,2.4060372180000003,2.8930991230000003,1.764951351,3.1652587430000003,3.795137545,2.855977779,2.4697179680000003,2.587354007,2.836309725,2.697953195,2.492414675,2.452468344,2.620112537,3.261710257,2.653701924,3.735313503,4.668031599,4.24518793,1.764951351,1.764951351,2.501599896,2.7970937510000002,2.7038793560000003,1.764951351,3.6315993030000002,3.35722349,2.747370773,3.931277971,3.6943890839999995,3.775624263,4.090071432,3.347410348,2.761863632,2.682367728,2.713663973,3.775076592,3.022421094,2.710597517,3.712631568,2.4396198080000002,2.9824992530000003,3.310755737
Ga0242637_11299,10.11357337,9.863436553,10.19480041,9.946387449,9.951028943999999,10.10824707,9.813466806000001,10.08877852,10.29043601,11.08007239,10.19992409,9.862733079,11.45747132,10.75537375,11.42432974,10.82142014,10.70527765,10.64273855,11.063379800000002,11.71080128,11.88127839,11.92527567,11.57458527,11.70962642,12.08048905,11.98095635,11.21461985,11.79274088,11.54684112,11.67402737,10.86755243,10.76930058,10.59234754,11.84420755,11.48489937,11.37417883,11.00716636,10.56731117,10.5180921,9.257940303,10.54755802,10.62327993,10.66860907,11.202639300000001,11.87732987,11.347603999999999,9.361291831,9.428015129
Ga0242637_112990,5.9822274239999995,6.13918578,6.3648146510000005,6.611240867999999,6.771185953,6.617907858,6.83040131,6.821376329,6.8797500970000005,6.515252153,6.423413864,6.394164259,6.508670515,6.427719413999999,6.539150816,7.074084212000001,7.409462326,7.639835063,7.909020127000001,8.303588658999999,8.361436692,8.68393652,8.941671096,8.805860382,6.250221922000001,5.946890464,6.237687229,6.419796252,6.218883214,6.334135596,6.352947775,6.336477515,6.37184384,6.289977678,6.182766912999999,6.482905643,6.6089580539999995,7.007125982000001,6.842420252999999,6.8418748460000005,7.554758139,7.836254967,7.545622969,7.05599097,6.949629269,6.502794773,6.82345168,6.699304861
Ga0242637_112991,4.412075361,3.869455631,4.398382944,4.216990205,4.13185483,4.47645793,3.388118941,3.8835986489999996,3.0232919369999998,5.05635864,4.800700892,5.086255088,4.565772871,4.507248248,4.163871943999999,4.035114441,4.347036161,4.405768825,3.991602028,3.942535777,4.181123441,5.094429967,4.668031599,4.24518793,4.629103398,4.640457153,4.373513282,5.033966346000001,5.211486433999999,4.6882346880000005,4.202547268,4.2484376169999996,3.9907369210000003,5.575031186,5.757763161000001,5.316718516,4.818200909,4.122987674,3.6595699839999996,4.002277801,3.923781767,4.823235936000001,3.8313353180000003,3.570185443,4.230481,3.917989517,4.145636678,3.707348591
Ga0242637_112992,1.764951351,2.422088851,2.4500833419999997,1.764951351,2.4640428340000002,1.764951351,1.764951351,2.693612905,1.764951351,2.485405011,1.764951351,2.855977779,2.4697179680000003,1.764951351,2.993237353,2.697953195,1.764951351,2.452468344,1.764951351,1.764951351,1.764951351,3.208116214,2.733434557,2.73549049,3.143822338,1.764951351,1.764951351,3.0165719139999996,1.764951351,1.764951351,1.764951351,1.764951351,2.4662029569999997,3.7001612999999995,3.463431424,2.3645287759999998,3.19781202,2.910528862,1.764951351,2.682367728,1.764951351,2.984995328,3.022421094,2.439497919,1.764951351,2.7107655210000003,1.764951351,1.764951351
Ga0242637_112993,4.689666095,5.165465121,4.648502583,4.271266876,4.547988485,4.569649976,4.090398034,4.5271795930000005,4.780754992,5.13022099,5.454693014,5.3988349929999995,4.342851821,4.175655838,4.661434729,3.3312073310000003,3.798069659,4.34968863,3.991602028,4.860785042,4.475808083,5.669565534,4.7570015539999995,4.672884133999999,5.29084043,5.42621131,4.664329848,5.566548676,6.082364551,5.53408641,5.024950464,5.233337442,5.200962465,5.617519654,5.913850367,5.882792081,4.377864054,4.122987674,3.938295756,4.002277801,4.198123123,4.6073727060000005,4.319533971,4.191477412,4.982365562,4.470605637,3.442297762,1.764951351
Ga0242637_112994,3.981339932,4.139153812,3.5957216260000004,3.285877101,3.9047313960000003,4.088802371,3.4887793030000003,3.8835986489999996,3.7300873130000003,3.874070482,4.023771416000001,4.116088736,3.7419712460000003,4.175655838,3.787498028,3.547978091,3.17815798,3.379426388,3.2071134580000003,3.942535777,3.64741757,4.393970655,4.360694114,3.967222743,3.752046685,4.112162506000001,4.30716112,4.309413512,4.503972568,4.023757596,4.267180386000001,4.3849201980000005,3.910455573,5.061310594,4.135963082,4.700706096,3.7220789030000003,4.3045167,3.431922531,3.860946852,3.5755614760000003,4.6073727060000005,3.9712646019999998,4.1281220880000005,4.230481,3.5704800810000004,3.908340615,3.525262858
Ga0242637_112995,3.79986984,3.6224631489999997,3.245552862,3.9066627169999997,3.8193379060000003,3.5378787089999997,3.824625541,3.437259219,3.3591003539999997,3.1652587430000003,3.795137545,3.7054419960000002,3.8339313660000003,4.026822059,4.217393007,3.3312073310000003,3.17815798,3.789455175,3.991602028,3.261710257,3.003423942,4.393970655,4.470928413999999,3.8026455180000003,4.471220857,3.824681115,3.349279727,4.499638053,4.350212306,3.73698757,3.7303142510000002,3.7278747230000002,3.733234295,4.450525224,4.135963082,4.48280585,3.19781202,4.608026708,3.431922531,3.52051745,3.923781767,4.754924248,2.667729675,3.351217807,3.712631568,3.080556652,3.442297762,3.707348591
Ga0242637_112996,5.833033812999999,5.330128456000001,5.9916017,5.604439012,5.6110890179999995,5.788245009,5.6504501860000005,6.144959018,5.524045455,5.993824463999999,6.497625646,6.42876132,5.993216969,5.791228097,5.495905865,5.78534409,5.896240317999999,5.544226111,5.863888597000001,6.272086056,6.435108205,6.656513704,6.556467632,6.40791227,5.762789337,5.8935302720000005,5.721345382000001,6.075292666,6.050179923,5.935518384,6.151941432,5.9648286420000005,6.088432338,6.829576227,6.7297801260000005,6.671931026,6.497069943,6.172248402999999,5.728218357,5.661866713999999,5.429319039,6.324664655,5.698872497000001,5.656840735,6.29629906,6.164487599,5.824370985,5.541826584
Ga0242637_112997,8.914633018,8.767446481,8.829926677000001,8.781744444,8.853264892999999,8.553912605,8.610488814,8.604981887000001,8.341411615,8.82147972,8.43485074,8.72294983,7.960873981000001,8.269453082,8.04314106,8.169129989,8.422192089,8.352646024,8.718059837,8.824137466,8.997900298,8.933242401000001,8.884573361000001,8.748086749,8.623236989,8.728981214,8.487864068,8.512661843,8.653361671,8.477905400000001,8.340879196,8.401642488,8.290168588,8.61880477,8.515051872999999,8.493840424,8.519058766,8.364752917999999,8.435197543,7.826811618,8.733723493,8.716592476,8.771772365,8.151953921,8.328691121,8.144775187999999,7.8138076839999995,7.835284427
Ga0242637_112998,5.8772684,6.000201688,6.235952271,5.562710944,5.5619811960000005,5.421298715,5.982730022,5.884410158,6.1285911010000005,6.107106016,6.876928753,6.42876132,6.119067012,5.776315209,5.673617144,5.280820142,5.323630748,5.0177777,5.4401634770000005,5.76988924,5.837348212,5.5023955010000005,5.674972682000001,5.680529589,6.4844049560000006,6.300966492000001,6.61670195,6.015672426,6.28947145,6.39895528,5.685358097999999,5.710180182,5.6664994360000005,6.637293215,7.097650727,6.713500741,5.540984152,5.162995195,5.5826326360000005,5.000863439,5.665297426,6.151927777999999,6.1548405939999995,6.053023475,6.043816337000001,5.446927207000001,5.317895342,5.299807274
Ga0242637_112999,6.041703224,5.881951384,6.280202598,6.280268917000001,6.164668731,6.00021559,6.058725477,6.052707669,6.166041382,6.325616824,6.848869325,5.897093888,6.610025128999999,6.085272242,6.157453221,6.4284771339999995,6.304208793,6.086995849,6.063289417999999,6.344987747,6.478889971,6.656513704,6.198069137999999,6.4872149420000005,5.194391513,5.7406836320000005,5.745996002,5.647517796,5.913695955,6.061131447999999,6.083974248,5.710180182,5.842181737000001,6.755715147999999,7.001771409,6.352082459,6.554101254,6.302017581,6.383394292,6.019942892,7.16816246,7.357903407999999,7.027258151,6.281153743,6.4528445229999996,6.441203655,6.247439525,6.149326563
Ga0242637_113,2.493146696,1.764951351,2.4500833419999997,1.764951351,3.1258350760000004,1.764951351,2.4060372180000003,3.0574123839999996,1.764951351,3.1652587430000003,2.911501305,2.855977779,2.4697179680000003,2.350359106,1.764951351,3.3312073310000003,2.492414675,2.728466907,3.409865375,2.654240015,2.653701924,3.9332210489999997,4.109167166000001,4.577747215,2.473778066,2.4340741830000003,1.764951351,2.502396276,2.434624694,2.8067615000000004,3.275786601,3.0217587530000003,2.747370773,2.681282262,2.78199892,3.2906310889999997,3.19781202,2.910528862,2.761863632,2.682367728,1.764951351,3.445576453,2.667729675,2.710597517,3.4799555860000004,1.764951351,1.764951351,3.310755737
Ga0242637_1130,4.472236948,3.942239546,4.092030704,3.677498875,4.264277858,2.891426793,3.9642345660000005,4.2144303910000005,4.016152236,4.389318268999999,4.968531455,4.2014779110000005,4.88611688,3.9732559860000003,4.217393007,5.224692397,4.687392958,4.60967979,4.206860836000001,4.71973642,4.561457885,4.737776482,4.994320674,4.7619335519999995,3.425532893,3.3393896030000003,4.373513282,4.088157498999999,3.904206087,4.259162309,4.134656991,4.013713061,3.527022611,3.999983807,3.889328561,3.70695293,3.7220789030000003,4.3045167,4.867664457,3.7022288089999997,3.923781767,4.351588736,4.8271728110000005,3.755778032,3.4799555860000004,3.7560954489999996,3.908340615,4.252491295
Ga0242637_11300,6.958032263,6.693973939,7.1320158,6.905299982000001,6.844595077999999,6.99213366,6.922604195,7.05295318,6.934949771,6.2940877,6.240951495,6.479144816,7.42786335,6.817395326000001,7.075674873,7.980232375,7.829049692000001,7.599435756,6.62779767,5.904829262000001,6.343331071000001,4.737776482,4.994320674,4.672884133999999,6.9626555660000005,6.61803693,7.0506663210000005,6.187582506,6.775771787,6.913080226,6.984991397000001,6.759056697999999,6.942379346,6.42725387,6.74170554,6.557871842000001,7.968359313,7.53222795,7.347889896,6.859655011,7.394123495,7.276214564,7.725121082,7.75201068,8.352704613,7.873894766,7.29403857,6.7385107710000005
Ga0242637_113000,8.083168628,8.144434709,8.204307503999999,8.546387787,8.142749092999999,8.556698959,8.592751877000001,8.57220715,8.578120667,8.286398846,8.806864724,8.599509673,8.058137516,8.369368231000001,8.45703662,8.296156045,8.244646037999999,8.446719624,9.057997989,9.324555614,9.063977148,9.078330032,9.280989575,9.05577006,8.36938835,8.593767733,8.330363984,8.512661843,8.321400957,8.568607402,8.531140406,8.510689738,8.607394165,8.394024812,8.391932406,8.660235687,8.561348185,8.354836038,8.227374352,8.149248823999999,9.132626445,8.922316927999999,8.897716417,8.923955716,9.181171083999999,8.998938223,7.939875227000001,8.150529882
Ga0242637_113001,9.118919382,9.127158747000001,9.087733775,9.170079809,9.199211477999999,9.229590127,9.09922926,9.156932284,9.137034364,9.875890548,9.483606539,9.386210568,8.806465019,8.92357944,8.94452759,8.990403318,9.030915853,9.045093404,9.444044025,9.894366892,9.817949002999999,9.594882882,9.686542872,9.703930732,9.07227966,9.109398611,8.942877228,8.759215563,8.60721661,8.533008041,9.248536355,9.048577839,9.226049668,9.329492915,9.224453504,9.328182436,9.061172177000001,8.650693433999999,8.695308809,7.723857513,9.412892903,9.321702681,9.341662786,9.071248568,9.325663895,9.184918089,7.67565381,7.761132194
Ga0242637_113002,7.327433261,7.343428574,7.409032141,7.308645022,7.097154812,7.0166408989999995,6.993885924,7.04500827,7.039382035,7.98507774,7.083661257999999,6.904667408,6.534686295,7.076004846,6.51868831,6.73823992,6.745571322000001,6.7569566210000005,6.714897079,7.014808626000001,6.698428825,6.85389689,6.695904429,6.7668268760000005,6.47083431,6.79301771,6.603312004,5.621034657,5.821286186,5.748832695,6.956813433,6.759056697999999,7.035441787999999,7.234824367000001,6.991822982,7.048344299,7.215019439,6.758834553,6.821016694,5.489094956000001,7.380992631,6.969641547999999,7.158078045,6.765989407,7.163949333,7.18218988,5.7224077289999995,5.401599866000001
Ga0242637_113003,6.060992991,5.950712059,6.077756391,5.089998068,5.5619811960000005,5.120951485,5.4612961460000005,5.792220714,5.635336689,5.933642772000001,5.816465234,5.740317942999999,6.658145492,6.223424592000001,6.075680074,5.437019741,5.117168106,5.41643281,6.933996844,7.115364884,6.905001625,7.7879045410000005,7.759016224,7.536022217999999,5.410032329,5.321969697,5.417757568,5.150240853000001,5.742810498,5.59087327,6.352947775,6.320010186,6.172925789,6.181203308,7.001771409,6.111833565,5.934684068999999,5.25189535,5.5038699,5.238749722,4.7922398369999994,4.68310128,4.418181822,5.840183939,6.193474781,5.635402322000001,5.534437141000001,5.007921351999999
Ga0242637_113004,10.01713256,9.900727754,10.0661791,10.00569206,10.0418143,10.09776389,9.4283508,9.596496862999999,9.524546707,9.064693424,8.762466483999999,9.023409129,10.1881754,10.136384,9.806637006,9.614362253,9.369949278,9.15268539,9.499010295,9.597017927000001,9.521373341,9.605183869,9.603467658,9.750145351,9.392827703,8.944827802,9.84617649,8.995597272000001,9.396664913,9.439403822000001,8.859889256,8.731860517000001,8.976857263,9.399311427999999,9.556667398,8.638840406,9.669331002,9.658810912,9.588618486,9.213729918,8.880850671000001,9.078441481,8.623749093999999,9.190011202,9.297075261,9.332800614,9.243998322000001,9.166015317000001
Ga0242637_113005,11.19764386,11.05002394,11.50900609,11.53112939,11.4681302,11.43548131,10.49879458,10.678142300000001,10.97731457,10.14205956,10.43140499,10.31800331,11.57088351,11.42478528,10.92765067,10.65363622,10.45253038,10.02606477,10.78944903,11.03654236,10.98539838,10.97091366,10.72057025,10.60052642,10.45687359,10.12670315,10.66374361,10.03050082,10.38458022,10.61368067,10.14492926,9.968592502,10.29230684,10.97865275,10.71710262,10.32793584,11.11045926,10.67683031,10.61912013,10.28980019,10.56216843,10.67426139,10.2632599,10.38469711,10.92333248,10.88759084,10.46678669,10.710346000000001
Ga0242637_113006,4.585211685,4.310766793,4.284017681,3.7585457030000002,4.325924049,4.211327143,4.3619100589999995,4.091802658,4.387612859,4.89591963,4.739976276,4.2014779110000005,4.5133345810000005,4.431583664,4.318467398999999,4.281559972,4.211803736,4.405768825,4.392404915,4.182356513999999,4.561457885,6.708453757999999,6.6735829429999995,6.294877003,4.7708554219999995,4.805726889,4.859823026,5.150240853000001,5.056986526,5.173425822,4.9879069110000005,4.622854853,4.746292825,5.812863817999999,5.5282672889999995,5.359496609,5.152609088,4.856866072,4.780426735,6.051283375,4.7922398369999994,5.692222557999999,4.677691172,5.199576963,5.139386515,4.744292858000001,5.17014544,5.5856647520000005
Ga0242637_113007,1.764951351,1.764951351,1.764951351,2.409644588,1.764951351,2.6922148339999996,1.764951351,2.4271808669999997,1.764951351,1.764951351,2.58606159,2.855977779,1.764951351,1.764951351,2.64618703,2.697953195,2.492414675,3.1044040639999997,2.620112537,2.654240015,1.764951351,3.500516376,2.733434557,2.73549049,2.473778066,1.764951351,1.764951351,2.7970937510000002,2.7038793560000003,1.764951351,2.4650293580000002,2.80145218,2.747370773,2.681282262,3.328847895,2.3645287759999998,1.764951351,1.764951351,1.764951351,1.764951351,1.764951351,4.6073727060000005,1.764951351,2.9134069030000003,1.764951351,1.764951351,1.764951351,1.764951351
Ga0242637_113008,3.3323533810000003,3.3131841189999998,3.0999819539999995,3.3965277680000003,3.404506301,2.891426793,2.858160055,2.8930991230000003,2.802740674,3.680174811,4.023771416000001,3.086552422,3.7419712460000003,2.913262576,3.925317194,3.547978091,3.000261432,3.789455175,3.2071134580000003,3.648450477,3.9413868460000003,3.735313503,3.963144162,3.613718618,3.844348227,4.112162506000001,3.607398345,4.309413512,4.59770328,4.520405555,3.406639872,3.7278747230000002,3.634407682,4.127524908,3.889328561,4.8594032380000005,4.090071432,3.347410348,3.431922531,3.042219942,2.713663973,3.621276007,3.8313353180000003,2.9134069030000003,1.764951351,3.3514834060000003,2.638270533,3.525262858
Ga0242637_113009,3.1795039910000003,2.686586935,3.0999819539999995,2.669405787,2.953773423,2.6922148339999996,2.858160055,2.4271808669999997,3.2040458910000003,3.680174811,3.6635147669999997,4.024865287,3.28524747,2.587354007,2.993237353,2.697953195,2.783394397,2.728466907,2.957841924,3.261710257,3.2608517239999997,4.51831327,3.963144162,3.390490989,3.5443074930000003,3.652763928,3.4852798330000003,3.0165719139999996,4.113784807,3.8398030480000003,3.7303142510000002,3.493771372,4.066401976,3.999983807,3.976769105,4.018654177,3.19781202,4.3045167,2.761863632,3.306485327,3.5755614760000003,3.775076592,3.022421094,3.0803301339999996,3.9089009,3.224318896,2.638270533,3.310755737
Ga0242637_11301,6.66269713,6.663634462,6.704750009,6.946270907000001,7.147736806,6.862923865,7.083753138,6.988132255,6.687388565,6.718816836,6.890756098,6.892334516,7.39276843,6.76563094,6.9049755479999995,8.599628583,8.737696605,8.51345535,8.455429257999999,8.657951391000001,8.451968772,7.271320808,6.901929214,7.170493899999999,7.000899692999999,6.859312715,6.969542612000001,6.592764596,6.765912802999999,7.109666259,6.381520928,6.84206254,6.28344191,6.616573237000001,6.394143377000001,6.172785315,8.561348185,7.8890709779999995,7.810906803,7.602468065,7.394123495,7.456557062999999,7.706245301,7.515902371,7.762692725,7.325303806,7.788892013,7.600303615
Ga0242637_113010,1.764951351,1.764951351,1.764951351,1.764951351,2.4640428340000002,1.764951351,2.4060372180000003,1.764951351,1.764951351,1.764951351,1.764951351,1.764951351,1.764951351,2.350359106,2.392844266,1.764951351,2.492414675,1.764951351,1.764951351,1.764951351,1.764951351,1.764951351,2.733434557,1.764951351,1.764951351,2.4340741830000003,1.764951351,1.764951351,1.764951351,1.764951351,1.764951351,2.505573503,1.764951351,1.764951351,1.764951351,1.764951351,1.764951351,2.910528862,2.476742168,1.764951351,1.764951351,2.640110246,1.764951351,1.764951351,1.764951351,1.764951351,1.764951351,1.764951351
Ga0242637_113011,4.412075361,4.139153812,3.867591407,4.46901742,4.264277858,4.61399296,3.9642345660000005,4.326831004,4.099120538,4.561592913,3.516347495,3.9268758439999996,4.1479527,4.078302471000001,3.925317194,3.063272146,2.492414675,3.379426388,3.8692144980000003,4.287870375,3.9413868460000003,3.9332210489999997,4.470928413999999,3.967222743,4.159436799,4.6836464069999995,3.915202194,4.088157498999999,4.4034040480000005,4.023757596,4.134656991,3.925246862,3.9907369210000003,4.630055126,4.278211688,4.700706096,3.19781202,3.91283721,2.974604675,2.682367728,4.3167515430000005,4.68310128,3.9712646019999998,3.755778032,4.489924871,4.19184173,3.442297762,3.045854701
Ga0242637_113012,4.06343774,4.139153812,4.159119162,4.1604384130000005,3.9047313960000003,4.211327143,3.9642345660000005,4.091802658,4.016152236,4.042654659,4.218583159,4.116088736,4.216089736,3.917412155,3.925317194,4.163986673999999,4.061476221,4.34968863,5.06615415,4.860785042,4.718346846,5.771053014,5.429562132999999,4.672884133999999,3.5443074930000003,3.3393896030000003,3.607398345,3.720385549,3.5583942139999998,3.9350153569999997,4.202547268,4.622854853,3.8248971380000003,4.4976423510000005,4.208962548,3.9028094710000003,4.090071432,3.347410348,4.236306217,3.860946852,4.068024151,4.88837244,4.510207018,3.839256689,3.9089009,4.19184173,4.250125233,3.866371795
Ga0242637_113013,5.833033812999999,5.694057138,5.674912671,5.883738445,6.114599127999999,6.00021559,5.799848765,6.084121432000001,5.763272576,5.870823923,6.219170611,6.266065182999999,5.955134826,5.715059651,5.814939232,6.697865064,6.870639231,6.714322657,7.0456941429999995,6.624096125,6.998144841,6.458368144,6.802598221,6.701849566,5.717420712000001,5.799928989,5.81749875,6.015672426,5.913695955,5.56276213,6.101270058,5.808096677999999,5.862700526,6.181203308,5.913850367,6.362579332,6.661800464,6.633061821,6.229287113,6.253374702,6.20301847,6.90896764,6.097926172999999,6.428072012,6.392255812,6.267507861,6.271662857999999,6.31426495
Ga0242637_113014,7.950168345,7.784835276,8.047029495,7.80360629,7.775706007999999,7.857729582999999,7.458783259,7.754201865,7.572239122999999,7.092857844,7.543486369,7.668295131,8.455007497,8.34691755,8.322024927000001,6.815744047000001,6.442613816000001,6.5299125170000005,5.801422745,6.086052777000001,6.026528808999999,6.656513704,6.402054491,5.768038651,7.290535693,7.274584456,7.60122861,7.89029367,7.898499789,8.023981344,6.928073273,6.683889763,7.01730402,8.33189562,8.085641595,7.683979568,7.142552369,7.5840941310000005,7.23108847,7.175718301,7.121547025,7.300030443,6.626329062999999,7.23340445,7.251739681,7.486270168,7.077872535,7.155377075
Ga0242637_113015,7.7806132120000004,7.88457946,7.791289034,7.128177693,7.196603359,7.335106577,6.930700823,7.04500827,6.798734062,6.445242827,6.283547148999999,6.479144816,8.341833911,8.595691762000001,8.429932374,6.187109631,6.221139128,5.305244467,4.834070366000001,4.385771447,4.2866031719999995,5.819219846,5.719373603999999,5.380361131,6.754537032999999,6.78329285,7.327875679,7.5283029720000005,7.5365337420000005,7.753994817000001,6.323795225,6.181002964,6.508080294,8.040960598,7.836209586,7.566487174,7.142552369,7.2830344,7.247219808,7.057477574,6.20301847,6.52003258,5.698872497000001,6.945120632,7.181940452,7.255522469,6.9030559039999995,6.919966869
Ga0242637_113016,8.838631295,9.060874253,9.126553958999999,8.492120176,8.649072333,8.476571466000001,8.354923902000001,8.535840132,8.532354804,8.19987723,7.8638186889999995,8.002359753,9.88535091,9.843956194,9.831703382999999,8.131764686,7.9779174589999995,7.53357159,6.214597157,5.872266967000001,6.167109247000001,7.027459622,7.115625144,6.562373374,7.972525702,7.987850395,8.276606986,8.92462285,9.121472706,9.122421098,7.873103747,7.616545862000001,8.002925292,9.687979373,9.735614081,9.251319488,9.070962694,8.956339199999999,9.077662289,8.832540446,8.436649891,8.512674153999999,7.917918867000001,8.852545596,9.144961154,8.944565934,8.816955802,9.06178402
Ga0242637_113017,8.994355517999999,8.948045197,9.075254512999999,8.69552127,8.507843307,8.584270417,8.179295289,8.37728627,8.23113946,8.932960988,8.80321662,8.764111986,9.729582854,9.495044272000001,9.404656324,8.812936954,8.522562105,8.198924134,7.659859696,7.392238797,7.603037577,7.566755489,7.440261681,7.584857438999999,8.41610039,8.342384957,8.432216835,8.948671081,9.013228777,9.217430152,8.104639887000001,7.9407490229999995,8.3237462,10.24306066,10.1418016,9.647070564,9.649866473,9.674841118,9.450959026,9.124702314,8.598502565,8.671677001,7.696713934,8.328736052,8.793809317000001,8.661404887,9.030368219,9.25311341
Ga0242637_113018,8.986830155,9.213377744,9.150544426,8.567535787999999,8.643211069,8.749247612000001,8.258575153999999,8.469162931,8.44764697,8.859605465,8.981652791,8.622075031,9.81686505,9.835022721,9.720908393,8.588639841,8.330226289,8.16769075,6.797026275,5.734069421,6.457165661,6.228496762000001,6.229043205,6.512706494,7.943380283,7.8596265270000005,8.382189249,8.700627807,8.873444952,8.960348800000002,7.656725327999999,7.568632714,8.248038517000001,10.07023818,10.07156397,9.235727999,9.701199416,10.08788509,9.924394101,9.37682529,8.96242396,8.439536888,7.502506892,8.355647158,8.437484108,8.522795459,9.424654516,9.501007478
Ga0242637_113019,7.995878227,8.297035173,8.133841856,7.931472498,7.9329350320000005,7.720322026,7.647377178999999,7.5392339370000006,7.666532472,6.799558632999999,7.849738147,7.162583862000001,9.099767034,8.757629621,8.891870101,7.518312138,7.439125705,7.219989022999999,6.351476382,4.926323084,5.4964242720000005,5.669565534,5.532841605,5.538322247999999,6.201724324,5.946890464,6.959073255,7.542422734,7.664015468,7.923069696000001,6.603886066,6.368856881,6.883512183,8.378741596000001,8.792099312000001,7.974441074,8.948848583,9.241078444,9.160875357,8.665841771,8.871495537000001,8.082640072,7.618106103,7.580079252000001,7.472425286,7.37879419,8.480838409,8.654086393
Ga0242637_11302,4.921002898,4.414199049,4.693531291,4.101398217,4.384900493,3.632791763,4.259752279,4.025988985,3.927618893,4.261120417,4.12472298,4.281776014,4.000280065,4.175655838,3.989110611,4.4900135830000005,3.979426665,4.230088347,4.701851585,5.161685736,4.718346846,5.771053014,5.804244499,6.038029805,4.292841717,4.112162506000001,4.30716112,4.2396179919999994,4.503972568,4.634514988,4.328871157,4.622854853,4.50244731,3.931277971,4.872076946,4.270522828,3.19781202,5.489425957000001,5.204594678,4.864979065,4.621105128,5.4570823410000004,4.962237235,4.862887133,4.896774386000001,4.31027734,4.032303163,4.941547642
Ga0242637_113020,9.038701476,8.945947981,8.895279521,8.66886089,8.873432486,8.619343072000001,8.462083086,8.38359684,8.485089174,7.551408437999999,9.227384021,8.333899845,9.701187541,9.614709779,9.410214021,8.642765087999999,8.664267166,8.562306684,7.78580036,6.824195716,7.207638899,7.027459622,6.994849777000001,6.964407874,6.400991392000001,6.418798259,7.3115134920000004,7.884763607000001,8.370980472000001,8.381114947999999,7.436449025,7.206604747999999,7.773745964,8.873353265,9.383088917,8.519822542,9.569270784,9.815240722,9.945546111,9.329803065,9.61700271,8.547897586,8.193366842,8.036115836,8.111316102,8.17531976,9.256166239,9.325637862999999
Ga0242637_113021,11.14734126,11.28426018,11.48050415,11.38169691,11.53295688,11.28357678,10.70624805,10.91872492,10.86819433,10.09032159,12.35591044,11.60826619,12.20100755,11.84621172,11.73174004,10.87553718,10.41104911,10.12997505,9.612127752000001,9.456302226,9.70514415,9.625567775,9.331710735,9.215445845,9.315331927999999,9.208924134,9.271447845,10.03050082,10.39100258,10.55809633,10.43163368,10.21851654,10.41419968,11.55606505,11.96281181,11.41973571,12.03260625,12.24845702,11.81537355,11.15532764,12.14765883,11.40036533,11.15875086,10.0154532,10.41244112,10.27849571,11.11896622,11.30441314
Ga0242637_113022,7.678406204,7.528652295,7.851083455,7.2960250570000005,7.204589082,7.423270126,7.105370651,7.092033588,7.254232976,7.313061093,6.91801882,6.988161845,7.448517384,7.569690285,7.507815324,7.4348482979999995,7.538389448999999,7.545772867,7.6332956329999995,7.101422267,7.343966892999999,7.182343406,7.492166087999999,7.217718295,7.430175713,7.342349185,7.5463595439999995,7.347109007999999,7.459157577999999,7.452363179,7.470053601,7.343082005,7.447972029,7.34591595,7.554826387,7.443509708,7.586740087000001,7.9297252270000005,7.843095455,8.090272097,7.105667307999999,6.5796728589999995,7.239127099,7.345086954,7.663769918,7.48016506,8.006226977,8.228265503
Ga0242637_113023,8.596418345,8.432030276,8.802428687,8.421282168,8.613542095,8.66137063,8.39055798,8.555536227000001,8.635857804,8.337470077,8.517325279,8.360984978,8.666600339,8.313859136,8.525212831000001,8.642765087999999,8.619641146000001,8.674878878,9.020916709,9.318545291,9.352454547999999,9.892719962000001,9.998269246,9.720411348999999,8.665490127,8.465973215,8.662455941000001,8.691155649,8.805352944,8.886107606,8.882519508,8.87095387,8.882378164,8.926870215,8.864714906,9.068178452,8.990712412,8.982335577,8.897840533,9.53996287,8.712921978999999,8.827220675,8.711536444,8.928443659,9.203349265,8.990375201,9.375305026,9.498157605
Ga0242637_113024,8.799074117,8.536077352000001,8.619712154,8.494882597,8.451939977,8.434774286,8.448058991,8.21690576,8.291562063999999,9.422171628,9.25167801,9.211232758,8.5311938,8.371841316,8.432665833,8.241076225,7.878596087000001,8.031187269,7.777738027000001,7.992330987999999,8.134217751,8.158145805,7.8413548760000005,7.6436635,9.024380677,9.11908667,9.052736737,9.065688368,9.058312932,8.880453219,8.632530589,8.574448917,8.529597983,9.44698152,9.480507797000001,9.153630283,7.836799837999999,7.789501663999999,7.55643847,6.8418748460000005,8.23255386,8.368133988,8.365631698,8.16342285,8.524619605,8.259695234,6.948788762,6.919966869
Ga0242637_113025,7.653266805,7.657306629,7.775944827000001,7.856120933,7.937732238,7.962310903,8.296638644,8.202699602000001,8.274555197,9.031678627,8.628700792,8.315556338,8.115218209,7.963245822999999,7.954616926,9.067617109,9.109090964,9.188134666,9.349320918,8.183052507000001,8.407412892,7.087508715,6.134042288,7.2931416229999995,8.290581073,8.462933048,8.596483954,7.663638949,7.489411083999999,7.710031391,9.729648952,10.07772817,9.091748762,8.699747294,9.342592729,8.758734394,10.04208774,9.956355631000001,10.22433989,8.47156542,9.48827281,9.085307574,9.442029926,8.910407501,8.746259949,8.703925663,8.585809518,8.601943819
Ga0242637_113026,7.843084823,7.82647694,8.047029495,8.400807781000001,8.539743188,8.537080496,8.657560691,8.683801696,8.635857804,9.883840564,9.304243201,9.084264807,8.330754094,7.81117321,7.746256895,9.703640526000001,9.827805155,9.850361717,10.36082327,9.98253282,10.15591924,8.664365362,7.694022133,8.726490927,8.271165276,8.166670875,8.362476202,7.549431095,7.700678397999999,7.808618463999999,10.06144535,10.3699204,9.482077411,8.888539226,9.811051625,9.093563512000001,10.70477842,10.54568127,10.49042021,8.376041256,9.521548099,9.203616822999999,9.631491414,8.905863004,9.194518866000001,8.981761045,8.637889766,8.738619769
Ga0242637_113027,7.575106599,7.594413991000001,7.571911216,7.405814036000001,7.45271503,7.579432853999999,7.8358393379999995,7.95825428,8.10212541,9.260596296000001,8.264894744,8.14943083,7.54756921,7.386099572999999,7.313825302000001,10.8789235,11.17444767,11.44502674,11.77103146,12.0346674,11.95181068,11.45475604,11.3583555,11.47563674,8.343594737,8.462933048,8.417007711,7.682886689,7.357845273,7.55534719,8.859889256,8.955863375,8.917009971,8.767027856,9.17258963,9.155138044,8.803737783999999,9.180612228,9.00128685,10.75126832,8.814053692,8.620598986000001,8.682863538,8.603102118999999,8.496155315,8.197811037000001,10.89216496,10.87427411
Ga0242637_113028,7.548082394,7.567376857,8.196645858,7.885893931,8.061569265,8.011888539,7.642458242000001,7.825476069,7.867069386,7.54473585,8.391774904,8.080487779,8.227008533,7.836465168999999,7.759383144,7.772554242000001,7.592186625,7.242655978999999,7.314541569,7.727823514,7.479313968,7.464819342999999,7.386418431,7.523550500000001,7.235476542000001,7.151526166,7.5252330679999995,7.514043557000001,7.3313641579999995,7.382049995,7.7195377039999995,7.422251985,7.6903838360000005,7.910994947000001,7.973908166,8.132829873,7.179241362999999,7.174415403999999,7.112811265,8.02878047,7.242652929,7.558793295,7.239127099,7.509923929,8.148373627,7.752525006,8.01341443,8.157772452
Ga0242637_113029,8.461752121,8.533286234,8.573134522,8.57015762,8.400747402,8.437800299,8.24241404,8.195543705,8.204448548,8.607704361,8.535029739,8.705446118,8.330754094,8.467440752,8.261813692999999,8.720325621,9.109090964,9.158654427,8.993336937999999,8.657951391000001,8.78366724,8.74732,8.692789312999999,8.630921096,8.324884173,8.298718099,8.272387641,7.9067577479999995,7.9385167910000005,7.950317496,8.207813191,8.381978869,8.20464072,8.546788874,8.391932406,8.445366741,8.31996229,7.9297252270000005,8.4596226,8.191950777,8.391545365,8.220013601,8.172891735,8.420806986,8.166551345,8.241767991,8.470430952000001,8.295473179
Ga0242637_11303,3.893771605,3.527960989,3.245552862,3.590839983,3.8193379060000003,4.0230464239999995,4.205635493,4.2144303910000005,3.3591003539999997,4.389318268999999,4.466516375,4.3575869030000005,3.7419712460000003,3.7337995019999997,4.366319211,4.163986673999999,4.061476221,3.601460762,3.7340261939999997,4.067851648,4.066657595,5.171091359,4.994320674,5.434983135,5.126244417,5.149700069,4.859823026,4.90724903,5.211486433999999,4.837999339,4.387889002,4.509011222,3.9907369210000003,4.186997065,4.135963082,4.733919193,3.19781202,4.737982187,4.824724139,4.545835038,2.713663973,4.03641017,3.283209092,3.991601604,3.712631568,3.917989517,3.908340615,3.866371795
Ga0242637_113030,6.306927933,5.632516237999999,5.82214174,6.073594029,6.114599127999999,6.309261059,6.158781532000001,6.144959018,5.968181014,6.212099074,6.240951495,6.749208058,6.585347852000001,6.418165544,6.549273965,5.8968195439999995,5.896240317999999,6.1036337529999996,5.952760852999999,5.872266967000001,6.026528808999999,6.298008836,6.863014993999999,6.32397988,6.4844049560000006,6.3676168429999995,6.370162855,6.90856352,6.9771668689999995,7.316533405,6.697717175,6.830493495,6.455123949,7.34591595,7.390442871,7.383007652000001,5.934684068999999,6.216819847000001,5.881232586,5.887248805,6.045169324,6.301223246,6.1548405939999995,6.164004831000001,6.157496936,6.036923185,6.409009136,6.390139383999999
Ga0242637_113031,6.558125456,6.45503134,6.671939309,6.227997229,6.44672689,6.140875653999999,6.1861335760000005,6.378130116,6.202539906,6.88661062,6.568196225,6.479144816,6.468742894,6.349449861,6.433797295,6.5916770510000005,7.120006364,7.024545734,7.401076959,7.662874979,7.64202684,8.16744536,8.194516312000001,7.817184574,6.218072761,6.300966492000001,6.603312004,6.291727083,6.395663035,6.334135596,6.503507989,6.086755726,6.172925789,6.933716975,7.238909425,7.136521457000001,6.554101254,7.105083786000001,7.012550107999999,6.823872422999999,6.638211925,6.6369394470000005,6.996500469,6.415319116,6.082718732000001,6.453734663,6.790335682,6.919966869
Ga0242637_113032,7.35108138,7.007484803,7.171653802000001,6.765764293999999,6.749505697999999,6.730880827000001,6.434342163999999,6.464134765,6.3722996720000005,7.223968555,6.890756098,6.892334516,7.0403685860000005,6.955798542999999,6.856906311,6.9592605270000005,6.826406529,6.670387515,6.62779767,6.05739422,6.193646105,6.331543479,6.580665552999999,6.562373374,6.47083431,6.733658247,6.756313597999999,6.373096881,6.842956986,6.956754693,6.898747987999999,6.79521804,6.980328724,7.34591595,7.683960867000001,7.477664401,7.586740087000001,7.151673496,7.164694511,6.805642102,6.547022713,6.599016019,6.8144842489999995,6.4779820379999995,6.949629269,6.746267497000001,6.756440132000001,6.5530097970000005
Ga0242637_113033,5.1918384710000005,4.764308352,5.40772777,4.681923201,4.693851334,5.151038858,4.853537622,4.9973908069999995,4.920335663,5.165755178,4.858901346000001,5.041850661000001,5.1123508730000005,5.381752594,5.055868844,5.280820142,5.503878168,5.3894393670000005,5.11866428,4.79203651,5.047435514,6.85389689,6.82302007,6.294877003,5.381157138,5.400857691000001,4.813450465,5.18696924,5.5017513760000005,5.41324651,5.434811402999999,4.872372338,5.168190876000001,5.794486489,5.804121743,5.7448849079999995,6.018255341000001,6.260050016,5.795807193,6.141396877000001,5.322784787,5.692222557999999,4.75442959,5.520094777000001,5.636034024,5.496430504,5.856806806,6.261361596
Ga0242637_113034,7.960452035,8.061619078,8.063973066,7.812492614,7.68160268,7.759553762,8.186070952,7.987552752,7.844195911,8.416330647999999,8.148949247000001,8.263874608,8.115218209,7.953371476,8.208580489,8.491692741,8.695318259,8.672099493,8.056251421,8.108368837999999,8.056990951,8.911270968,9.018876297,8.607483042,8.518451835,8.459886459,8.530886061,8.565459356,8.700663797,8.547353386000001,8.456008614,8.574448917,8.363751546,8.868984894,8.920809302,8.860208985,9.021331800000002,8.943163194,9.079914738,9.364435131,8.862079336,8.587127097,8.653609115,8.777415506,8.734123606,8.61480958,9.355648216,9.385466314
Ga0242637_113035,7.763095077000001,7.893314121,7.959190565,7.80360629,7.812737543,8.02804278,8.010150878,8.091444205,7.955099199,8.143593053,7.6201513279999995,7.594125525,7.97517687,7.854263066000001,7.763732141,8.868506076000001,9.050260023,9.226527298999999,9.499010295,9.312509823,9.432453268,9.570557291,9.783430072,9.706690608999999,8.239545907,8.058035577,8.25965504,7.873639452999999,7.843355592999999,7.838094054,8.070002252,8.287904653,8.048269402999999,7.902469684,8.12256147,8.129765367000001,9.476557424,9.492406274,9.375951623999999,9.443131929,8.949144732999999,8.764435968999999,9.043922882,8.787332433,8.646183934,8.537565257999999,9.454002001000001,9.644520644
Ga0242637_113036,6.002327897000001,5.430180045,5.880882811,5.583727362,5.704514842999999,5.769079584,6.043844971,5.9541164339999995,6.166041382,6.245457957,5.901091802000001,5.969486165,6.771846947999999,6.073136366,6.798719382000001,6.378233109,6.457201047000001,6.953026725,7.624331064,7.781256207999999,7.632377921000001,8.398235495,8.285555351000001,8.069626552999999,6.35739723,6.443721711,6.129644375,6.747156146,6.684511967000001,7.040321433,6.294039204,6.461837488,6.252723646000001,6.802320353,6.7769003539999995,6.82388959,7.3816884279999995,7.196803992,6.934984804,6.60939271,6.615950569,6.618102637000001,6.522144706000001,6.971473851,7.127278905,6.7764928520000005,6.612265337999999,6.638418239
Ga0242637_113037,4.140753994,4.198816504,4.398382944,3.8347331430000002,3.727858533,4.0230464239999995,3.667967475,4.2144303910000005,3.7300873130000003,4.937774533,4.388768833,4.948618036,3.642811276,3.666205171,4.268871987,1.764951351,3.6967962130000003,4.028070049,3.409865375,3.4707135389999997,4.066657595,5.3129993319999995,4.994320674,4.7619335519999995,4.857950788999999,4.7662066030000005,4.003383257,5.389372969,5.377094447999999,5.210266287,4.949863798,4.917352993,4.391441637,5.53123974,5.351814527,5.40102619,4.090071432,3.91283721,3.551058527,4.002277801,3.923781767,5.2263368560000005,3.283209092,4.061615789,3.4799555860000004,3.7560954489999996,3.442297762,3.525262858
Ga0242637_113038,3.3323533810000003,3.0479219410000002,3.0999819539999995,3.7585457030000002,3.9848634689999995,3.803363006,4.205635493,3.8835986489999996,4.251042272,3.9610702360000003,4.218583159,3.7054419960000002,3.9197569839999997,3.518874686,3.925317194,5.8968195439999995,6.16888972,6.33251699,6.238335006000001,5.998300844,6.055767905,6.629823533,7.082138435,6.8289981410000005,5.740284804,5.981391726,5.6707321020000006,4.309413512,4.237162325,4.634514988,3.907346379,4.622854853,3.9907369210000003,4.965263925,5.287778339,5.662109912999999,6.375740119,7.056937216000001,6.12820921,9.451942142,6.110405722,6.043013147000001,4.896326773999999,4.784684284,5.063055895,4.658919033,8.590622556,9.615886194
Ga0242637_113039,9.681800071,9.494482643,9.699601114,9.980292145,9.831128944,9.830577007999999,9.547568515,9.581479832000001,9.604972445,9.736502468,10.02461213,9.655952741,9.134161235,9.360817577999999,9.350762086,9.721354945,9.947407201,9.898713502,10.34727056,10.61173561,10.58139985,10.41790407,10.71239065,10.43896963,9.533091638,9.389478602999999,9.438912102,9.087513157,9.090238452000001,9.020710793,9.076014901,8.830905824,9.179943806,9.640076244,8.891698714,9.090414701,9.353608667,9.344916455,9.073146815,8.791480272000001,10.51187727,10.05896009,10.57938841,9.38383912,9.369474643,9.423056455,8.745385852,8.709346812
Ga0242637_11304,5.043482011,5.330128456000001,5.380760691,4.7587211819999995,5.403623422000001,5.2653818569999995,4.887640704,5.543225295,5.43448405,5.13022099,5.597064109,5.564227731,5.770013193,5.300425582,5.1661135410000005,5.664450563,5.291238733999999,5.638812633,5.66766739,5.998300844,5.6193236120000005,6.708453757999999,6.604463303999999,6.7668268760000005,5.890859337,5.799928989,6.370162855,5.724145387,5.525426303,6.040944895,5.461940492999999,5.710180182,5.569841931,5.262906055,5.995960243,5.4213454379999995,6.985673822000001,7.007125982000001,6.33887169,6.019942892,5.322784787,6.347729934,5.4929873360000006,6.069412979,5.7852377310000005,5.8406552970000005,5.88852457,5.962955225
Ga0242637_113040,6.098811788,6.182676609,5.8615688079999995,6.367405363,6.659364554,6.459972556,6.3997344279999995,6.61137745,6.552647097,5.953985238,5.597064109,5.595124285,6.341844922999999,6.255982015,6.508346877,6.656325108,6.568861414,6.414753826,6.680687091,6.906703667,6.6797983279999995,7.881296366,8.509803598,7.743824104,6.15153208,6.3676168429999995,6.491455609,6.592764596,6.506445147000001,6.761233785,6.367305328,6.368856881,6.298558283999999,5.794486489,6.073623614,6.320124006,6.661800464,6.302017581,6.574679651,7.244976904,6.110405722,6.560066151,6.409822867000001,6.349800908,6.510983842999999,6.020149986,6.978490121,6.508326178
Ga0242637_113041,7.456582292999999,7.399698107000001,7.277169034,7.009493064,7.180497923,7.268658555,7.419063396,7.306572171,7.305384634,7.755885452,7.677083132999999,7.531914095,7.56027648,7.448368019,7.706145617000001,7.8389846279999995,8.240441337,8.248278639,9.054666076,9.604447139,9.521373341,9.570557291,10.14729498,9.776654547,7.485151752,7.975102271,7.459930078999999,7.394586964,7.370905604,7.090191642000001,7.49638442,7.623262447999999,7.526991935,7.614802544,7.677771572,7.708838007000001,7.559172932999999,7.53222795,7.5434355989999995,7.723857513,7.994740462,8.082640072,8.065915025,7.351787937999999,7.199709733,7.26265461,7.6936644439999995,7.523876547
Ga0242637_113042,9.475026841,9.582162266000001,9.406072982000001,9.840699241,9.654473005,9.780210761000001,9.834101505,9.833888027,9.823868389,9.41304427,9.634929582,9.490040659,9.548575856,9.636468267,9.645162018999999,10.07236379,10.22781611,10.21644771,10.307232,10.38032204,10.362573800000002,10.34397225,10.74215846,10.39857638,8.908529483999999,8.933891107,9.020396773,9.23820506,9.357848744,9.272433946,9.890872931,10.09353001,9.779592447,9.23760559,9.01708021,9.485075028999999,9.996583076,10.10277368,10.09334042,10.17210575,10.14152348,9.894746919,10.12622914,9.696935628,9.633971846,9.778027331,10.197004,10.31315022
Ga0242637_113043,9.816666496,9.866766004,9.601484318999999,9.868654856000001,9.83241727,9.856812248999999,10.03039086,9.969054786000001,9.819478301,9.612809372000001,9.460632521,9.569587624,9.21872626,9.603180143,9.66272966,8.930741868,8.966193447,8.951924484,8.751371797000001,8.420447483,8.479133094,8.176685337999999,8.278184432,8.356468223,9.495105649,9.785948237000001,9.658485805,9.661644341,9.629036241,9.609689437,9.772012026,10.00117803,9.802264876,8.774053823,9.050989159,9.398612796,8.927452084,8.94976624,9.443981147999999,9.124702314,10.02611888,9.853113664,9.984625289,9.937447961,9.656652973,9.78423277,8.953990184,8.970146579
Ga0242637_113044,9.095785365,8.627898157,8.91875217,9.170079809,9.510591458,7.979026869,9.174404536,8.989139586,9.221538555,12.24991847,13.42013433,13.11297206,8.119516866,8.082798598,8.085445501,7.743119732,8.002956308,8.035519303,7.833250085,7.798635997000001,7.990577132,7.947573706,8.601245659,8.095131105,8.720923085,7.677505902999999,8.737835018,7.470399041,7.453029937,7.467533293,7.779727749,7.74527014,7.626035207999999,7.739711708,7.968848184,8.960196494,8.069508682999999,7.759743187000001,7.9355627360000005,7.684519022999999,8.188025139,7.945961329,8.213555346,7.816395292,8.034216107,7.968500757999999,7.746384663,7.789388002000001
Ga0242637_113045,9.982236801,8.797998175,9.102157771,9.115485202999999,9.90278683,7.778776491,9.370047054,9.207604556,9.593019258,13.47832494,14.70332034,13.97956979,7.628232422999999,7.649331073,7.823279772,6.127484201000001,6.304208793,6.414753826,6.3295493679999995,6.874265449,6.856069484,7.371314461,8.452019878,7.446365815,9.271060807000001,8.074064938,9.453892132,7.455552226,7.428255544,7.333193838,6.898747987999999,6.920543805,6.9519608260000005,7.932090184,8.257314676,8.977344347999999,6.497069943,7.007125982000001,6.440691297000001,7.446583027000001,6.593339468,6.81287756,6.778769051,6.805597266,6.92846714,6.854123116,7.157920715,7.478313195
Ga0242637_113046,6.724395355,6.512925202000001,6.726215596,6.756577571,6.792544611,6.826416382000001,6.290613841,6.245591817999999,6.538452242000001,6.582012242999999,6.585311029,6.679129400000001,6.727438012,6.623290844,6.683993534,6.000247085,5.87462932,5.790628498999999,5.66766739,6.246939936,6.084423183999999,6.899287208,6.901929214,7.01875812,6.312439793999999,6.354531682,6.548470468,6.783298897000001,6.6202908570000005,6.383022246,6.367305328,6.604580627000001,6.414086646,6.736642322000001,6.251177785,6.539493293,6.097225568,6.38244659,6.245463007000001,6.081954045,6.4242548479999995,6.745059889,6.522144706000001,6.179181621000001,6.082718732000001,6.086097661,5.686739139,6.027805793
Ga0242637_113047,5.388800592000001,5.454132052,5.51076505,5.900555853999999,5.658564936,5.396470191000001,5.216699757,4.9973908069999995,5.271436136,5.613580464,5.630544265,5.595124285,6.356510513,5.90525099,5.516779643,5.577775439,4.830665175,5.276034084,5.355480453999999,5.540133262,5.6193236120000005,5.954705207000001,5.960243686,6.072762742999999,5.194391513,4.595882851,4.859823026,5.509900869,5.089265216,5.281196222,5.434811402999999,5.084155163999999,5.264318318,6.016764481,6.073623614,6.086709458,5.845938526,5.414567487999999,5.331952749,5.489094956000001,5.7497599379999995,6.125463892000001,5.578933935,5.368840404,5.139386515,5.590564405,5.534437141000001,5.351613692
Ga0242637_113048,3.00145839,3.6224631489999997,3.3742476210000003,3.497605637,3.404506301,2.6922148339999996,1.764951351,2.8930991230000003,3.0232919369999998,3.1652587430000003,2.58606159,3.086552422,4.280950425,3.2570464360000004,4.0499543110000005,4.281559972,3.465611188,3.379426388,3.8692144980000003,3.261710257,1.764951351,4.257192719,3.963144162,4.845648752,2.9697458610000003,3.453203863,3.19503281,3.609195169,2.434624694,3.36495514,3.275786601,3.925246862,3.278155795,3.8587559139999996,4.135963082,4.072968604,4.090071432,2.910528862,3.938295756,3.306485327,3.35606442,4.442236701000001,1.764951351,2.439497919,1.764951351,3.224318896,3.442297762,3.866371795
Ga0242637_113049,2.493146696,3.425456982,3.245552862,3.024689424,2.953773423,3.055524389,3.388118941,3.19900412,3.0232919369999998,3.316819254,2.911501305,3.4363628139999998,3.8339313660000003,3.7337995019999997,2.993237353,3.063272146,2.783394397,3.4955664389999996,2.957841924,4.182356513999999,3.8028251330000002,4.927376411,5.719373603999999,5.48758844,3.425532893,3.0702452019999997,3.19503281,4.005455174,3.6541520239999996,3.209420395,3.907346379,3.7278747230000002,3.527022611,4.065284571,4.467038435,3.9028094710000003,4.615431697,3.347410348,3.149291978,3.7022288089999997,3.761569239,4.754924248,3.9712646019999998,2.439497919,3.190463246,1.764951351,3.617730023,3.310755737
Ga0242637_11305,6.080026936,5.772197826,6.250854297,5.796556695,5.87484486,5.788245009,5.344248659,5.713942175,5.661855816,5.8920709129999995,6.550875412000001,5.992826981,6.011885495,5.531674586,6.157453221,5.224692397,4.830665175,4.868474378999999,5.218180433000001,5.581083416,5.361928221,5.56032048,5.922806584,5.587314472,5.989481926,6.539309274,5.721345382000001,6.494409152999999,6.42102919,6.231072713,5.795880545,5.899744585,5.492797981,6.39109574,6.453389202,5.8681085479999995,5.751330366,5.814182763,5.751104422999999,5.887248805,5.266368163,5.65562299,5.143286713999999,5.258267641000001,5.280719161,5.0747936430000005,4.678308878999999,5.190157933
Ga0242637_113050,2.7843994210000003,3.0479219410000002,2.930832432,2.409644588,3.1258350760000004,2.891426793,2.4060372180000003,2.8930991230000003,1.764951351,3.1652587430000003,2.911501305,2.545388166,4.1479527,3.351026898,2.64618703,3.3312073310000003,3.000261432,3.698969074,4.103569772,4.182356513999999,4.181123441,5.615986788,6.067026782999999,5.380361131,2.9697458610000003,1.764951351,2.501599896,3.196494403,2.7038793560000003,3.8398030480000003,3.406639872,3.0217587530000003,3.129829243,3.6127142039999995,4.406945965,4.125150941,3.19781202,3.347410348,3.2994000619999997,3.306485327,3.084464068,3.9122902089999996,4.097700825,2.9134069030000003,2.792585865,2.7107655210000003,3.2361992219999998,3.525262858
Ga0242637_113051,2.7843994210000003,3.188618776,3.49008882,3.024689424,3.629237593,2.891426793,2.664422505,3.0574123839999996,3.0232919369999998,3.680174811,3.3486969460000005,2.855977779,4.216089736,3.2570464360000004,3.632975974,2.697953195,3.3308858669999997,3.1044040639999997,3.991602028,5.106417025,5.213380113,6.783010875,6.71788509,6.461263513,3.143822338,3.3393896030000003,3.4852798330000003,3.350872453,3.5583942139999998,3.502034565,4.498806175,5.122949492,3.9907369210000003,4.401735515,5.076266476,4.766360622,3.19781202,4.3045167,3.149291978,4.002277801,3.5755614760000003,4.6073727060000005,4.319533971,3.839256689,3.9089009,3.080556652,4.032303163,3.707348591
Ga0242637_113052,7.35108138,7.387382216000001,7.277169034,7.587653685,7.505375515,7.579432853999999,7.464369231,7.402944627999999,6.988111994,7.641720318,7.692944852,7.381271018,7.820059771,7.7013932270000005,7.946988662000001,8.154299827000001,8.44429569,8.531969019,8.171492486,7.8072479679999995,7.975393761,7.200583786,7.065098646,7.233122031000001,7.4510381820000005,7.807843404,7.294963429,7.247187174,6.824078915,7.109666259,7.359640132999999,7.582485425,7.236958876,7.572432683,7.671555596,7.757305038999999,8.252729566000001,8.163579152,8.194487172,8.619670257000001,8.534738661,8.194836226,8.744283367000001,7.591446955,7.701665685,7.685129923,8.49117131,8.468528325
Ga0242637_113053,9.884381417,10.03404753,9.814174421,10.22783265,10.08892864,10.214393699999999,10.67588622,10.59221495,10.73078936,9.771204317999999,10.65531638,10.34198876,9.361651801,9.807885511,9.773601307,8.994571899,9.23910059,9.439254549,9.535321479,9.417463705,9.457252791,9.258810453999999,9.032081948,9.305588984,9.534720729,9.551360137,9.785299037,9.944091085,10.17262197,10.03946676,10.89995551,11.023299900000001,10.85279265,9.340577977999999,10.02479694,10.27136256,9.337476296,9.359867066,9.569509997,9.556395875,9.69597082,9.612928295,9.646417957999999,10.94191596,10.92999761,10.89104507,9.671757519,9.724728042999999
Ga0242637_113054,10.39990109,10.50203803,10.17251788,10.79109616,10.68878673,10.845276,11.42484731,11.22137303,11.15041859,10.20051868,10.83755422,10.69669534,10.18612785,10.35274401,10.55248319,9.66754547,9.924004776,10.16103176,10.34454467,10.324435800000002,10.27694153,9.598324723,9.92465349,9.949716285,10.47734857,10.606739,10.56716671,10.80577458,10.76869504,10.87978871,11.14684663,11.22713276,11.120792300000002,9.972845214,10.66174674,10.74924479,9.596639367,9.913088175,10.42193591,10.50544459,10.34109606,10.22359403,10.17679833,11.64883518,11.35735963,11.28640327,10.41752869,10.42691246
Ga0242637_113055,7.939810796000001,7.910626313,7.903798825,8.063880087000001,8.109123324,8.106206415,8.062640867,8.099134265,8.135476871,7.055782141,7.396233799,7.363518192999999,9.62916141,8.220895366,8.179582102000001,7.661557234,7.4169355910000005,7.432055462,6.036445229,4.926323084,5.4964242720000005,5.997163747,5.996728318,5.680529589,7.557475788,7.26064063,7.819399872000001,7.61770242,7.453029937,7.6110524239999995,6.409537338,6.506166765,6.932733707000001,7.744489856,7.847281357999999,7.4034584489999995,8.108062281,8.262375401,8.348167937000001,8.749217029,7.380992631,7.558793295,7.480455463999999,8.040269062,7.910239703999999,7.83136893,8.741063197999999,8.872290699999999
Ga0242637_113056,7.6721623260000005,7.775415969,7.781077725,8.125787824,7.770337294,7.73023048,7.395865089,7.594694919,7.425844642,7.027335533,6.761253622999999,6.892334516,10.42537052,8.437060472,8.136638616,7.223707786,6.985708971,6.818630182000001,6.063289417999999,5.106417025,5.104939347,5.56032048,5.674972682000001,5.768038651,7.72670091,6.831273417,7.482028047000001,6.951542017,7.489411083999999,7.497402861,6.151941432,5.605065865,6.559156367000001,7.377024421000001,7.750345351,7.067698963,7.666413492,7.875260827000001,8.104411469,8.177856802,6.86274643,6.87764457,6.543593774,7.1589360289999995,7.089650862,7.144075066,8.05580279,7.922914638
Ga0242637_113057,6.611360845,6.611602823999999,6.508080855,6.709743585,6.600018259,6.760212871,6.777504335,6.653810328,6.6215940479999995,5.993824463999999,5.527653255,6.266065182999999,9.057829411,6.895157015,7.130605601,6.000247085,5.852687421000001,6.018445817000001,4.555764506,4.182356513999999,4.066657595,3.735313503,4.668031599,4.672884133999999,6.673955573,6.031635882000001,6.534427166,5.995235512000001,6.275628467000001,6.39895528,5.096243803999999,5.122949492,5.028947718,6.250145991,5.995960243,5.792344933,6.809599865,6.9555306670000006,7.130314062999999,7.175718301,5.7497599379999995,5.7279088929999995,5.773584463,6.223772972999999,6.003829894,6.086097661,6.978490121,7.018792362999999
Ga0242637_113058,7.970662913,8.018356904,8.113641216,8.18856405,8.354861608,8.165823742,7.874107411000001,8.285910558,7.895160288,7.94510419,7.462514627000001,7.571109665,10.56978549,8.420432901,8.271007182,7.937560045,7.147225252,7.343962424,6.214597157,5.904829262000001,5.658047511,6.488400766,5.581806815,6.038029805,8.105644252000001,7.539988444,7.819399872000001,7.272824524,7.377391661,7.664685287999999,6.323795225,6.534978503,6.989661896,7.823385712,8.149644094,7.453351041,8.009674187,8.219299159,7.969979668,8.177856802,7.7914654720000005,7.76105012,7.513407397999999,7.585774307,7.557557126,7.563369917,8.02056624,8.128581367
Ga0242637_113059,6.29069105,5.916743937000001,6.405323735,6.538044532000001,6.473436736,5.983700409,6.212974506,6.203323652000001,6.339913881,7.305185537000001,6.90445196,6.8546892779999995,8.853671419,6.76563094,7.607971087999999,7.359248192000001,6.733643871,6.60186329,6.435986131,5.734069421,5.695750143,5.910951122999999,5.674972682000001,6.1066750260000005,7.883260531,7.708646358999999,6.990255798,7.577128751,7.317938900000001,8.018842616,5.540362097,5.268303597,5.9611066070000005,7.952881289,8.286075971,7.868118166,6.900325658,7.240564003999999,6.743495051,6.994507531,6.660134217,6.655532917,6.262320027,7.358457914,7.381948963999999,6.704953937999999,6.9030559039999995,6.596347517000001
Ga0242637_11306,5.293729104,4.725074123,5.267470844,4.600642436,5.1934255810000005,4.77845092,5.527171992,5.543225295,5.464967174,5.39231923,6.081057114,6.060653995,5.337388894,4.862585374,4.997345056,6.871251902999999,5.612513862,5.333866685,5.769137488999999,5.363454685,5.837348212,6.85389689,6.760864569,7.278369412000001,5.321587674,5.42621131,5.477976466,5.480710694,5.268860616,5.773543117999999,5.290825408,5.605065865,5.232993875,5.984731603999999,6.5783923589999995,5.8681085479999995,6.661800464,7.666595349,6.353866272,7.311059351,5.429319039,6.203436097000001,5.736716005,5.341992759,5.409254872000001,5.446927207000001,6.065372936,6.617536594
Ga0242637_113060,6.895054974,6.854775413,6.84869378,7.077451646,7.282103091000001,7.148152056,7.098200789,7.238547087000001,7.201198889,6.938461869,8.357358844,7.6167797429999995,7.327360566,7.175666046,7.14401722,6.758010548,7.401950116,7.041884187999999,7.124127892000001,6.772322245,6.839382229,6.155449891,6.134042288,5.965935097999999,7.083408523999999,7.308865021,7.0991428889999995,6.537387268,6.494549028,6.520437977,7.597147036,7.695150825,7.378643284,7.007161312000001,7.26392048,7.6755972660000005,7.443309957,7.682543879,7.601046655,8.603945391,7.354366525,7.357903407999999,7.502506892,6.890922161000001,7.031299627999999,6.514802763,8.356363806000001,8.531212265
Ga0242637_113061,6.516865246,6.863697629,6.638363267000001,7.084808475,7.147736806,7.213202384,6.768496125,6.988132255,6.9985130060000005,6.088835829,5.4167632679999995,5.897093888,7.266618864,6.93586702,6.823945052000001,6.096716606,5.917530311,5.851066731,5.169295709,4.79203651,5.213380113,6.708453757999999,6.402054491,6.40791227,7.152982271,6.703034832999999,7.182491547000001,6.324829715,6.261650847,6.300595808,6.579440329,6.506166765,6.863342731,6.811463083,6.833711741,6.883366457999999,6.6089580539999995,7.174415403999999,6.179637096,7.61298344,6.638211925,6.779367945,6.646290509,6.853622617,7.031299627999999,6.909717462000001,7.450538494,7.989376106
Ga0242637_113062,7.1767666839999995,7.188777185,7.232890654,7.128177693,7.228284135,7.064439127000001,7.305386587,6.9963961679999995,6.934949771,7.0836779729999995,7.03469228,6.916895597000001,7.251024861,7.2147804639999995,7.183519037000001,6.378233109,6.745571322000001,6.492541322,6.4962612989999995,6.543835915,6.084423183999999,7.763579935,7.272294658,7.202148141,7.2671959820000005,7.0334677789999995,7.286616586,7.053692442999999,7.255927999,6.924123613,7.255563427,7.3592676820000005,7.357177361000001,7.734917675,7.36755044,7.721108344,7.104904802999999,6.9555306670000006,6.412328129,7.704322417,6.954277387,6.954710971,7.01196139,6.918276297,6.510983842999999,7.039983609,7.396575276,7.662735163
Ga0242637_113063,3.3323533810000003,3.710259249,3.692998448,3.285877101,3.273794517,3.4349120319999997,3.155796047,3.437259219,4.177226698,3.316819254,3.6635147669999997,3.4363628139999998,3.53504885,3.7337995019999997,3.456396836,3.063272146,4.138748662,3.601460762,4.103569772,5.697329897,5.264641359,7.464819342999999,6.939819689,7.217718295,3.752046685,3.5570608089999998,3.915202194,3.486982523,3.454475608,3.209420395,5.061046701,4.318388806000001,3.9907369210000003,4.243951367,4.957334987,4.766360622,3.7220789030000003,3.91283721,4.01929759,3.52051745,3.35606442,3.9122902089999996,3.283209092,3.755778032,3.190463246,3.3514834060000003,4.678308878999999,3.866371795
Ga0242637_113064,10.88055252,10.76013304,10.86479255,11.56503886,11.55458487,11.56566107,11.43803262,11.43617702,11.42154798,11.12268577,11.40517404,10.65991179,11.14497744,10.91436941,10.74674734,11.18004489,11.16616008,11.03549094,10.82606214,10.59318518,10.55355983,9.612010556,9.515314612000001,9.802685403,11.06369278,10.98178519,11.34488432,10.13433084,10.12718168,10.07826393,11.10576418,10.86659397,11.26218339,11.30840774,10.54507421,10.86201676,11.08169386,10.92653571,10.99231399,11.08910255,12.80066715,12.51118339,12.73300902,11.44076075,11.41740899,11.44795042,11.07327767,11.15772442
Ga0242637_113065,9.998543432,10.15517507,10.192876400000001,11.34542776,11.36106651,11.69868311,11.5788555,11.39811624,11.39179456,11.70860994,11.11051123,11.18056267,10.96740307,11.09397036,11.30410656,12.61596871,12.64132969,12.60609837,12.027493199999999,12.61502503,12.54802363,12.59242688,12.82895089,12.72221043,6.625799302999999,6.661163172,6.44716083,9.198643411,9.080337414,9.439403822000001,11.45643437,11.37420085,11.26602636,10.62684062,10.02479694,10.95713292,12.98623622,13.27334297,13.35047193,13.73790703,13.52569806,13.17999195,13.56692829,12.20565263,11.64105107,11.84133111,13.8935016,13.6253622
Ga0242637_113066,5.9618412670000005,6.466798012000001,6.077756391,5.965919447999999,5.971856624,6.125910317000001,6.199616729,5.713942175,5.946807457,6.125146622000001,5.337731785,5.289520007,6.18631923,6.201302416,6.061586635,6.2160191320000004,6.151042181,6.000784126,5.66766739,6.114150367000001,5.7682992539999995,6.038401672000001,6.259363603,6.32397988,6.201724324,6.273416267999999,6.338170869,6.13253494,6.18964741,6.283527792999999,6.477279767000001,6.303352024,6.070920132,6.0008374479999995,6.200177451,6.061137782,6.761999476000001,5.92592229,6.261458827999999,6.30625242,5.941392431000001,6.414785426,6.455809351,6.465665948,5.962696894,5.821404777000001,6.037371072999999,6.178165077
Ga0242637_113067,8.272518844,8.226212985,8.192799719,8.486579412000001,8.488359166,8.363364066,8.684126835,8.342075812000001,8.324985783999999,7.702932131,7.708633982,7.772852362,7.907181924,8.173483812999999,8.102712562,8.355706217,8.532913187,8.644007062,8.888693132,9.058561479,9.184393251,8.90572542,9.359913178,9.047085092,7.607885925,7.62406232,7.375876508999999,7.745251183,7.852693976,7.872687459,8.047923536,7.967385189,8.143275467,7.814324786,7.671555596,7.737308041,8.217900238,8.117399427999999,8.279266563,7.3493017929999995,9.227341459,8.667107565,8.918361548,8.338886647,8.092424055,8.163941216,7.846372742000001,7.293347061
Ga0242637_113068,9.303901554,9.472796917,9.59567089,9.976344467,10.01142467,10.0171194,10.53771724,10.49575565,10.54207852,11.06325178,13.04907625,12.24568531,9.823466665,9.560459877000001,9.269008518,10.57926161,10.38462335,10.47588202,10.94240206,11.52429675,11.38062239,11.58276291,12.04635194,11.54281524,9.710768129,9.855984303,9.637316611000001,9.178448155,9.129176734,9.505179247000001,11.90815286,11.98848329,11.12185299,11.10707074,11.80499096,11.78123206,11.16632457,11.38322333,11.12092866,11.79993914,10.81243843,10.42646041,10.93185982,10.25045256,10.20606909,10.29857644,11.85500279,12.11616056
Ga0242637_113069,10.65462186,10.56965649,11.00899898,11.27887527,11.30230935,11.25212337,10.72090111,10.86336421,10.78808031,9.161614456,9.519620532000001,9.247967444,10.87382473,10.64060489,10.62417717,10.05050749,9.980554273,9.68788659,9.999413626,10.13052319,10.047590800000002,9.779032484,9.457759651,9.763460837,10.29231932,10.45359633,10.37986121,9.679317583,9.565157634,9.841251338,9.998381522999999,9.679055577,10.18982576,10.23714125,9.332780882,9.557554534,11.22449968,10.84032808,10.79873227,9.833089474,11.85194512,11.61068659,11.93645303,10.60394118,10.89363448,10.75990807,9.653474255,9.995164815
Ga0242637_11307,3.698529345,3.6224631489999997,3.3742476210000003,2.669405787,3.404506301,3.3221123230000003,3.748712635,3.8835986489999996,3.3591003539999997,2.9887932989999997,3.516347495,3.086552422,3.416771273,3.2570464360000004,3.1287230089999998,3.3312073310000003,3.798069659,3.379426388,3.409865375,3.261710257,2.653701924,2.8057856639999996,3.7987871739999997,3.8026455180000003,3.752046685,3.5570608089999998,3.4852798330000003,3.486982523,3.34059104,4.023757596,3.524340602,3.35722349,2.747370773,3.6127142039999995,3.328847895,2.7892875010000004,4.090071432,3.91283721,4.236306217,3.7022288089999997,3.35606442,3.621276007,3.8313353180000003,3.917653608,3.712631568,3.3514834060000003,3.7713112289999997,3.525262858
Ga0242637_113070,12.82325077,12.683319099999999,12.84500823,12.76408538,12.66764556,12.77328793,12.68236156,12.79740771,12.83628402,13.62841409,13.25570659,12.97425108,12.6491112,12.73811893,12.70423884,13.40264895,13.59333538,13.59526133,14.25622115,14.645706299999999,14.5617217,14.61733969,14.63966302,14.63654193,13.3461047,13.52184282,12.95078831,13.00948463,12.82249923,12.65669551,12.89888317,12.93426368,12.85456874,13.16369987,12.85747851,13.22215302,13.34154967,12.82468822,12.81215174,13.41495732,13.23972631,13.19593951,13.29881638,12.90582759,12.99235936,12.96462007,13.4914407,13.50950066
Ga0242637_113071,10.486048599999998,10.51341215,10.511975300000001,10.48005866,10.42579981,10.45739128,10.40100403,10.38217672,10.493303300000001,10.63195077,10.73693533,10.53567361,10.05538973,10.4395826,10.27864872,9.89418307,9.893538376,9.954674547,9.64573217,9.806914329,9.646450347,10.11564573,10.20284639,10.12912521,10.59131965,10.67532001,10.46273248,10.53282837,10.58413862,10.58354863,10.46367037,10.47666405,10.42455226,10.07971991,9.947180165,10.03796581,9.996583076,9.991979519,9.997703634,9.53996287,10.24656829,10.22047892,10.20059087,10.11133132,9.959966722,10.07386345,9.720873564,9.60797714
Ga0242637_113072,11.12123021,11.06893711,11.189655499999999,11.12913349,11.18164482,11.26325288,11.49233652,11.49126665,11.51817136,11.89190697,11.68881624,11.80228428,10.89215333,11.02808526,11.04124962,11.28161591,11.34175705,11.42287915,11.52299507,11.82331494,11.81939311,12.43627947,12.48168141,12.24056383,11.94187295,11.96143352,11.79398329,11.64562859,11.78795387,11.62118673,11.58118576,11.64431537,11.53764718,11.456591900000001,11.47957366,11.57338738,11.02741981,11.25713873,11.26398774,11.77206884,10.92071013,11.03055349,10.89899835,11.5254034,11.42119864,11.38442349,11.85949594,11.79884274
Ga0242637_113073,6.916354811000001,6.809315872999999,6.580601691,6.719233055,6.587849591,6.87190795,7.18873664,7.266143571000001,7.322039585,7.584315871,6.776231467000001,7.0670811339999995,7.0128881970000005,6.988416899,6.897074592,7.422520414,7.394398552999999,7.483706892000001,7.5599681510000005,7.882525284,7.814061043,8.291710092,8.452019878,8.313657582000001,7.152982271,7.698340752000001,6.849968678,6.795147653,6.907147127000001,6.809683649,8.247101029,8.049458319,8.007524398,7.107045031,7.152258108,7.784842981000001,7.473160292999999,7.666595349,7.783522941,8.505816702999999,6.971905777000001,7.150848067999999,7.027258151,7.859342876,7.301956592000001,7.522367652000001,8.400888047999999,8.804698132999999
Ga0242637_113074,7.358878648999999,7.324173116,7.313056153,7.440627635,7.562406576,7.4713295529999995,7.783182396,7.811500272000001,7.544125355,7.940028682,7.884685029,7.937859167999999,7.448517384,7.186950341,7.553748248,7.8296798889999994,8.089658965,7.987135839,8.108609547999999,8.327730122,8.078466216,8.350045451,8.178768379,8.192865056,7.977326516000001,8.151643607,7.335987645,7.944458356,7.570891734,7.53389005,8.083089044,7.956789685,7.941762666,7.725281526,7.906701749,8.089322666000001,8.602433012999999,8.186126118999999,8.095532002999999,8.477330746,7.495074702999999,7.86047623,7.706245301,7.84516866,7.663769918,7.58059153,8.501430719,8.321503244
Ga0242637_113075,6.998537739,6.916100485,6.736829553,6.747331858,6.53811905,6.607183947999999,6.9783475610000005,6.6327502560000005,6.725468564,6.582012242999999,8.512865001,7.8060852810000005,6.585347852000001,6.888258727999999,7.137327013999999,6.127484201000001,6.058317027,5.638812633,4.392404915,3.00415308,3.469757717,4.632374016,4.360694114,3.967222743,7.169863231,6.840680637,6.6945266729999995,6.886583612999999,6.652759546,6.773499937,7.5413369470000005,7.726678944,7.053354055,6.3664751289999995,7.288504902000001,7.080459127,6.243220588,6.5309503410000005,6.3237190629999995,7.010509938999999,5.7081519489999994,5.762726817000001,5.698872497000001,6.490193576,6.193474781,6.58481933,6.43067678,7.16978384
Ga0242637_113076,7.3666339679999995,7.424018648,7.232890654,7.142348804,7.16421046,7.080025872999999,7.447545957999999,7.306572171,7.146138354,7.137899926,8.712774393,7.889068704,7.462124154,7.405547147999999,7.343188325,6.777513377999999,6.684920655,6.703463936,5.06615415,4.47713225,4.066657595,4.737776482,4.360694114,4.24518793,7.259331327000001,7.362072571000001,7.191461802,7.092607425,7.351270464,7.019879774,8.043466941,8.378013771,7.413724397,6.991160875,7.73850055,7.482478252000001,6.311006991,6.981559298,6.934984804,7.410867456,6.474626088,6.709914332,6.386266174,6.9887785870000005,6.840565294,7.1594421729999995,7.305798444,7.345037764
Ga0242637_113077,8.183145746000001,8.293740387,8.242016886,8.006957595,8.113369668999999,8.036052548999999,8.387621867,8.348541977,8.027950106,8.92527753,9.967087799,9.487994685,8.465176031,8.237263583999999,8.261813692999999,8.219866657999999,7.926496594,7.831409988,7.198511907,7.272932517,7.099707992000001,7.047755337000001,6.229043205,6.7668268760000005,8.275069401,8.132636632999999,8.097392949,7.868045031,8.169029812,7.982349519,9.282966072999999,9.480735013,8.756901422,8.083061865,8.954472075,8.919965264,8.31996229,8.304202369,8.108830786,8.500164338,7.458041465,7.778104527000001,7.587486987999999,8.204712146,8.211017903,8.315609436,8.642532403999999,8.462692361
Ga0242637_113078,5.787389618,6.063639229,5.8615688079999995,6.058697844,6.097513609,6.032686313999999,6.456959832999999,6.4994757839999995,6.509635371,7.036880277000001,7.692944852,7.466896652999999,5.993216969,6.178834235,6.2222114710000005,6.852985968,6.697256922999999,6.441153191000001,6.645644281,5.936668265,6.457165661,6.364313645,5.532841605,6.139804722,6.099521879,6.080180081,6.052817942999999,5.748802145,5.638247326,6.120041651,7.2243926489999994,7.095034236,6.3283223070000005,6.37883813,7.178804906,7.054824785,6.661800464,5.8711413839999995,6.574679651,7.298083022999999,5.905061516,5.92514813,6.4329998989999995,6.33633123,5.687517277,6.05350259,6.963715988,6.986597971
Ga0242637_113079,8.458128273,8.263743646,8.307504685,8.358965944,8.38327134,8.304902361,8.870210369,8.857059648,8.820011018999999,9.258559488,10.27690458,9.550108300000002,8.262426029,8.614609125,8.504576643,8.610534246,8.661124975,8.580207664,8.44018802,8.420447483,8.547455523,7.936736853999999,7.726885338,7.990289652,8.815095194,8.911765779,8.569226487,8.206256052,8.283927952,8.268727204,9.582306287,9.90112665,9.159428818,8.752872417999999,9.014627367000001,9.299836571,8.504682213999999,8.737209164,8.680541652,9.16097528,8.552410219,8.653311761,8.464407465,8.658183311,8.444949852999999,8.452835911000001,8.896847382,9.232684422
Ga0242637_11308,6.598235477999999,6.546575258,6.190295742000001,6.254370739,6.624051209,6.295958527000001,6.490233172000001,6.1889533189999995,6.388223061000001,5.688446836000001,6.031900167000001,5.712434593999999,6.572848694,6.359469741,6.487438292999999,6.2721494589999995,6.096128741,6.070162842,5.169295709,4.988943819,5.047435514,6.396353526,5.429562132999999,5.323559412,6.625799302999999,6.393435247999999,6.61670195,6.565342306,6.852304028,6.94595959,6.367305328,6.506166765,6.53384496,6.37883813,6.200177451,6.035102217,7.142552369,6.302017581,6.993546783999999,6.430516087000001,6.398391844,7.391543735,6.478262735,6.629177759,6.9704850060000005,6.786428602000001,6.341975574,6.574841795
Ga0242637_113080,6.748352842999999,6.924651892999999,6.603985238,6.48338353,6.693832269,6.7209691639999996,7.0544158370000005,6.6745667079999995,6.845585441,8.441687636000001,7.543486369,7.466896652999999,6.867025961,6.831849697999999,6.637313699,7.7130718410000005,7.618350724,7.816382418,9.206504076,8.754609311,8.822362961,8.813968573,7.9097357310000005,8.411641494,7.211220265,7.887107241,6.92720076,6.5088783139999995,6.765912802999999,6.591464788,9.209291961,9.643165521,8.176328182999999,7.121815267000001,7.91198414,7.496824105,8.12695937,7.634159112000001,8.550139892,7.723857513,6.499165323,6.499590174,6.386266174,6.725261135,5.962696894,6.149148229,7.729024551,7.817100771000001
Ga0242637_113081,7.581784239,7.567376857,7.618538364,7.725776225,7.568606315,7.897841558,7.642458242000001,7.694532098,7.77331455,7.16426451,7.8426459820000005,7.711032034,8.914302338999999,8.599917113,8.66891907,9.330920569,9.215733425,9.193959104,8.88494576,8.579699216,8.37306886,8.176685337999999,8.162846599,8.411641494,7.85223389,7.878005065,7.84235543,7.5283029720000005,7.5365337420000005,7.421535476,8.078739961,8.009005508,7.811058234,7.8809333939999995,8.042944727,8.300275348,9.156209882,9.329809279,9.173586334,10.32539334,8.296870846000001,8.368133988,8.206857194,8.174801297,8.422435685,8.137036891000001,10.33102037,10.3950951
Ga0242637_113082,7.970662913,8.088488872000001,8.068178038,8.31587397,8.390287193999999,8.257735197,8.342847523,8.177497075,8.295782632,8.515188947999999,8.154687023,8.263874608,8.889348407,8.815093747999999,8.734630154,9.622465802999999,9.866512568,9.914085225,9.778899823,9.88219358,9.712029596,9.241304968,9.570661196,9.603850021,8.165761254,8.288450584,8.366440424,7.630977157,7.819741592000001,7.889677866,8.030013927999999,8.178171358,8.092231222,8.273595059,8.14067294,8.372053572999999,9.732379038,9.892672326,9.787770455,11.04998657,8.992941555,8.823118982999999,8.974643869,8.430331961,8.481709724,8.389115132,11.04550407,11.06544227
Ga0242637_113083,6.459943841,6.124391144,6.671939309,6.355276022999999,6.473436736,6.495305791,6.290613841,6.452158806,6.272867711,7.39696585,7.569496947,7.28080828,6.956303049,6.672318091,6.738081898,7.180428965,6.757400776,6.887395462000001,7.149351592,7.584878938999999,7.424455125,7.200583786,7.386418431,7.138128712,6.80945343,6.650502145,6.520245445,6.34109949,6.316763747,6.040944895,6.7202494999999995,6.506166765,6.156420148,7.007161312000001,6.877600445,7.061276253,8.145612062,9.163671882000001,6.720557178,6.454130328,6.703001936000001,7.027862944,6.742145415,6.2670219220000005,7.070461826,6.52671136,6.43067678,6.776677321
Ga0242637_113084,6.73642393,6.3823350670000005,6.9062359639999995,7.00174037,6.874945655,7.008518052,7.039520095,6.839866905,6.913123087000001,6.968699735,7.16554577,6.879895112000001,6.793548132000001,6.5376741979999995,6.856906311,6.477024963,6.351839581,6.27495696,6.515804557,6.736671761,6.435108205,6.602629057000001,7.257372247999999,6.888596116,6.743297869,7.136332819,6.937903474,7.10217414,7.099931949,7.333193838,7.19253277,7.179511439,6.779715636000001,7.27501809,7.397993598999999,7.408526134,6.85567705,7.261955631,6.831758237000001,6.198476607000001,7.313481831,6.984418966000001,6.980871821,6.5262183060000005,6.594011782000001,6.323221721,6.341975574,6.414566467
Ga0242637_113085,11.80173243,11.95872793,11.72909394,11.65915745,11.74550456,11.76583533,11.7699331,11.66385455,11.68189273,11.67426155,11.70552337,11.70567611,11.35593967,11.65057746,11.60116598,10.96109683,10.92093358,10.97307057,10.8073769,10.66362849,10.62946967,10.31915714,10.55204917,10.49592041,12.04062848,11.91825158,12.11491772,12.02723472,12.20275488,12.14875295,11.25823113,11.30123212,11.36967262,11.34425219,11.23445404,11.17157682,10.82535807,10.94977857,11.22534011,10.63616505,11.02142037,11.10423108,10.95002067,11.77535793,11.4334467,11.60833403,10.74775292,10.6564069
Ga0242637_113086,12.56523154,12.56361954,12.79054689,12.87001025,12.89766469,12.75111041,12.34007462,12.37962656,12.38725385,12.08759362,12.48361834,12.02816186,12.93093811,12.702461999999999,12.57907277,12.36784773,12.28912573,12.18245894,11.48017331,11.30169692,11.26988489,10.23984113,10.37163271,10.47664664,12.58753248,12.18174252,12.75850862,11.983609699999999,11.994217800000001,12.07950003,11.14892222,11.07564464,11.35576503,12.49349173,11.9043914,11.59576646,12.6424578,12.66883886,12.37475984,12.86877851,13.44797983,13.05462997,13.57051955,12.23561229,12.4995617,12.44188461,12.62532289,13.05499717
Ga0242637_113087,7.960452035,7.96549732,8.339166303999999,8.580597552999999,8.372683156,8.431741911,8.623025842,8.544314267999999,8.681729842000001,7.823594397000001,8.177412556,8.195300609,8.370970621,8.285282383,8.631340989,8.13931559,8.094326291,8.14782074,7.502416475,7.1698242379999995,7.320119922000001,6.574910802000001,6.346665849,6.32397988,8.056586243,7.75413127,8.023997613999999,8.292308255,8.245455352,8.206811436,7.685616031,7.511851217,7.757454628,7.845792032,7.581595136000001,7.511028611,7.666413492,7.496584004,7.3920831510000005,7.0727992660000005,9.447931605,9.011530058,9.272788615,8.504348768,8.510457671000001,8.284424824,7.233755388,7.266789509
Ga0242637_113088,5.9618412670000005,5.916743937000001,6.250854297,5.796556695,6.02706223,5.788245009,5.708318032999999,5.919686915,5.580774831,5.39231923,5.25404949,5.740317942999999,5.85525438,5.6011134810000005,5.814939232,4.97489283,5.153734003,4.907311251,4.895776856,5.106417025,5.361928221,5.954705207000001,5.996728318,5.850504926,5.321587674,5.0872886280000005,5.184328131,5.621034657,5.840251091,5.56276213,5.638641911000001,5.54945943,5.922550923999999,5.84892586,5.913850367,5.940066684,4.995296209,5.628299527999999,5.064661065,5.182918672,5.665297426,5.692222557999999,5.303788803,5.5438145510000005,5.7852377310000005,5.7620501520000005,5.117265012,5.299807274
Ga0242637_113089,10.47174372,10.55184059,10.40551601,10.24187702,10.35136485,10.27655384,10.25722216,10.20378784,10.16455752,9.62708855,9.89865249,9.932095927,10.28318942,10.31854257,10.36417266,9.395395608,9.381450078,9.28953759,8.183746642000001,8.115320341,8.092607441,7.869947838,8.178768379,7.8966953570000005,9.974741298,9.850179144,9.995696469,10.04420568,10.31957532,10.0807315,9.719908453,9.874639036,9.895765432000001,9.679273795,9.60638104,9.559833021000001,9.27107988,9.710270794,9.591778771,8.868082366,10.23567242,9.974573592,10.26002853,10.06927765,9.846174528999999,10.01069767,9.001746608,9.080957671
Ga0242637_113090,10.50373251,10.67343298,10.47366137,10.35565688,10.16452767,10.19664083,10.13212509,10.00018667,10.14831318,10.111917,9.817797066,9.995398481,9.945900029,10.37633472,10.16325784,9.366737877,9.228526049,9.320039851,8.52930949,8.574664589,8.505795292,8.257284752,8.720244913,8.477766595,10.19883093,10.36680859,10.16113843,10.08455602,10.25766575,10.17034469,9.925186521,9.766575792000001,9.932499922,9.566449800000001,9.473380605,9.411286363,9.192538505,9.288732504,9.428156414,8.593366097999999,9.72222892,9.711632314,9.683072312,9.777500625,9.163179728,9.830541556,8.692638913,8.547845477000001
Ga0242637_113091,7.295286537000001,7.539822997000001,7.409032141,7.5295520510000005,7.459403752,7.534899533,7.592323245,7.4697355960000005,7.378861583,7.6291598270000005,7.971771591,7.523945469,7.603890144,7.77798923,7.950807837999999,7.9633146560000005,7.931721975,7.861003328,7.401076959,7.403643794,7.220579154,6.80702934,7.180350701,7.138128712,7.343568737000001,7.677505902999999,7.344054214,7.37893409,7.357845273,7.333193838,7.286074311,7.133192304,7.3206747960000005,7.314121274,6.961558734,7.287209136,7.179241362999999,7.056937216000001,7.441985809,7.323919898,7.959849271,7.699719332000001,7.884727937999999,7.2692437110000006,7.2172625870000005,7.424023466,7.5428567520000005,7.345037764
Ga0242637_113092,10.72264711,10.88579039,10.58714505,9.940320668,9.90278683,9.888119965,10.27480709,10.12876871,10.34439866,11.06965512,11.28608267,11.27376468,10.44434005,10.87481701,10.678151699999999,10.03844482,10.17702617,10.31950055,10.64072913,10.43551296,10.40992217,11.53147508,11.75729974,11.30310543,11.29755633,11.51831264,11.17674722,11.10224905,11.24172055,11.07620739,10.56274409,10.73561286,10.35137846,10.55999027,10.71029818,10.57378064,9.512924926,9.658810912,9.621461156,10.98166413,9.267123818,9.33039812,9.173233704,10.07232247,9.779834032,10.041072400000001,11.02164689,11.07885613
Ga0242637_113093,12.05240295,12.07075145,12.01372264,11.80456307,11.86865869,11.81262301,11.94788508,11.92026794,11.92943422,11.3044534,11.67989234,11.84806657,11.61721176,11.76223153,11.80106707,11.36929883,11.31201677,11.51842418,11.30266274,11.02643808,11.12865134,10.64621915,10.89813796,10.76710924,11.87174625,11.76563567,11.86364541,12.16104128,12.34454333,12.27963083,11.72237642,11.74779534,11.84404953,11.0474345,11.37493842,11.44028638,10.9041419,10.84032808,11.0640397,10.018476099999999,10.39921348,10.65708298,10.48012427,12.19195343,12.15389047,12.01152151,10.37770992,9.970702709
Ga0242637_113094,12.15388626,12.12041096,12.16614266,12.08905949,12.02275286,12.00951052,11.93612824,11.95669671,12.05766732,11.88168755,12.21338708,12.23748844,11.64020366,11.81996578,11.79921504,11.08746074,11.06518658,11.00710156,11.25119681,11.89725993,11.78661052,11.83041474,12.16947332,11.85665072,11.81388755,11.78127854,11.80132246,12.30097314,12.33998643,12.38994915,11.74244627,11.66602019,11.87205592,11.57462595,11.80001457,11.85591102,10.999497400000001,10.97750771,10.92374816,10.27663636,11.22977953,11.34351377,11.04131572,11.82283465,12.16240606,12.00223512,10.27680929,10.29026904
Ga0242637_113095,4.963023044,4.363461633,4.223012272,4.998533019,4.325924049,4.47645793,4.4102561080000005,4.702102272,4.780754992,4.561592913,5.491639599999999,4.116088736,4.458824889,4.3921291710000006,4.163871943999999,4.281559972,3.3308858669999997,2.728466907,3.991602028,4.182356513999999,3.9413868460000003,4.105023658,3.963144162,3.8026455180000003,4.227785699,4.4528408719999995,4.373513282,4.309413512,4.846067195,4.789837801,4.697037544,4.3849201980000005,4.332374654,5.030015719,4.733613761,4.559310492,3.19781202,2.910528862,3.759391237,4.129906508,4.068024151,4.351588736,3.9712646019999998,4.567563977,4.7081409160000005,4.36583428,4.145636678,3.525262858
Ga0242637_113096,4.28318584,4.076708291,3.245552862,3.497605637,3.9848634689999995,3.880786982,4.028820076000001,4.154517597,3.7300873130000003,3.9610702360000003,4.023771416000001,4.5626886739999994,4.216089736,3.7337995019999997,4.217393007,4.163986673999999,3.3308858669999997,3.601460762,4.103569772,4.067851648,4.859361138,5.771053014,5.581806815,5.202656485,3.652503691,3.3393896030000003,3.349279727,4.2396179919999994,4.4034040480000005,4.023757596,3.907346379,4.509011222,4.066401976,4.5432024019999995,4.733613761,4.700706096,3.19781202,3.662028972,4.01929759,4.791768251000001,3.35606442,4.351588736,3.6742944960000004,4.309901821,4.603319646,4.19184173,3.908340615,3.525262858
Ga0242637_113097,4.06343774,3.425456982,2.930832432,2.669405787,2.953773423,3.196938321,3.4887793030000003,3.54034049,2.802740674,3.570748818,3.3486969460000005,3.4363628139999998,3.53504885,3.2570464360000004,3.632975974,3.3312073310000003,3.6967962130000003,3.379426388,1.764951351,4.067851648,3.469757717,4.393970655,4.994320674,4.924648265,3.844348227,3.976273982,3.4852798330000003,4.2396179919999994,4.047550568,4.520405555,3.406639872,3.7278747230000002,2.747370773,3.931277971,4.524616065,4.175373085,1.764951351,3.662028972,3.431922531,4.129906508,3.084464068,4.527271229,3.022421094,3.224071216,2.792585865,3.5704800810000004,4.032303163,3.866371795
Ga0242637_113098,6.041703224,5.8642331620000006,5.802013633,6.505497762,6.164668731,6.064438497,6.172522663,5.9541164339999995,6.109493207000001,5.66392443,5.25404949,5.289520007,6.048509266,5.959031692000001,5.928099412999999,5.577775439,5.189379758,4.787419622,5.011617463,4.385771447,4.2866031719999995,4.737776482,4.360694114,4.7619335519999995,6.063771249,6.3145460710000005,5.81749875,5.53850578,5.477676901000001,5.281196222,5.540362097,5.684617141,5.941958351,6.093851225,6.015773707999999,5.882792081,5.934684068999999,5.0681414689999995,5.420503095,5.292467671,5.905061516,6.125463892000001,6.209585201,5.914696581,5.527144606,5.801891997999999,4.8834059430000005,5.007921351999999
Ga0242637_113099,7.167916015,7.039328875,7.074624448,7.725776225,7.759539527,7.664573943,7.652279393,7.792652648,7.761154705,8.82147972,10.35870945,9.575380499,7.54756921,6.810113368,7.455001337000001,8.205551668,8.322291088,8.187290732000001,8.631250427000001,8.878261116000001,8.818114341,7.97960407,8.300185137,8.052369452999999,7.99163381,8.210835501,7.335987645,7.597558303,7.453029937,7.512108733,9.211279745,9.339045048,8.500531452999999,8.988575176,9.611259465,9.656682401,8.838543814,8.916444551,8.302601316,9.431300654,7.656331627,7.907731432,8.20012779,7.5336903710000005,7.809720408,7.66911946,9.231726899,9.448828005
Ga0242637_1131,3.1795039910000003,2.884693773,3.0999819539999995,3.16318366,3.8193379060000003,2.891426793,3.9642345660000005,4.025988985,4.251042272,4.389318268999999,4.914784288,4.497658663,4.565772871,3.7337995019999997,3.925317194,5.105299126,4.636168732,4.561454398,4.769522941,4.067851648,4.2866031719999995,5.615986788,5.318206933,6.002435286,3.5443074930000003,3.3393896030000003,4.08603391,4.2396179919999994,3.5583942139999998,4.459612024,3.987546693,4.2484376169999996,4.137988429,4.065284571,4.633041184,4.559310492,5.422921493,6.72840642,4.824724139,5.62059316,4.621105128,4.823235936000001,3.9712646019999998,3.755778032,4.896774386000001,3.6667322610000004,4.678308878999999,5.5856647520000005
Ga0242637_11310,9.565371328,9.620798675,9.440535456000001,9.433172622,9.439663852,9.369265613,9.400950111,9.313849506,9.482587475,9.989544518999999,9.828603989,9.639457117000001,9.641169165,9.693924383999999,9.688114633,9.89418307,9.948696271000001,9.830557935,9.650154192999999,9.900415243,9.963536301,9.314279292,9.066717192,9.188056914,10.07218768,10.41557968,9.737128324,9.430728041,9.454532327,9.219671045,9.363822362999999,9.287135344,9.42650197,9.528177787999999,9.415058822,9.506495216,9.369562627,9.349917227,9.310321457999999,9.037641765,9.167444523,9.277421484,9.134937333,9.289305985,9.190083313999999,9.2365189,9.181569921,9.158814887
Ga0242637_113100,7.028186555,7.007484803,7.255199876,7.577262422,7.16421046,7.568427817000001,7.372287339,7.390461198,7.659997958,7.504038492,7.93223016,7.696926675,7.448517384,7.494500989,7.416845485,7.319907353,7.545224902,7.545772867,8.00192066,7.984759037999999,8.106611357,7.635392603,8.054836397,7.88699297,7.290535693,7.105456932,7.335987645,7.158277805,6.96859828,6.844980422000001,8.344506415,8.521513909,7.784505492,7.910994947000001,8.104219667,8.267190237000001,8.029896101,7.982207333,7.930578289,8.219732166,7.634370053,7.288171693,7.989918049,7.1966511870000005,7.108587705,7.1594421729999995,8.05580279,8.415134612000001
Ga0242637_113101,4.963023044,4.55605399,4.452168233,4.795592988,5.256720726,5.396470191000001,6.073453281,5.971026083,5.968181014,5.78253743,4.914784288,4.7960525910000005,5.146769223,5.024081165,4.8724601519999995,6.907103172999999,6.514114227,6.915890085,7.442471472,8.209279152,8.099626396,8.949504115,9.380708985,9.05577006,5.806764082000001,6.480315367999999,5.99237287,5.9321173179999995,5.089265216,5.891077441,6.686317367999999,6.657935912,6.702332816,6.289977678,6.015773707999999,6.671931026,7.284016434,8.186126118999999,7.930578289,7.602468065,7.677963712,7.4352100839999995,7.628169662,6.890922161000001,6.92846714,6.945622944,7.552758734,7.642223548
Ga0242637_113102,6.905744264,6.76237435,6.747365837,7.04764284,7.026825646,7.072253577000001,7.6125869139999995,7.499101443,7.322039585,7.101979601,6.944775112,7.02251506,6.521737207,6.606570158999999,6.702249714,6.976234924,7.356035682999999,7.616888534,8.323208482,8.584716332000001,8.473741001,10.14888525,10.23365533,9.895110912,7.444117518,7.79339193,6.979936432000001,8.066711391,7.553815083,7.889677866,8.002725473,8.474011045,7.637950588,7.261744339,7.646420202000001,7.593436467,7.666413492,7.38403829,7.496979202,9.234303195,8.142077752999999,7.923145217,8.508648877999999,7.262146799999999,7.070461826,7.18218988,9.037435763,9.129648297000001
Ga0242637_113103,7.621213357,7.712643373,7.428792649,8.143501503,8.207736369,8.446840435,8.556609987,8.345312518,8.324985783999999,7.924694092999999,6.984000187,6.8546892779999995,8.031010774,7.973053022,7.89243021,8.863956206000001,9.04785614,9.02344995,9.200486527,9.225249593,9.063977148,9.648990597000001,9.871771653,9.747467442,8.203125356000001,8.124963149,8.207569949,7.917630293999999,7.690298052,7.849717639,8.047923536,8.117630248,8.274990563,7.952881289,7.627276862,7.8496098210000005,9.262561267,9.682789916,9.626092521,9.835335737000001,10.08193629,9.307092787,9.778754468999999,8.571886289,8.474432313,8.492794269,9.709856752,10.10226215
Ga0242637_113104,6.817922597000001,6.809315872999999,6.726215596,7.184044703,7.026825646,7.080025872999999,7.208845802000001,7.13757257,7.108226696,6.897131269,6.730822255,6.42876132,6.936936395,6.846160434,6.951492256,7.7130718410000005,7.611854076,7.6052768539999995,7.379925248999999,7.272932517,7.29587177,7.7879045410000005,7.85132434,7.934865021,6.9233683710000005,6.840680637,6.768359053999999,6.919428961,6.795289529,6.821545624,6.541974993999999,6.807072797000001,6.989661896,7.084601861,6.822527351000001,7.080459127,8.009674187,8.105619707,7.709791271,8.02878047,7.730665319,7.487996300000001,7.982093365,7.05599097,7.2686738,7.283841689,7.909376407999999,8.01353019
Ga0242637_113105,7.826313742000001,8.096074898,7.734210302999999,8.10785388,8.223535748,8.173105575,8.066318052,7.663744951,8.002352308999999,7.57124289,7.692944852,7.290236159,8.132336492,8.287903792,8.205387088,8.191093176,8.094326291,8.397087127,7.303350019,7.414959266,7.401913389,7.338747958,7.578731438999999,7.433090161,8.029106883999999,7.708646358999999,8.280814023,7.708157073,7.648012842999999,8.064445031,7.232248773999999,7.489968043999999,7.3206747960000005,7.782155534,7.420411337999999,7.166749823,8.069508682999999,8.541271984,8.96518736,8.488792723,8.35172899,8.14968974,8.240041159,7.736735375,7.334488155,7.787550809,8.465198929,8.485895869
Ga0242637_113106,6.18921751,6.210955724,6.094383639,6.6314880679999995,6.612084897999999,6.386590438,6.468136681,6.273095256,5.925110496,6.212099074,6.602224679,5.84671801,6.18631923,6.223424592000001,6.549273965,5.746170234,6.058317027,6.260199411,5.218180433000001,5.697329897,5.57952102,5.954705207000001,5.429562132999999,5.202656485,6.497848778,6.743722994,6.091745041,6.537387268,6.3435475,6.460978752000001,5.662190797999999,5.985883048,5.902877171,6.063511547,6.035317279,5.96786824,5.934684068999999,6.38244659,6.612558363,6.280056735,6.474626088,6.043013147000001,6.883362422,5.368840404,5.139386515,5.544273273,6.008811897,6.08985168
Ga0242637_113107,8.432503164,8.646098031000001,8.743181166,8.659042726000001,8.939488769,8.827470057000001,8.172487645,8.292632882000001,8.18637619,7.359431623,8.194224763,7.7388354370000005,9.101940863,8.618779502999999,8.626574143,8.368612219,8.158130858,8.08651346,6.990927757000001,6.272086056,6.457165661,7.236386233999999,7.301683833999999,6.945825704,8.015168335,7.56289183,8.121050873,7.944458356,8.307886785,8.404943863,7.143382062000001,6.898553529,7.4275212370000006,8.299797765,8.028426845,7.823292453,8.959428987999999,8.861475172999999,8.945558436,8.528207238,9.197703835,8.764435968999999,9.413228047999999,7.762105052999999,7.61164133,7.608844835,8.642532403999999,8.462692361
Ga0242637_113108,5.810393549,5.753059007,5.629905762000001,5.4977389389999995,5.749034568,5.86244039,5.105703657,5.29636356,5.0473067160000005,5.33118652,5.337731785,4.7960525910000005,6.136177626,5.959031692000001,5.864534518999999,5.437019741,5.531821900000001,5.544226111,5.355480453999999,4.988943819,5.4529875489999995,6.192437593999999,6.781882584,6.2038558429999995,5.466084075,4.805726889,5.147612545,5.291771675,5.477676901000001,5.135602143,4.829143013,4.825903146,4.605178942,4.998011383,5.582545822,5.316718516,5.934684068999999,5.560550526,6.245463007000001,5.9215911729999995,5.790192407999999,5.762726817000001,6.18247369,5.229225673999999,4.7081409160000005,5.041675762,5.686739139,5.669500702000001
Ga0242637_113109,7.3666339679999995,7.349790318999999,7.422235864,7.496844785,7.439243757000001,7.546162484,7.419063396,7.487426786,7.37088001,6.917944803999999,6.996841408,7.033786479,7.2112853139999995,7.400709795,7.271685452000001,7.4831319,7.5176864629999995,7.722771805,7.87918812,8.523327557,8.413058227999999,9.150441937,9.338813202999999,8.821223372999999,7.092291181,7.475060878,7.319717803,7.111677758,7.297563602,7.247896425,7.135024789,7.197630121,7.229101591,7.261744339,6.877600445,8.423010562,7.968359313,7.567011883999999,7.709791271,7.654294432,8.203021315,8.269087016,8.546277381,7.189186705,7.089650862,7.510435301,7.9247064410000005,7.431262679
Ga0242637_11311,8.860757721,8.870555786,8.861762622,8.752033559,8.944263577000001,8.74680973,9.240983875,9.127156969,9.194670396,10.81840305,10.29390083,9.846855497,8.597406885,8.719302979,8.666598902999999,9.273755873999999,9.75599102,10.00413245,11.38654728,11.51118181,11.55029925,10.9305248,10.17335295,10.88510143,9.449198392000001,9.747740246000001,9.239384966,9.148768867000001,8.966690041,8.978988667000001,11.08802469,11.55714692,10.31102787,8.738576695,9.512151465,9.447422353,9.491214623,9.026731547,9.502244253999999,8.465776958,8.581390066,8.596770011,8.582949196,8.887540485,9.144961154,8.928967107,8.647160148,8.497359135
Ga0242637_113110,9.072274304,8.962640957,9.128568474,9.145679699999999,9.252156375,9.130216747,9.23609563,9.367362157999999,9.309736583,9.248332084,9.327286744,9.390598087999999,8.979598226,8.842098084,8.91551104,9.37315564,9.448593508,9.172486876,9.577721857,9.904433436,9.963536301,9.903889263,10.01831439,9.853379045,8.804329947000001,8.927289067,8.84115032,8.792078022,8.945029333999999,8.768581063,9.436992882,9.377283775,9.429931817,9.206782503,9.065281067999999,9.399885175,9.534313347000001,9.646670272,9.333161168,9.575334084,10.23749412,10.03787936,10.23391363,9.28406258,9.560274219,9.26519701,9.580353611,9.697656772
Ga0242637_113111,9.623142838,9.978705076,9.661151403,9.508914433,9.617585389,9.667444638,9.583932648,9.285487733,9.528138311000001,8.585125821,9.026147617000001,9.145255693,9.517970862,9.898142122000001,9.893519948,8.943735822,9.156719851,9.260228199,9.335658919,9.439785012,9.410045556,10.09386582,10.51490674,10.26452423,9.343489285,9.232322213,9.630740021,9.630598407,9.856062735,9.847060942,9.448835123,9.484427656,9.402261961,8.810958418,8.647607236,8.912852544,9.000991257,9.359867066,9.621461156,9.792046933,8.774447692,8.827220675,8.692484639,9.540093994,9.288801929,9.540619972,9.427347277,9.639356477
Ga0242637_113112,12.16920407,12.20219539,12.25918009,12.27569851,12.28421834,12.17118285,12.01148505,12.02841652,12.039851800000001,11.55693201,12.16766104,12.05259322,11.90801593,12.02652317,11.84840362,11.75256608,11.68967764,11.61311307,11.77103146,12.20356875,12.15915954,12.63074572,12.83492835,12.50674865,11.58145976,11.33386085,11.66636055,11.86822633,11.95330544,11.89342039,11.97665441,11.97312461,11.94668212,11.44196212,11.29381744,11.58013763,11.85842706,12.32218951,12.03471912,12.091558500000001,11.61885624,11.45837053,11.45566199,11.91022702,12.20424602,12.04782274,12.02240941,12.13141386
Ga0242637_113113,7.588431094,7.483083294,7.595413269,7.706836192000001,7.524637628,7.386143996,7.311598419,7.358771302999999,7.254232976,8.204117154,8.21634047,7.759341735,7.771713046,7.724802244,7.51299185,7.618977966,7.605328022999999,7.40551876,6.82860972,6.604446799999999,6.64179798,6.427695064,6.481331944,6.562373374,7.416097757,7.703502762,7.553333464,7.111677758,7.161366427999999,6.967469501,7.816762442999999,7.504593671,7.684651193,8.905701084,8.023554891,8.366857447000001,7.8819997310000005,8.117399427999999,7.562896192,8.020906344,7.380992631,7.424416872999999,7.35274693,7.204077205,7.397428217000001,7.297795337,8.041811308,8.135934714
Ga0242637_113114,9.675572514,9.779957000000001,9.699601114,9.943357248,9.940314257,9.835174066,9.943100357999999,9.813000769,9.83406027,9.902221984,9.976835887,9.655952741,10.12223926,10.18430076,10.02701771,10.89238983,10.75843439,10.74810034,10.59902386,10.69296236,10.48017073,10.31288609,10.49597067,10.58411073,9.457810689,9.500380867999999,9.577019273,9.053419276,9.163344607,9.201645675,9.640997674,9.817233444,9.696597829,9.521235361,9.262163299,9.410024005,10.95525271,10.93321482,10.973054,11.22636857,10.3325991,9.996592789,10.05902441,9.612998605,9.301194202000001,9.607938067000001,11.25629661,11.21612151
Ga0242637_113115,8.22212852,8.180561554,8.117704042,8.712233956,8.314861433999999,8.608642029,8.54874606,8.888459925,8.424706065,8.191359805,8.035356188,8.03636272,8.544042366000001,8.723181794,8.525212831000001,9.510485615,9.366095213,9.374053792,8.705366814,8.380614900000001,8.30789888,8.413947582999999,8.217820435,8.391198034,8.038324969,8.267693649,8.130406441,8.271271715,7.907488911000001,8.238101531,7.93696966,8.024308589,8.164022009,8.384874327999999,8.113419726,8.300275348,9.89552848,9.985567536,9.412156166,9.988513205,9.907555086,9.321702681,9.94492982,8.430331961,8.157491123,8.792788173,9.862904775,9.972757135
Ga0242637_113116,8.264241764,8.17698932,8.271490246,8.374049175,8.29256638,8.14375502,8.354923902000001,8.38359684,8.274555197,7.8882662429999995,7.7846168460000005,8.128566426,8.003364004,7.963245822999999,8.109561916,7.410086196,7.84020805,7.826418178,7.703073711,7.882525284,7.689326019,7.869947838,7.831316009,7.953577573,7.804405189,7.864243167000001,7.760359455,7.917630293999999,8.15400196,7.855494485,8.159210013,7.869100767000001,8.188530243999999,7.845792032,7.863731242999999,8.086164204,7.790137228,7.496584004,7.448975807,7.087959745,8.558252953,8.680772676,8.780820176,8.089196675,8.202233589,8.266804202000001,7.610783627999999,7.293347061
Ga0242637_113117,10.52120227,10.50986736,10.40966364,10.37976734,10.29734321,10.40733306,10.46158728,10.47522191,10.5411901,10.74755876,10.68634333,10.56605438,10.29083188,10.35086505,10.35411582,10.34959018,10.4696928,10.38461048,10.01492644,10.47792457,10.39431141,10.07175205,10.10626356,10.03344087,10.58740057,10.73890455,10.27200197,10.45101444,10.53060938,10.3872112,9.949205975,9.931201018,10.23071283,10.24221652,10.01378579,10.15109138,9.960170794,9.804352379,9.949246837,10.60095247,10.04079871,9.939007619,9.948948879,10.16080144,10.15691468,10.22018639,10.65430477,10.68676075
Ga0242637_113118,5.561794167,5.075358701,5.629905762000001,5.604439012,5.127172537,5.729961299999999,5.88587872,5.29636356,5.925110496,6.555678718999999,6.081057114,5.92163303,9.309934972999999,8.597805985,8.116378896,7.058230551,6.902944475,7.272334487,7.668606731000001,6.969467544,7.207638899,9.033266649,9.269884795,8.94793142,5.890859337,6.259440542,5.90760089,7.121119106,6.066362448,6.24877135,6.78580492,6.759056697999999,6.455123949,7.320536562999999,7.836209586,7.7770285139999995,8.588867677,7.995034777000001,8.738724339,8.090272097,6.615950569,6.845625117999999,7.278004095,6.606926023,6.539195511,6.58481933,7.9247064410000005,8.288891595
Ga0242637_113119,8.549510057,8.622655736,8.543240771,9.283056335,9.31617728,9.378743465,9.757711084,9.722560935,9.684372853,9.314530433,9.125897707,9.06792077,8.712849293,8.627084262,8.301235699,10.10164405,10.41478502,10.48541203,10.69737603,10.80467406,10.87827169,11.11002462,11.42076518,10.98055032,9.103350959,9.085878316,9.34561052,8.412464787000001,8.409452482999999,8.466627695,9.894588669,9.648112513,9.762011055,9.220563021,9.130166011,9.673613568,10.58006614,10.51706869,10.5205816,10.73090232,10.16468589,9.967158537000001,10.34024864,10.25760366,10.31192184,10.20546446,10.63230115,10.62278648
Ga0242637_11312,11.99197743,11.94251613,11.93792395,12.15493882,12.18534403,12.11392966,12.2173015,12.24228719,12.25533588,12.03263662,12.70723093,12.44551488,11.99128521,11.84687845,11.73838282,12.34435989,12.18769336,12.11652578,11.80365004,11.65822965,11.71472836,10.62612727,10.02052454,10.61675742,11.98511217,11.82987161,11.99202172,11.7193128,11.92675341,11.862563900000001,12.20128531,12.10489987,12.244934599999999,12.01033904,11.96820896,12.036703999999999,12.06847858,12.24510582,12.12419465,12.09858855,12.128152499999999,12.14206742,12.24302325,12.0889805,12.34156075,12.11926818,12.28207907,12.12033657
Ga0242637_113120,10.16115166,9.921154625,10.14889368,10.57317557,10.50468553,10.61338931,10.69501133,10.814577400000001,10.82723637,10.44579125,10.66238102,10.44577318,9.771154618999999,9.766197879,9.672012322999999,11.14672079,11.2527201,11.31566604,11.71409308,12.00690547,11.9065089,11.87081937,12.06841709,11.80800357,10.24732615,10.25964992,10.24103216,9.545555037,9.633105606,9.69430347,10.66055003,10.56301373,10.85662064,10.33460999,10.24584804,10.54359154,11.25916766,11.02674009,10.95230455,11.31273476,11.01506233,10.91968314,11.1570147,10.86966566,10.72452284,10.81064351,11.21559592,11.20655134
Ga0242637_113121,8.964015614,9.027545749,8.832400696,8.863103234,8.806829706,8.528590207999999,8.381731651,8.199126091,8.308370737,8.302306543,8.078254131,8.430819905,8.145043175,8.707603562000001,8.600071131,8.169129989,8.223498877,8.292384695,8.339729955,8.228640837,8.226879888,7.892556282999999,8.080489402000001,8.026090342,8.343594737,8.21806656,8.432216835,8.883629539,9.123402573,8.816746657000001,8.163323423,8.127111281,8.039313917000001,8.116617047,8.008839498,8.108129544,8.029896101,8.240998087000001,8.333138444,8.619670257000001,7.7512182,7.990538385,7.628169662,7.99391219,7.877505654,8.040786334,8.511617672,8.738619769
Ga0242637_113122,8.16547601,8.423011172,8.141843551000001,8.143501503,8.159272488,8.23703876,8.327608461,8.177497075,8.190915554,8.321947575,7.925533217000001,8.096692731000001,8.215006761,8.242678637000001,8.35121348,7.752998145,7.915988688,8.039838363,7.769630362999999,7.89873304,7.9981092910000005,7.990124699,7.358723352999999,7.775722363,8.275069401,8.56002232,8.229501098,8.236961739,8.15400196,8.108649612,7.7904065010000005,7.9831339020000005,7.82675832,7.725281526,7.863731242999999,7.7691714670000005,6.900325658,7.151673496,7.674446551,8.363643346,8.110612266,7.975831932999999,8.226859048,7.89188411,7.6248512260000005,7.887795859,8.256924007,7.997472499
Ga0242637_113123,7.228758716000001,7.343428574,7.163812945,7.224568059,7.377014883999999,7.512106178,7.413298725,7.2932215760000005,7.410353145,7.248817774,6.585311029,6.802914262000001,7.274353049,7.438961588,7.528410831,7.359248192000001,7.565538942000001,7.7119853439999995,7.793817868,7.930612109,7.9445388779999995,8.08150847,7.671689705,7.934865021,7.290535693,7.450706567,7.3115134920000004,7.023800546,7.146251602,7.040321433,7.315952687999999,7.276458151,7.283223747,7.200451515,7.0505084689999995,7.287209136,7.3816884279999995,7.151673496,7.638213619,7.964549794,8.195542717,7.884297382000001,8.20012779,7.429860202,7.108587705,7.276813878,7.862383586,7.879765047
Ga0242637_113124,10.03548521,10.17321523,9.862179617,9.826515629,9.619079146,9.671306185,9.784742878,9.776303796,9.806227309,9.642790283,10.38212845,9.951528527999999,9.202610399,9.712578922,9.630952234,8.96513565,9.122860433,9.14468806,8.649035279,8.776698997999999,8.693769073,8.010938476,8.509803598,8.224024737999999,9.729382187,9.859456219,9.396896452,9.564699447999999,9.579286902,9.497812071,9.971659899,10.26863015,9.775554179,9.403848017,9.58999944,9.680958925,8.948848583,9.505910693999999,9.115483661,9.824069284,8.744012833,9.102331178,8.51408485,9.089397757,9.060004465,9.065671848,9.516033031000001,9.857405992
Ga0242637_113125,9.431341234,9.674981826,9.43891292,9.523867525,9.439663852,9.43282328,9.516996666,9.235780542,9.303462762999999,8.854220236,8.227272444,8.472809836,9.610960272,9.892125292000001,9.888551494,8.610534246,8.673652877,8.804897978,7.909020127000001,7.8072479679999995,7.71697825,8.722299813,8.270775652000001,8.10353337,9.641393482,9.555647107,9.617496209,9.085104422,9.362758267,9.178792544,9.112634751,9.179631715,9.190092924,8.709553072,8.806350672,8.824646534,8.629186868,8.690663091000001,9.24357332,8.92824841,8.966823342,9.018721313,9.095596518999999,9.458661418,8.906246852,9.307172762999999,8.89295616,9.014699997000001
Ga0242637_113126,9.303901554,9.25801376,9.277618742000001,9.37887998,9.439663852,9.354931049,9.304625515,9.244473861,9.362996267,9.652129942,9.137533024,9.045836622000001,9.348895367,9.31143221,9.253633335,9.280599896,9.04785614,9.025628966000001,8.74724963,8.922523492,8.932586547,9.258810453999999,8.471539453,8.805860382,9.221347207,9.392677179,9.14562164,8.734836424,8.761413093,8.599912529,9.23100837,9.165899957999999,9.159428818,8.914206051,8.834437838,8.889490969,9.245371633,9.288732504,9.355644904,8.845971496,9.319662874,9.25323706,9.410315979,9.099382842,9.079320821,8.979599445,9.07912897,8.949431017
Ga0242637_113127,9.026519274,9.172706855,8.729972821,9.152693374,8.981903534,9.139538928,8.971722762999999,8.964094496,9.05973201,8.92527753,9.293882275,8.564985627,8.827636582,9.093522738999999,9.264413144,8.913232498,9.174458421,9.344683961,8.803914831,8.836808991,8.707616179,8.877673323,9.317400028,9.042722922000001,8.833743199999999,8.788475992,8.48056731,8.725586966,8.39034474,8.630552666,8.056795623,8.131828528,8.220573229,8.788003921,8.465621599,8.294813597000001,8.681250452999999,8.782300147,9.132944562999999,8.889859438,9.711782961,9.19094042,9.648890769,8.223096253,7.650913388999999,8.223615118,8.53677468,8.628250697999999
Ga0242637_113128,7.960452035,7.746783156,7.8800758989999995,7.902635101,7.796983187,7.962310903,8.066318052,7.919688475,7.911755877,8.31019508,7.835518764,8.064098677,8.553604238,8.109719087,8.475711036,9.794902642,9.925314918,9.995265304,9.663339512,9.166231492,9.343614114,11.92390473,11.07122897,11.2397313,7.982111402,8.243093537,8.048880055,8.254218744,8.324759808,8.302949768,8.304096309,8.443981404,8.24414678,8.704658515,8.666480306,8.794003844,10.75422608,11.24107897,10.99111774,11.91272531,10.45508005,9.801930873,9.386805359,7.668606098,7.650913388999999,7.742359356000001,11.79580259,11.99656316
Ga0242637_113129,3.00145839,3.188618776,2.930832432,3.16318366,3.1258350760000004,3.632791763,3.155796047,2.4271808669999997,2.506512943,2.485405011,1.764951351,3.4363628139999998,3.136324976,2.587354007,2.836309725,1.764951351,2.492414675,3.1044040639999997,3.2071134580000003,3.261710257,1.764951351,4.393970655,4.360694114,4.113428357,3.2934309839999996,3.0702452019999997,3.0152714460000003,2.7970937510000002,3.34059104,3.0280757019999998,2.4650293580000002,2.80145218,2.957319384,2.8783458439999996,3.584336313,3.634319656,3.7220789030000003,3.347410348,3.2994000619999997,3.306485327,3.084464068,3.445576453,3.9712646019999998,3.465722858,2.792585865,3.224318896,3.442297762,3.045854701
Ga0242637_11313,15.77043078,15.67795311,16.0245218,16.35453145,16.37879966,16.15581427,16.01680333,16.10450666,16.11957159,13.66558834,15.88067406,15.2438802,15.65665184,15.63031416,15.52859324,14.49274391,14.22467045,13.72947163,12.55000786,12.35878472,12.20949454,11.58189391,11.35485651,11.69510776,15.63681491,15.66785603,15.67608592,15.54054276,15.35192292,15.76013253,15.3324238,14.98848543,15.71039493,14.82096596,14.42202722,14.34966296,15.31468465,15.85324917,15.35695394,15.32593974,16.35831474,15.94153671,15.90016227,15.26751451,15.50171942,15.46218052,15.38136374,15.56845588
Ga0242637_113130,8.622553727,8.59079469,8.549269288,9.257258579,9.199211477999999,9.274285572,10.09930356,10.36154721,9.783868209,9.518936554,9.675401403,8.817229149,9.110603572,8.845660767,8.808042222000001,11.38605494,11.67339638,11.83246806,11.89869568,11.52755694,11.49880622,14.23430492,13.33238989,13.60557061,9.41952593,9.313883249,9.674561012,11.667930499999999,9.16709156,9.482963882,10.52328729,10.77910507,10.8515144,9.872768219,9.476948602,10.07427965,11.6308121,12.60282022,12.67659523,13.89407962,11.48724273,10.63502584,10.97487074,9.973724646,9.423375979,10.22475635,13.68077908,14.13689164
Ga0242637_113131,10.48426823,10.47174717,10.53797487,10.407884800000001,10.34506026,10.41195626,10.35063629,10.36074784,10.40718269,10.57498448,10.69325801,10.67257776,10.31820126,10.38370498,10.19257922,10.16773859,10.05904252,9.931620667,9.802928368,9.315530714,9.390149168999999,8.444867445,8.42557596,8.528567285,10.15289786,10.19608111,10.45064788,9.798786297000001,10.0276521,10.00610288,10.17171712,10.05058587,10.32214497,10.10315512,10.07392189,10.16088067,9.901027356,9.714154247,9.939357058999999,9.422363082,10.01766285,10.2559029,10.14911754,10.39527255,10.50462564,10.57756827,9.372513255,9.376183117
Ga0242637_113132,10.27468486,10.29189879,10.2905704,10.17542125,10.16248032,10.18227955,10.17447306,10.09263522,10.09240081,10.23821554,10.34372021,10.32718771,10.39378115,10.30242974,10.29376064,9.721354945,9.675750854,9.597032241,9.054666076,7.824319132,8.283451153,6.92145699,6.134042288,6.67952201,10.63601966,10.51432318,10.5393463,10.07366283,10.33797416,10.3093929,9.945628452000001,9.834696232999999,10.03177181,9.90512778,10.10998535,9.888265006000001,9.4691726,9.230271425,9.513952957,9.025888631,9.0228269,9.324606988,9.253419685,10.48787722,10.4518784,10.27585576,9.092763158,8.823034744
Ga0242637_113133,6.257656398,6.49004648,6.556831896,6.280268917000001,6.197104265,6.184858116,6.554556521,6.2175516570000005,6.238134046,5.8920709129999995,6.384820797000001,6.015794089,6.356510513,6.51992215,6.815585497000001,5.437019741,5.807768971000001,5.870659151,5.398451337999999,4.385771447,4.475808083,3.208116214,2.733434557,3.613718618,6.673955573,6.831273417,7.070253094,6.465026781000001,6.755985848,6.505801972,5.685358097999999,5.8546532970000005,5.941958351,5.8666220870000005,6.015773707999999,5.728708628,5.540984152,5.754864724,5.47661902,5.344228856,5.20761762,5.762726817000001,5.578933935,6.572889727000001,6.697752363999999,6.502794773,5.856806806,5.351613692
Ga0242637_113134,10.30425006,10.18215141,10.26057338,10.1857151,10.14288418,10.08720399,10.08668725,10.03867982,10.04805907,10.46004164,10.41715598,10.35327175,10.18919809,10.13274349,10.07940889,9.680540479,9.681964894,9.500069214,9.305139177000001,9.044064367999999,9.171129331,8.291710092,8.278184432,8.4582454,9.867649934,9.939276619,9.863108416000001,9.876056575,10.05520889,9.892714279,9.660042588,9.589314328,9.76472987,9.932597349,9.732632359,9.793666356000001,9.810426511000001,9.864993846,9.615262784,9.087493709,9.925746879,9.761780112,9.577997664,9.981303814,10.16371699,10.04521227,9.286144448,9.283224492
Ga0242637_113135,11.66892737,11.58339532,11.63763636,11.33274663,11.329936199999999,11.36371659,11.34914905,11.41284441,11.40455145,11.90498725,11.28542913,11.5108703,11.48438173,11.56591178,11.49107903,10.90462452,10.78898128,10.76384883,10.715423,10.35705431,10.44478524,10.91266559,9.220751091,10.28867049,11.37416661,11.26309959,11.39328327,11.45266132,11.70790706,11.50840287,11.53034447,11.74433464,11.45841418,11.04162415,11.580865600000001,11.12809491,10.73895496,10.65275153,10.8497818,10.39861304,10.09606172,10.40741031,10.06273825,11.33021541,11.49407404,11.39216357,10.454958900000001,10.40881712
Ga0242637_113136,10.8926836,10.75295382,10.92049998,10.79614383,10.73153459,10.769845599999998,10.76058796,10.83429054,10.81037448,10.75768886,11.04329163,11.02839487,10.80344179,10.74968069,10.72962396,10.96216146,10.93140364,10.8258033,10.61833557,10.12708855,10.267624699999999,11.05347361,9.352914087,10.22464434,10.58661547,10.59567911,10.62869317,10.81960493,10.98684485,10.83810048,10.55023494,10.50784068,10.60984159,10.48989108,10.70117538,10.69326791,10.62062578,10.49240676,10.45006925,10.19152395,10.58952705,10.75828738,10.46757213,11.03120654,11.31419424,11.04575021,10.4025541,10.20894415
Ga0242637_113137,10.53932067,10.5525299,10.45210655,10.54413361,10.36210902,10.48178376,10.32247318,10.32020415,10.29043601,10.1331939,9.768138363,10.17144794,10.39289372,10.56428062,10.42445822,10.23446633,10.25620453,10.15208396,9.400087634,8.849370176,8.896773046,8.69683798,8.624681957,8.528567285,10.03238179,10.13722959,10.11122462,10.108472599999999,10.1993976,10.1899058,9.874659884,9.760497409,10.09038223,10.11979582,9.921224633,10.03387393,9.960170794,9.919829755,10.10001429,10.24149874,10.08193629,10.0396479,10.11375253,10.18256828,10.01115266,10.2749747,10.13411245,9.991116493
Ga0242637_113138,10.70975343,10.60663425,10.84532669,10.49669071,10.57332936,10.484712599999998,10.04909182,10.232911,10.10808397,10.14977257,10.40637609,10.752302199999999,10.81143384,10.65995684,10.515576600000001,10.12654829,9.908189559,9.524927765,9.179225207,9.294250418999999,9.130589758,8.802077452999999,8.927607135,8.881089652,10.02080399,10.03142175,10.02106359,10.19924764,10.32209811,10.27640526,9.884658688,9.591027963,9.958856244,10.34408294,10.25210838,10.32391976,10.05694249,10.01734621,9.70992255,9.7827656,9.788344018,10.02543849,9.628988572,10.04881289,10.42003657,10.35219046,9.864892575,9.901211239
Ga0242637_113139,10.33914364,10.20512971,10.37783847,10.442635800000001,10.35136485,10.38634331,10.153022300000002,10.31278372,10.270204300000001,9.570746286,9.980070667,10.18918647,10.56191135,10.27890647,10.24483458,9.641198924,9.472091739,9.184238602,8.24350273,7.448382325,7.61288418,6.364313645,5.8843656179999995,6.4872149420000005,9.875384954,9.51072186,9.947557989,10.092972,10.25854406,10.243747099999998,9.546539965,9.456499653,9.955290428,9.8868799,9.845961927000001,9.663054897,9.38534208,9.66684828,9.366756717000001,9.40734297,10.03871072,10.176146000000001,9.992434977,10.2718004,10.49386952,10.47312226,9.341441823,9.338441172000001
Ga0242637_11314,9.199258433999999,9.230709269,8.995817708999999,9.106482845,8.895789027000001,8.923419116,8.693667219,8.665791881,8.704130178,8.112351125,8.543801143,8.485172102,9.367084502,9.414577264,9.465978995,8.316280521,8.248838516000001,8.123609645,7.269244337999999,6.480559145,6.54216127,5.615986788,5.804244499,5.48758844,9.012737849,8.741579935,9.005222541,8.855638841000001,9.004878098999999,8.807837259,8.351733603,8.389876514,8.474193462,8.223143845,8.240618429,8.120532585,8.547389017999999,7.902750132,8.370422559,7.694454717999999,8.254313086,8.194836226,8.278879689,8.608705855,8.407228607999999,8.677497416,7.901649844,7.751589199
Ga0242637_113140,10.61123335,10.50986736,10.57906552,10.53611055,10.5710159,10.5100894,10.30156909,10.34142901,10.27982312,9.70842564,10.10385153,10.31569804,10.58773456,10.51087102,10.550597199999999,9.360291435,9.211443883,8.961061528,7.659859696,6.754607339,7.02790072,6.155449891,5.922806584,6.67952201,10.12613286,9.927195524,10.10412055,10.65559684,10.71851145,10.44963611,9.406087383,9.44327922,9.653238528,9.811488755,9.571762192000001,9.510034528,9.227974701,9.483332581,9.217212957000001,9.615097679,9.810541857,9.768194468999999,9.874834933999999,10.25134839,10.43510854,10.3226512,9.531132811,9.753692262000001
Ga0242637_113141,10.26227152,10.31807901,10.25965457,10.0153434,9.897872692,10.03621058,9.59797148,9.556564242,9.613450202000001,9.060023033,8.955597097,9.565712743999999,10.29653726,10.35211796,10.4085805,8.913232498,9.050260023,8.758486427000001,7.336667306,6.114150367000001,6.270436562,5.910951122999999,5.532841605,5.680529589,9.935815972999999,9.899356312,9.671360267999999,10.43407979,10.49080016,10.30623331,8.948355081,8.804560839,9.155290577,9.269442058,9.230807322,9.325506699,8.894750252,9.032963747,8.747252816,9.679027662000001,9.267123818,8.9824011,9.058876613999999,9.683723399,9.493448358,9.64932069,9.521083872,9.57319449
Ga0242637_113142,12.43465215,12.31698872,12.52960062,12.14639999,12.20437542,12.08792306,11.78618756,11.76459258,11.82307775,11.39253034,11.63545166,12.09319997,12.18084113,12.21460054,12.02789526,11.19551764,10.9030912,10.77684251,10.49470286,10.78301303,10.73351627,10.06181385,10.38370173,10.26077329,11.64731759,11.50433479,11.74762764,12.13274932,12.41221098,12.29750852,11.21579324,11.10891703,11.43300122,11.37268577,11.54008996,11.42318121,11.20906648,11.3697459,11.13670169,10.83109954,11.29158209,11.39139059,11.09942104,11.64917508,12.006547300000001,11.76243509,10.81201046,10.72748116
Ga0242637_113143,11.40524052,11.42491183,11.431168800000002,11.25381828,11.18316034,11.071055,11.02806477,11.01991394,10.76847603,11.79264927,12.55639327,12.12119063,10.90528189,11.02769327,10.91157659,10.65495362,10.70222381,10.6847083,10.42286922,10.50331566,10.48821481,13.51357874,12.03491821,12.75990146,11.03980003,11.03699741,10.90766123,10.92639198,10.92013697,10.88544542,10.54078137,10.7231651,10.50561539,11.21684537,10.98168128,10.82413376,10.65357563,11.04535566,10.8882032,10.68431119,10.83787803,10.80686538,10.68436402,10.57489451,10.64249105,10.54285444,10.87845553,10.83189609
Ga0242637_113144,7.646912867999999,7.8173266,7.629963296000001,7.711594573999999,7.45271503,7.853203036,8.805686977,8.74634685,8.65897616,7.504038492,7.769737205,7.523945469,7.468879679,7.60796369,7.6414441779999995,8.926384409,8.963645186,9.085342273,8.524500142,8.1222385,8.239644424,11.9470354,10.59865162,11.25395216,8.746455385,8.947005227,8.942877228,8.750121601,8.771293822999999,8.944177802999999,9.926397039,10.141093,9.763371102999999,7.989566235,8.12256147,8.253177603,9.491214623,10.19180375,10.19658558,10.09170871,7.299591767000001,7.402584952000001,8.087954576,8.690249924,8.407228607999999,8.405311167999999,9.945999401,10.17187026
Ga0242637_113145,9.606871406,9.713707984,9.710401116,9.567818755,9.604071517000001,9.771842576000001,10.45879263,10.50084375,10.58667747,9.57402581,9.967087799,9.776517654,9.356198565,9.513079246,9.164366045,10.73561435,10.68221477,10.64699089,10.48730767,10.06202666,10.16096015,13.68138368,12.07905934,12.88821836,10.5362727,10.39499327,10.77900452,10.4852125,10.509367,10.73456568,11.90416482,11.97542246,11.67802752,10.024819800000001,10.07862621,10.33593459,11.62417799,12.17568942,11.85075805,11.73344855,9.245560459,9.256282379,9.623969824,10.52761178,10.61628247,10.49900828,11.80100282,12.17176526
Ga0242637_113146,8.914633018,9.204633267,9.104206619,9.064332692,8.939488769,9.122715386,9.858691791,9.968005397,9.930848451000001,8.896749455,9.645154477,9.100425742999999,8.663659947000001,8.920204308999999,8.633718518,9.98497536,10.17702617,10.16202255,9.859396729,9.582043732,9.658381699,13.18374981,11.61755952,12.4779598,10.07442947,9.762650713,10.08620581,10.06879489,10.01315344,10.07331608,11.192839900000001,11.36821749,11.023123199999999,9.427805123999999,9.379280745,9.767290407,10.76028955,11.73818338,11.4147997,11.18996943,8.528799702999999,8.662523607999999,8.864057047000001,9.819180446,9.865774174,9.747863923999999,11.35718012,11.61047161
Ga0242637_113147,11.17740228,11.11679507,11.185307400000001,11.16252424,11.19171835,11.11424778,11.80281199,11.91728089,11.85595886,10.95924364,12.02930631,11.49720334,10.7559179,10.68552782,10.47571464,11.95007825,12.02062106,11.90970667,12.16941166,12.18964182,12.27411659,15.44402628,14.19283375,14.94156008,11.64014677,11.17992072,11.8198701,11.63743256,11.58094639,11.655524900000001,12.80476957,12.93443241,12.78980961,11.44269714,11.45490942,11.66645446,12.83501384,13.61403287,13.16148788,13.24077341,10.75382241,10.79539683,10.50217303,11.64815514,11.82965112,11.64323293,13.75594079,13.70753636
Ga0242637_113148,9.615030062,9.568595768,9.168279031,9.725476459,9.547144926,9.568766367,12.42288521,12.21158256,11.02321282,10.53431531,14.58608369,13.76041481,8.356475837,8.550561864,8.388296437000001,13.52890477,13.70233381,13.85424596,13.65693477,13.64863619,13.43827825,12.84219186,13.05546846,13.20605291,7.996371539,7.987850395,7.760359455,7.676499282000001,7.415706835,7.548230234,8.899878605,9.172782175,8.762353427,10.86150932,10.46199734,9.886450721000001,13.77156509,14.05876932,13.79125166,15.07701143,13.79116984,13.76045268,12.12764629,8.283905472999999,7.963197561,7.816910327,15.01453828,15.12113202
Ga0242637_113149,8.059446467,8.169818198,7.88961195,8.033801237,7.989474423,7.945398909,9.893257106,9.781091672999999,8.741739564,8.804826517,12.12592436,11.67183004,7.698886552,7.728667064,7.8107249439999995,11.18004489,11.29539446,11.63896186,11.536195,11.61106462,11.47943283,11.40255848,11.86083775,11.63044834,7.538108118999999,7.666974484,7.76637347,7.590780566,7.648012842999999,7.45996819,7.697012153999999,8.088807358,7.6903838360000005,8.922661168,8.257314676,8.201574055,11.36242853,12.14724711,11.84514128,12.57183782,10.1968755,10.65246732,8.771772365,7.821230900000001,7.598309286,7.631055507,12.59090987,12.38655283
Ga0242637_11315,8.868968407999999,8.681823051,8.769240475,8.59611713,8.539743188,8.567790862,8.486987895,8.332321885,8.413097321,8.448851362000001,8.476677388999999,8.365450127999999,8.771384399,8.616695821,8.754429236,8.336128072000001,8.294168967000001,8.163738587000001,7.966894292999999,7.8072479679999995,7.905018121,6.94329072,6.739535199,7.071132346000001,8.668461371,9.037655042999999,8.272387641,8.435340018,8.550968047000001,8.561557469,8.091748062,8.08394704,8.12646065,8.350816975,8.210926696,8.183954269,8.41527722,7.666595349,8.045692991000001,7.548709099,8.172871403,8.232439371,8.246587309,8.266284988999999,8.219749042,8.471415871,7.8138076839999995,7.741982628
Ga0242637_113150,10.22117425,10.34060336,10.22335677,9.766059269,9.759793303,9.744000261,9.349071007000001,9.435757956,9.210404238999999,9.505258678999999,10.54169252,10.2947832,10.111490400000001,10.16375572,10.15831247,9.638537611,9.874673602,10.09097024,10.24865988,10.33935388,10.28003382,11.13512237,11.81764327,11.23782455,9.282741415,9.251828421,9.290348997999999,9.326503087999999,9.60299356,9.287466502000001,9.040678709,8.990034973,9.102535336,9.575861236,9.192257735,9.202572706,10.06676136,10.65679268,10.402271,10.46974209,9.031253074,9.17493665,9.134937333,9.498443812,9.288801929,9.395757282,10.64739245,10.39968362
Ga0242637_113151,8.364440361,8.158994216,8.192799719,9.161412785,9.029860964,9.007284682,8.946008959,8.930009958,8.814138632999999,7.616488955,7.490013625,7.433254217999999,8.8792447,8.602025156,8.540498507999999,9.039648453,8.948260363,8.949631152,8.62227509,8.604612092,8.622466612,8.526630441,8.589383154,8.613378355,8.1615493,7.944910962000001,8.263911741,7.89029367,7.726306962000001,7.950317496,8.632530589,8.560521769,8.82621913,8.29329158,7.879995598,8.384962581,9.498487753,9.829631845,9.541998904,8.907047448,11.04449635,10.334365199999999,10.89066468,9.197467666,9.103108127999999,9.123593153,8.762548091000001,8.974254232
Ga0242637_113152,8.129473541,8.373933027,8.068178038,8.450036166,8.445218367999999,8.458806484,8.287216528,8.234468922000001,8.409206885,8.10783223,7.747125832999999,7.792883877,8.119516866,8.316429165,8.136638616,7.4348482979999995,7.592186625,7.502608842000001,7.186378151,7.414959266,6.998144841,7.027459622,7.242293719,7.170493899999999,8.332397549,8.375097707,8.121050873,7.884763607000001,8.374225957,7.977060012000001,8.571936817000001,8.409433486000001,8.433762196,7.768145946000001,7.7145149989999995,7.792615329,7.531068389,7.196803992,7.594757935,7.026336552999999,8.172871403,8.129900089,8.316699768,8.823925294,8.467118,8.740130171,7.270227002,7.184048004
Ga0242637_113153,5.506428846,4.55605399,4.77944872,4.641876781000001,4.325924049,4.890225764,4.745949426,4.660392731,4.569903974,4.11950463,3.914464957,3.5782764410000003,4.402065233,4.3921291710000006,4.9362872310000006,4.163986673999999,4.281103862,4.34968863,4.834070366000001,5.697329897,5.9350564210000005,6.899287208,6.032308005,6.562373374,4.227785699,4.549828091,4.08603391,4.375801711,4.454607607,4.520405555,5.434811402999999,5.831564123,4.953816253,4.351143767,4.579888975,4.8594032380000005,5.751330366,5.69298164,5.100962576000001,3.7022288089999997,5.575530368,6.043013147000001,5.878815011,7.135823863,6.422869211,7.023280456,4.347120349,4.135802667
Ga0242637_113154,4.28318584,3.869455631,4.503928157,4.373715198,4.325924049,4.816707948,4.502119858,4.617394197,4.828841676000001,4.7147717380000005,4.023771416000001,3.82092602,4.8446072760000005,4.862585374,5.4313862429999995,6.452955864,6.709488375,6.971242087,6.609726987999999,6.824195716,6.457165661,6.758584973,6.481331944,6.072762742999999,4.0874184730000005,4.045959163,4.08603391,3.196494403,4.4034040480000005,5.315375734,5.350179206,4.917352993,5.264318318,4.351143767,4.827425965,5.272613361,6.661800464,5.8711413839999995,6.587416987999999,4.864979065,10.76017257,11.17593711,12.34566685,13.12706174,12.57931353,12.85643257,5.17014544,4.798593744
Ga0242637_113155,9.471436478,9.759802961,9.57218004,9.719584585,9.786626919,9.857942159,10.08215455,10.10986394,10.04304701,11.4050139,10.50398724,10.36446718,9.72253625,9.803312596,9.667378458,10.37379414,10.66741525,10.98823258,12.40317255,12.390644,12.42840134,11.76454309,10.97079965,11.75632728,9.585903423,9.99505641,9.661715208,8.768252553,8.990147075,9.020710793,12.83875775,13.24951345,11.98594924,9.659175825,10.66722274,10.70154623,11.17995932,10.85271173,11.65013175,9.355072174,9.948168701,9.454906449,9.962928065,10.39851099,10.14550573,10.09098521,9.159065686,9.263220432
Ga0242637_113156,10.51249383,10.82888863,10.49177224,10.35641646,10.39735581,10.45515319,10.64179481,10.51958681,10.73234702,9.596776072,10.47562023,10.43837556,9.954346124,10.37140021,10.47040418,8.437602101,8.546600087,8.737369844,8.907285344,9.411828993,9.295527781,9.093043676,9.407978467000001,9.089996315,9.963899286,10.11125354,10.17927887,10.74984846,10.96333464,10.97372445,10.44520962,10.39662115,10.66400142,9.460109722999999,9.952315701,10.18100247,8.575173557000001,8.40375237,8.866868792,7.817750045,9.343541287,9.370297889,8.934667524,10.78063291,10.54165283,10.62397563,8.02056624,7.419256131
Ga0242637_113157,7.831925802000001,7.99420068,7.781077725,7.540291634,7.341246087999999,7.811811732000001,8.113287376,8.048399922,7.906245207,7.389536784,7.50805914,8.225089553,7.2112853139999995,7.616332661,7.706145617000001,6.5916770510000005,6.9756197470000005,7.279659597999999,7.578652599,7.857866897,7.960048835,7.846979295,8.225505546,7.925416898,7.380289362,7.246560585,7.226794695,7.856790652999999,8.367727667999999,8.123088434,8.439144566,8.525103991,8.327429248,6.9420648289999995,7.506750769,7.615515705,6.661800464,6.697321291000001,6.685450226,6.30625242,6.078158097999999,6.709914332,6.386266174,8.155787039,8.175555006,8.194086763,6.43067678,5.669500702000001
Ga0242637_113158,7.9241336460000005,8.22275218,7.88961195,8.248721526,8.250774937000001,8.257735197,8.632977598,8.507227967999999,8.514358535,8.356641201,7.628423371,8.210271985,8.206949735,8.209879104,8.333771324,9.027493872,8.95340689,9.224631742,9.469288601,9.146009762,9.286330385,9.122028261,9.606413399,9.242324448,7.862650451,7.807843404,8.207569949,8.051984606,8.338117536,8.229230556000001,8.813535014,8.995221031,8.794639695,7.814324786,7.983975179,8.250358665,8.519058766,8.75239664,8.872077147999999,8.57735024,9.060363027000001,9.036544159,9.240361065,8.878291209,8.384113088,8.724725084,8.516684296000001,8.564289074
Ga0242637_113159,7.9029621,8.158994216,7.884851807,7.991391017000001,8.227458699,8.284876431,7.831523959,7.839317717,8.097297328,8.156778023,7.490013625,7.458559361,7.956074654,7.9763073229999994,7.835726237,7.782233725,7.795047017999999,7.918428175,7.6332956329999995,7.681732133,7.542502545,7.881296366,7.400068956,7.572802832000001,7.872992311,7.882563333999999,7.830923328,7.17650391,7.620940678999999,7.6907717,7.366794355,7.467747577999999,7.583538408,7.796030322999999,7.640067287000001,7.5250945289999995,8.12695937,8.541271984,8.314128635,7.723857513,8.094618293,7.9978357529999995,8.035995056,8.132634015,8.063613718,8.125351035,7.620231406,7.692965646
Ga0242637_11316,3.3323533810000003,3.3131841189999998,3.867591407,3.590839983,2.953773423,3.632791763,3.277942678,3.0574123839999996,1.764951351,3.450563658,4.218583159,4.5626886739999994,3.8339313660000003,4.026822059,3.357279135,3.7318454780000003,3.000261432,3.2503850360000004,3.8692144980000003,3.942535777,3.9413868460000003,5.171091359,4.7570015539999995,4.845648752,3.844348227,4.045959163,3.349279727,4.375801711,3.34059104,3.625076574,4.650069804,4.318388806000001,4.270630967,4.065284571,4.684234868,4.829070251,4.090071432,4.737982187,3.149291978,4.129906508,4.198123123,5.796717903999999,4.213173858999999,4.061615789,3.9089009,2.9136076980000003,2.9824992530000003,3.866371795
Ga0242637_113160,7.831925802000001,8.030284963,7.959190565,8.697920684,8.651994058,8.82284815,8.527563545,8.43918295,8.655696136,8.080417427999999,8.322101482999999,8.164883415,8.392443292000001,8.318994624,8.146662745,8.255044623,8.334177578,8.25943224,7.769630362999999,7.849552837999999,7.880775129,7.947573706,7.8413548760000005,7.655142282999999,7.3730196910000005,7.348953677999999,7.742165435,7.873639452999999,7.726306962000001,8.393078612,7.7743585710000005,7.720428227999999,7.951342793999999,7.893893724,8.302257114,7.784842981000001,8.980359801,8.861475172999999,8.977321176,8.267098032,9.072661119,8.721008051,9.091966305,9.142514257,9.149537413,9.053392181,8.350700381000001,8.172149388
Ga0242637_113161,11.35643921,11.46207316,11.48286813,11.19643282,11.3548043,11.20184016,11.39079728,11.3729659,11.49587689,11.2669507,13.287549599999998,12.31397326,11.45789568,12.21683742,12.12403207,11.21440474,11.3660807,11.65206728,12.46816368,11.76815468,12.03653053,11.08202619,10.22217894,11.52572565,11.51534184,12.07877101,11.90681208,12.1213341,11.89632163,11.78864518,11.87122884,11.83353074,11.93496209,11.32325176,11.4094225,11.89929054,11.1033215,10.91139367,11.48955751,11.66690138,11.95794874,12.01073537,10.95801936,11.25315404,11.22486885,11.17321827,11.41394592,11.5234519
Ga0242637_113162,9.186175464,9.388828334,9.089803197,8.970204561000001,9.025361666,9.059294057999999,8.901421102,8.665791881,8.962207956,9.08782123,9.512936035,9.100425742999999,8.566255595,9.047859482,8.969211637,7.410086196,7.663025641,7.695652835,7.569340642,7.403643794,7.661133102000001,6.899287208,6.6735829429999995,6.8289981410000005,9.107735585,9.265850902,9.101116571,8.964483363,9.115667563999999,8.914051788,8.813535014,8.997807086,8.628445746,8.170863722,8.008839498,8.210303882,7.473160292999999,7.128566922999999,7.915520741,6.331979231,8.203021315,8.175660508,7.974225995,8.348966306,8.25415446,8.280917879,6.247439525,6.149326563
Ga0242637_113163,7.397244614,7.483083294,7.327164497,7.3335582310000005,7.445995129,7.529234889,7.617608643,7.522170906,7.386799205,7.313061093,7.16554577,7.345544,7.31241343,7.565374284,7.755020991,6.942083727999999,7.173939535,7.059016467999999,7.578652599,7.272932517,7.320119922000001,7.713664007999999,7.625959592,7.392513502000001,7.43716347,7.651031711,7.673418308,7.339041722999999,7.489411083999999,7.421535476,7.515821665,7.70151184,7.5586800279999995,6.84746438,7.11608408,7.265027377999999,7.249930782000001,7.105083786000001,7.413681873,7.980877635,7.420031753,7.276214564,7.35274693,7.497892153,7.301956592000001,7.338863642000001,7.522846399,7.817100771000001
Ga0242637_113164,8.935632096,9.009584489,8.837336042,9.242542004,9.125452996,9.20493719,9.346049375,9.331908514,9.511905204,8.750786083,9.26499996,9.029048775,8.451601992999999,8.938670564,8.694197601,9.129579743999999,9.226401807,9.370629391,9.293879031,9.556736078,9.570188573,9.330926251000001,9.401209269,9.341547318,8.398312794,8.746588774,8.572661971,8.210682804,8.45614293,8.233672863999999,9.340401049,9.303950545,9.388225437000001,8.357069334,8.210926696,8.740770933,8.894750252,8.774882185,8.943085933999999,8.09777743,9.886811315,9.713849287,9.704626068,9.2875603,9.025565682,9.127503291,8.384352097999999,8.241959905
Ga0242637_113165,6.611360845,6.443167615,6.556831896,5.9818052029999995,5.971856624,6.11078736,5.610527957,5.349278414,5.968181014,7.367017063,6.384820797000001,6.6054638070000005,5.85525438,6.144458896000001,6.032977647,5.577775439,5.784770168,5.831202667,6.591426521,6.807111346,6.936723275,7.64873647,7.082138435,7.307763969,6.415233951,6.216678807999999,6.416854532,6.373096881,6.529946292999999,6.176629778,6.45056443,6.696693296,6.559156367000001,6.991160875,6.565027485,6.785429225,5.422921493,6.126249389,5.607950139,5.292467671,6.141944919,5.7279088929999995,5.944906754,5.520094777000001,5.7852377310000005,5.567606414,5.949929124,5.995746939
Ga0242637_113166,9.760403044,9.627356785,9.611601787,9.250736406,9.004939339,9.163498378,9.211402813,9.275343062000001,9.076999413,10.0788244,9.716709193,9.711369272999999,9.057829411,9.31529169,9.146163153,9.203468215,9.383357996,9.708377694,9.840173533,10.28336901,10.09225485,10.23321484,10.29336698,10.33042514,9.612373209,9.612993688,9.357608593,10.53988108,9.480361258,9.235260576,9.179141776,9.414535046000001,9.280259652,9.615514681,9.282694939,9.219966157,8.990712412,9.523722165,9.741567567999999,10.32059113,8.210461335,8.61111458,8.316699768,8.287403884,8.481709724,8.772953973,10.30490176,10.42691246
Ga0242637_113167,10.10664654,10.03108298,10.01591615,10.10665898,10.09645486,10.09009164,10.33166754,10.51024572,9.929491105,9.987086417999999,10.07691221,9.897060577000001,9.72253625,9.824229016,9.871529599,10.18972,10.2962483,10.20303269,10.31977709,10.37743402,10.33459069,9.992878292,9.973385247000001,10.35173971,9.862470117,9.846684802999999,9.706183832999999,11.512592,9.596061361,9.699129532999999,9.546539965,9.701438412,10.10547473,9.539216645,9.332780882,9.42384956,9.986273007000001,10.59705835,10.69013493,11.68445127,10.12783832,9.855123682999999,10.17508376,9.471019412,9.423375979,10.05139989,11.52935588,11.91824508
Ga0242637_113168,7.513573847999999,7.794193454,7.454725573999999,7.405814036000001,7.466061582999999,7.429365907,9.710326681,10.27594628,8.299990886,7.558050286,8.119912887,8.14943083,9.007696202,8.326663733,9.169290865,8.642765087999999,8.616400116,8.683185046,8.465501344,8.073099675,8.167998865,8.831623459,7.919245018,8.742718027999999,8.671426509,8.593767733,7.9145335029999995,11.99904495,9.428232508999999,9.738730982,9.24465961,9.495449211,10.95571935,8.226562721,8.867436114,9.298472775,9.227974701,10.49014372,10.819773699999999,11.89021438,10.78778593,6.87764457,7.14411537,8.120916615,8.082884413,9.763024459,11.78377042,12.12957354
Ga0242637_113169,7.104390856,7.494611288,7.232890654,7.099410399,7.3980577389999995,7.341585958,7.778706276,7.663744951,7.606627536,8.085022902999999,8.2911794,8.249452156,7.399856099,7.429493375,7.678771149,7.597207325,7.503717441,7.6735843379999995,8.811831166000001,8.087311004,8.134217751,7.418824905,6.863014993999999,7.775722363,7.161447469,7.407070677,7.53230968,7.577128751,7.421994843999999,7.512108733,9.648352425,10.20179144,9.151140432,7.314121274,8.357502965,7.981258144,7.9472493879999995,8.020352377,8.563079559,6.691129736000001,7.137253651,7.20231055,7.158078045,8.101173553999999,7.427896822,7.850424287,6.855823241,6.3400039260000005
Ga0242637_11317,3.79986984,3.869455631,3.783277731,3.677498875,3.9848634689999995,4.0230464239999995,4.028820076000001,3.723610747,3.7300873130000003,4.1921740110000005,4.306336811,4.684252222,3.642811276,3.666205171,3.925317194,4.035114441,3.798069659,3.9532778719999997,3.5826343030000003,4.067851648,4.066657595,4.927376411,5.197383578999999,5.07047746,3.2934309839999996,4.401657499,3.0152714460000003,4.2396179919999994,4.59770328,3.73698757,4.328871157,3.925246862,4.137988429,4.127524908,3.976769105,4.359429817,3.7220789030000003,4.3045167,4.236306217,4.864979065,4.068024151,4.442236701000001,3.8313353180000003,3.351217807,2.792585865,3.6667322610000004,4.750068729,4.459495233999999
Ga0242637_113170,10.37321316,10.40994894,10.58274365,10.67593873,10.84183242,10.79365949,11.06298787,11.09441286,11.04844209,11.66890384,12.45397193,12.05949828,10.76828864,10.51758657,10.56187629,11.16255313,11.05923164,11.23792642,12.16130232,11.87593213,12.03972678,10.67584188,9.461018107000001,10.59606791,10.63677833,10.73386921,10.7290817,10.52751611,10.51378771,10.62048051,13.12012277,13.41923617,12.45225188,11.04113889,11.88169086,11.60406992,11.74528763,11.56192825,12.05059672,9.966138026,11.50323091,11.29621437,11.59938332,11.69598765,11.9374431,11.53332013,10.16186439,10.00121608
Ga0242637_113171,8.953758835,9.18164641,8.817492533,8.865239678,8.853264892999999,8.903858038,8.76780047,8.594139507000001,8.805284985,7.829095883,7.366867463999999,7.752538652999999,9.161515037000001,9.34328338,9.430866748,7.640424769,7.401950116,7.371645812000001,7.174141366000001,6.857768197,6.752916,7.635392603,7.372637404,7.278369412000001,9.140202253,8.889295809,9.042862975,8.940699465,9.062342475,8.908506089,8.653151055,8.700452954,8.672547602,8.184991421,8.189337738999999,8.348522161,8.009674187,7.833018665,8.073091178,8.400521888,8.504796282000001,8.455524357,8.424550832000001,8.852545596,8.219749042,8.729878414,7.886071404,8.060657615
Ga0242637_113172,7.980802004,8.103621231,7.963711925,8.150526505,8.061569265,8.20897328,7.9675252720000005,7.816173937,7.9227144439999995,7.504038492,7.131020562000001,7.4161339260000005,7.841037664,8.130315279,7.789554227999999,7.447071651,7.110817937,6.887395462000001,6.591426521,6.246939936,5.996681476,6.5466481420000004,6.402054491,6.139804722,7.380289362,7.568561275,7.864951287,7.492386453,7.421994843999999,7.2826234460000006,8.025501559,8.150544724,8.016678844,7.425442414,7.312677018,7.761271375,7.284016434,7.261955631,7.399318742,7.041991197000001,8.188025139,7.975831932999999,7.677460078999999,7.791970991,7.571269564,7.919719936,7.221390161,7.065773967
Ga0242637_113173,8.402648805,8.395610473,8.219509769,8.575387031,8.435076857,8.497024476,8.312206672,8.262132585,8.15883583,8.237595183,8.232707515,7.967535689,8.123802748,8.193195322000001,8.454349,7.743119732,7.687946131,7.662422122000001,7.303350019,6.984740346000001,7.071413057000001,7.594603642,7.440261681,7.523550500000001,8.534825968,8.653655693,8.338459311,8.744026952,8.383918826,8.285939982999999,8.432343351,8.499783727999999,8.2635013,8.229973511,8.586159421,8.332618534,7.813657267999999,8.057514457,7.761235162999999,7.826811618,8.67039683,8.220013601,8.266049365,7.652416054,7.866427077999999,7.66911946,7.67565381,7.8621370939999995
Ga0242637_113174,8.461752121,8.814184942999999,8.335682473,8.374049175,8.219602099,8.363364066,8.445237735,8.265553532,8.299990886,7.433547515,7.107535471,7.475186006,8.250716565,8.379235232000001,8.520081396,8.449798753,8.56688997,8.817529423,9.179225207,9.486101197,9.440767233999999,11.39664043,12.043094400000001,11.316718,8.169960943,8.124963149,8.276606986,8.494624307999999,8.601689436000001,8.686710654,8.459357892,8.845336665,7.965594707999999,7.561642767,8.310280117000001,8.695894844,7.989164691,8.40375237,8.99413886,9.801268936,8.540653268,7.975831932999999,8.807628012999999,8.53704408,8.166551345,8.301832778,9.42195672,9.760843358999999
Ga0242637_113175,8.971660622,9.047243876,9.176091632999999,8.533011086,8.695124311,8.595153112,8.719582513999999,8.863846057,8.73864263,9.28080776,9.146198337000001,9.158180135,8.909345967,8.671924973,8.698746481,8.615956313,8.626101442000001,8.531969019,8.755482219,9.269539381,9.361241136,10.39037355,10.83172573,10.30515348,8.991540988999999,8.674831067000001,8.956089902,9.046007419,8.992260738999999,8.877617692000001,9.24465961,9.206709212,8.879872355,9.33425409,9.694831339,9.653485566,8.815433355,8.584344981000001,8.520594127,8.690868082,9.512548871,9.152228844,9.456218062,9.144444466,9.337744835,8.979599445,8.660954961,9.218902583
Ga0242637_113177,9.854371298,9.739363374,10.04926417,10.21950693,10.11668745,10.08044358,10.02850736,10.06345543,10.14480833,10.53263075,10.53620905,10.30991871,9.819509322,9.753927057,9.696098888,9.806804147000001,9.724729473,9.668495347999999,9.999413626,10.31390059,10.25667846,9.491320491,9.185727821,9.39385816,9.963899286,9.932699476,9.622476897,9.62065398,9.462177194,9.471726581,10.83375984,10.85309022,10.5699831,9.992053713999999,9.840432737,10.39710289,10.32990719,9.899509761000001,9.751492589,9.428327611,10.76775606,10.75074955,10.85790922,9.640612286,10.10366991,9.835330800000001,9.49565095,9.682673673
Ga0242637_113178,8.871694951,8.716684642,9.049967381,9.638220112,9.680459946000001,9.740328716,9.671024224,9.778699721,9.745815286000001,10.22053693,10.44785289,9.881558351,9.651594585,9.134875892,9.042616736,11.24796527,11.14719671,11.069681800000001,11.16807187,11.2693463,11.21600828,10.67584188,10.55814765,10.67146346,9.225387952,9.164704617,9.208802696000001,8.568911417999999,8.418912263,8.623799771,10.31354739,10.28036027,10.07950438,10.35114705,10.01869001,10.56756672,11.41909895,11.19040513,10.61524303,12.15722454,12.83144851,12.12175776,12.64222732,9.952949616,10.38941186,10.28900748,12.11425796,12.49630649
Ga0242637_113179,8.563068802,8.696867014,8.678648284,9.13863176,9.177071597000001,9.311052402,9.608096408,9.589690312,9.554794057,9.93574972,9.382112765,9.235826187999999,9.57698314,9.307562378,9.291768338999999,11.26704408,11.561996800000001,11.76527435,11.68691207,11.51578561,11.4618396,11.78884583,12.07905934,11.87271342,9.696284387999999,9.708492738,9.847595099,9.263989327,8.9964788,9.212937897,10.31169577,10.45236005,10.0249841,10.52710014,10.01009666,10.72406967,11.41718141,11.700508099999999,11.28170761,13.533308600000002,12.06389849,11.56167987,11.66803843,10.27532786,10.15691468,10.25277151,13.21172191,13.70984757
Ga0242637_11318,3.698529345,3.188618776,3.946745494,3.3965277680000003,3.404506301,3.803363006,3.8963039360000002,3.437259219,3.495777414,3.570748818,3.6635147669999997,3.275040208,3.642811276,3.594743442,3.456396836,4.4900135830000005,2.783394397,3.698969074,3.7340261939999997,4.182356513999999,3.469757717,3.500516376,4.240772454,4.24518793,3.752046685,3.453203863,3.4852798330000003,3.196494403,3.071269312,3.625076574,3.275786601,3.35722349,4.270630967,3.931277971,2.78199892,3.775624263,1.764951351,3.662028972,3.2994000619999997,3.042219942,3.761569239,3.9122902089999996,3.4946380269999997,3.465722858,3.4799555860000004,3.8395838010000003,2.638270533,2.685057094
Ga0242637_113180,7.3666339679999995,7.441993517,7.801428541,7.816915325,8.065957739,7.73023048,7.390006707,7.377868717,7.599815156,6.88661062,7.221310959,6.841918981,8.381746912999999,8.13905297,8.214946158,7.902489097999999,7.834639664,7.780696817999999,7.685943205,7.260440233,7.308046836,6.830653764,6.481331944,7.036428583999999,7.809798504,7.778794161,7.717544041,7.272824524,7.338030185,7.467533293,7.216493466,7.284956502999999,7.267966541,7.207391983,7.134284602,7.213833861,8.145612062,7.91630075,7.789041472999999,8.555715332,8.118543228,7.743791592999999,7.942320176,7.410734955,7.676512824,7.6957056470000005,8.292808402,8.607243716000001
Ga0242637_113181,8.625787604,8.684341299,8.659269232,8.830670957999999,8.791013096,8.93417285,8.814458679,8.65800402,8.766278548999999,8.585125821,8.096255424,8.03075094,9.051094795,9.029181624,8.997178087,9.221363786,9.26209528,9.262077585,9.669887253999999,9.504748631,9.529191673,9.258810453999999,9.512176647999999,9.464046000000002,8.440640169,8.615833924,8.777078211000001,8.201815672,8.364467511,8.48537518,8.658988877999999,8.813396069,8.4608419,8.17794487,8.210926696,7.939863817000001,9.201479492999999,9.283514682,9.715728061,10.04006002,8.871495537000001,8.703264068,9.210539662999999,8.630905607999999,8.034216107,8.294894787999999,9.720873564,10.08337198
Ga0242637_113182,4.28318584,4.363461633,4.3423987539999995,4.998533019,4.693851334,4.739118302,5.016341639,4.660392731,5.006240364,4.937774533,4.739976276,3.9268758439999996,4.565772871,4.774297383,4.77092408,5.860616327000001,5.852687421000001,5.909058272,6.394351991000001,6.344987747,6.435108205,7.253959365,7.517433931,6.945825704,3.930480587,4.640457153,4.497285518,4.613261821,4.685497855,4.459612024,4.551085283,5.003218235,4.137988429,5.030015719,4.633041184,5.055180197,5.29418298,5.978686848,5.773630285,7.623422682,5.829514431000001,6.071026256000001,5.447991032000001,4.51974777,3.712631568,4.900834924,7.317463146000001,7.741982628
Ga0242637_113183,8.522004125,8.555465406,8.359894412000001,8.352888209,7.99408749,8.198306314,7.47547666,7.4815538120000005,7.633559673,8.345169131,7.490013625,7.98505283,8.984319393,9.257624241,9.024612659,7.8389846279999995,7.724537455,7.599435756,7.03219648,6.141708631,6.366830345,5.819219846,5.318206933,5.8900235279999995,8.302106324,8.109492605,8.626545268,8.056910262,8.096210365,8.26439172,7.19253277,7.035832813,7.275615332,7.805206566,8.131645634,7.298173299999999,7.215019439,7.105083786000001,7.399318742,7.10296237,6.900059642,7.6542574210000005,7.446732691,7.868715542,7.366301684,7.990139891,7.118452405,6.85010341
Ga0242637_113184,9.626375216,9.286469456,9.36223197,9.348659027,9.341734712000001,9.27259188,8.948003299,8.976671393,8.796376662,9.402014662000001,9.154811909,9.316440194,9.856029068,9.659928387999999,9.690400361,9.091166083,9.120574629,9.197829039,8.896158796,8.794130385,8.847595209,8.248548482999999,8.445454209,8.404859151,8.83638763,8.754069572,9.226357584,8.662360162,8.773753466,8.689946955,8.743834373,8.795671161,8.663834439,8.912084505,9.42617527,8.893109774,8.849961667999999,8.90289733,8.738724339,8.406577673,9.252784118,9.17493665,9.365914487000001,9.130878454,9.276302281,9.177393531,8.511617672,8.365955214
Ga0242637_113185,8.938235617,8.811883638,8.769240475,9.21265066,9.108537174,9.033523745,9.08661193,8.868352657,8.854751998,9.17030792,8.728247391,8.743677723,9.04658752,9.118771091000001,8.907673697,9.411073971,9.419137091,9.485895713,9.627907273,9.176237042999999,9.229879496,8.871996844,9.18966155,9.223176684,8.656539493,8.911765779,9.074708664,8.797973406,8.440746766,8.643964351000001,8.553250971,8.553507444,8.748684582000001,8.699747294,8.666480306,8.628022575,8.755983544,8.943163194,9.346319229,9.586045333,9.674614707,9.659678358999999,9.823222121,9.235994048,8.82275093,8.962189038,9.485350896,9.501007478
Ga0242637_113186,8.005842191000001,8.198291206,7.806471684,8.406687322,8.586308041,8.67682055,8.688904914,8.547127953,8.38959573,7.818071841,8.874481374,8.687727399,8.274041196,8.179143215,8.488903419,7.518312138,7.78930113,7.991602027000001,8.249344399,8.470095789,8.295726814,7.726305915,7.426988232,7.608668442999999,7.73806119,8.041826057,8.018969192,8.114742162,8.194957567000001,8.251306526,8.565735058,8.329562409,8.349332201000001,7.734917675,8.261458713,8.445366741,7.284016434,7.478426019,7.940530014,7.817750045,8.261493821,8.075760425,7.771257012,8.910407501,8.895389366,8.864828256000001,7.969742385,7.948197971
Ga0242637_113187,8.329165408,8.260371837000001,8.307504685,8.447186424,8.46860823,8.545521102,8.445237735,8.489784223,8.532354804,9.248332084,9.146198337000001,8.764111986,8.374571672,8.432329264,8.432665833,8.479846672999999,8.642126722999999,8.758486427000001,9.041260928,9.139205699,9.184393251,8.230915579,8.154819309,8.284394531,8.271165276,8.548596106,8.439761679,8.254218744,8.187597075,8.098942794,8.540657892999999,8.521513909,8.301448201,8.246907515,8.13616635,8.267190237000001,8.31996229,8.262375401,8.113236602,7.664439853999999,8.609799144,8.630021438,8.897716417,8.641878666,8.488950603,8.434013495,7.532886292000001,7.332287833
Ga0242637_113188,8.14758711,8.316647386,8.278765434,8.429968713,8.520688039,8.576054174,8.402243025,8.299324021,8.40139439,8.360445037,8.578362913,8.14943083,8.514970457,8.379235232000001,8.233876312000001,8.52088915,8.670531087,8.522741887,8.146667333,7.643767938,7.593123265,7.403161433999999,6.289057454,7.350761500000001,8.37667402,8.136458119,8.447267262999999,7.657165512000001,7.866589133,7.966422439,8.36608024,8.240647183,8.467533129,8.233376254,7.9586746470000005,8.180996596,9.156209882,8.89607571,8.99413886,8.936642313,8.575640487000001,8.486977316,8.716260336,8.692890241,8.922381377,8.693412396,8.987219994,9.065639192
Ga0242637_113189,6.851486391,6.836763426,6.778519832000001,7.106656243,6.8240000929999995,6.8447858010000004,6.585671057000001,6.556514126000001,6.509635371,7.223968555,7.295925841,6.976526291,6.622206884,6.750492763,6.559326391,7.150837057,7.110817937,7.235139867999999,7.336667306,7.691069027999999,7.61288418,7.608328575,7.466447467999999,7.510969952000001,6.720552861,6.61803693,6.969542612000001,6.68482585,6.482553717,6.505801972,6.52926659,6.506166765,6.667851638999999,6.933716975,6.537919477999999,6.424000522999999,6.985673822000001,7.105083786000001,7.523708729,7.311059351,6.9183599120000006,7.402584952000001,7.072197482000001,6.683347072,6.539195511,6.466157443999999,7.481972697000001,7.155377075
Ga0242637_11319,7.908284196,7.494611288,7.750002638,7.890097479,7.658538752,7.534899533,7.765193941000001,7.9497727860000005,7.606627536,7.994900374,7.24302656,7.586494322,7.39276843,7.2257637589999995,7.528410831,7.692686315,7.496681842999999,7.483706892000001,7.234312005,7.235126064,7.1945814,6.192437593999999,6.580665552999999,6.40791227,7.01030417,7.105456932,7.155240818999999,7.281269958999999,7.255927999,7.374021431,7.118163414,7.123747099,7.583538408,7.395372272,7.097650727,7.219612659,7.692022105,7.422538112000001,7.332852503,7.057477574,7.380992631,7.923145217,8.058493022999999,7.283333551,7.070461826,7.700964562,6.704052000000001,6.574841795
Ga0242637_113190,5.082054823,4.8396225489999996,4.737150617,4.7587211819999995,4.946538308,4.993760535,4.669329099,4.92918289,4.679316307,5.2342578269999995,4.306336811,4.429408888999999,4.965630485,4.890821606,4.904735846,5.705893862999999,5.737633576,5.889987305,6.62779767,7.087343419,6.6797983279999995,8.101052949,8.138629441,7.972050427999999,4.899551132,5.523343122000001,4.813450465,5.073796326,5.089265216,5.135602143,4.949863798,4.960939729,4.953816253,5.121895423,5.4427701079999995,5.15595604,6.497069943,6.029579036,6.074870743,7.271774542999999,5.266368163,5.413829457,5.698872497000001,5.169295167,5.280719161,5.342441495,6.686156919,6.832094877
Ga0242637_113191,6.675250136,6.958358731000001,6.457619713,7.923291915,7.947279042000001,8.044018078999999,9.367069085,9.089052212,9.42210168,8.333605085,8.177412556,7.515932554,7.371293898999999,6.975458047999999,7.337363377999999,8.261978419,7.889378987000001,8.115448113,6.990927757000001,6.824195716,6.698428825,8.222017624,8.028718824,7.608668442999999,6.991433421,7.041646512000001,7.164381771,7.363109378,7.13863432,8.069424092,8.485875777,8.164424187,8.805243173,8.153007243,8.232197264,8.031384222,8.838543814,9.982350826000001,9.097808822000001,9.109933838,8.702407642999999,8.238612342,8.401271182,9.154056957,8.262629092000001,8.238155648,8.865419682999999,8.813895574
Ga0242637_113192,9.772124526,9.898560635,9.737052604,9.903374254,9.881785145,9.745222036,9.673436916,9.665444124,9.831155643999999,9.989544518999999,9.632875877,9.579229532000001,9.749132179,9.852834688,9.764951726,9.680540479,9.504008522000001,9.53260903,9.431254122,9.431454942,9.167794208,8.831623459,8.364242692000001,8.785118519,9.493431177,9.465871781,9.66975723,9.065688368,9.123402573,9.095829143,9.376278089,9.312285212,9.488670633,9.257794415,8.826068961,8.813231669,9.408692287000001,9.474201457000001,9.593356321,8.91131264,10.07990703,9.91415777,10.20059087,9.391985927,9.321614327999999,9.440449272999999,8.83329201,8.813895574
Ga0242637_113193,7.913586724,7.9860578470000005,8.105481066,8.033801237,7.9802037839999995,7.94113974,7.733163858999999,7.68944634,7.855677999,6.854579569,7.059384797000001,7.345544,8.721358286000001,8.512964873,8.44354816,7.608133735,7.259571622999999,7.272334487,7.004815763,7.914760661,7.64202684,9.284676722999999,8.465062233,8.682304457999999,8.070132043,7.822151486,8.083009652000001,7.37104345,7.861972274,7.753994817000001,6.8688132170000005,7.005294172999999,7.205269395,7.666071829,7.890737478999999,7.615515705,8.681250452999999,8.774882185,8.623005902000001,8.075143231,6.2900204639999995,6.861723825,6.58555591,7.679299342,7.899410702999999,7.959753367,8.163101271,8.415134612000001
Ga0242637_113194,6.712265437,6.600966907,6.592340957999999,7.257488314,7.172377202000001,7.335106577,7.519069869,7.556097384,7.508194229,6.645812063999999,7.356944218,7.078010547000001,7.502190467999999,7.06381359,7.183519037000001,8.419111545,8.698386921,8.568298395,9.000281471000001,9.176237042999999,9.245783158,9.155123612,9.302945936,9.180135036,6.776755546,6.692680542000001,6.548470468,6.710082709,6.529946292999999,6.924123613,7.176334751000001,7.215523833,7.053354055,6.933716975,7.134284602,7.325224282000001,9.011197379,9.523722165,8.879854592000001,9.916080415,8.23255386,8.10983512,8.240041159,7.636042152999999,7.798106487,7.752525006,9.927097776,10.2176326
Ga0242637_113195,7.568397887000001,7.447935677,7.354973552000001,7.57203857,7.418797831,7.477225875,7.273919396,7.433688284,7.338504287999999,7.155529801,7.346952184,7.11031001,7.40690909,7.381196406,7.523289472,7.319907353,7.138209295,7.242655978999999,7.541038381,7.272932517,7.141135131,7.635392603,7.984110162,7.3787301020000005,7.40188096,7.568561275,7.200376567999999,6.962089227000001,7.234650297999999,7.185034875,7.5413369470000005,7.554645612000001,7.349950425,7.2280150679999995,6.991822982,7.270604904,7.284016434,7.344481926,7.766839486,7.422871234,6.9183599120000006,7.163887002,6.626329062999999,7.311106634,7.163949333,7.486270168,7.492300275,7.523876547
Ga0242637_113196,5.260571412,5.568205688,5.40772777,5.604439012,5.4312682,5.058786706,5.016341639,5.030295955,5.087212789,5.017927646,5.118479175,4.7960525910000005,5.245276071,5.257948309,5.292855855,5.334814583,5.355301328,5.0177777,4.769522941,4.79203651,4.790629011,4.393970655,3.6101325589999997,3.8026455180000003,5.4383337670000005,5.475604103999999,5.840561032999999,5.3575774130000005,5.5017513760000005,5.348752844,5.130586303,5.160708887,5.1002818780000005,4.998011383,5.113784613,5.055180197,5.422921493,4.737982187,5.170885915,5.238749722,4.870542887,4.754924248,5.353497345,5.471438399,4.896774386000001,5.138789554,4.94560721,5.246040917
Ga0242637_113197,10.73841713,10.73969841,10.94756727,10.90865359,10.98251119,11.03504546,10.90206019,10.9056308,10.89625786,10.71376424,11.82276565,11.40208062,10.81342495,10.894298800000001,10.79586973,10.65495362,10.79185706,10.75336896,10.7122546,10.97387136,11.03291497,10.20640107,10.33303052,10.10003107,10.66308362,10.752039300000002,10.60958974,10.78292071,10.72615118,10.72434397,10.75691496,10.68996933,10.75978055,10.47344028,10.53484051,10.42861248,10.40148728,10.34241303,10.4578839,9.943410341,10.83547445,10.76578602,10.93084415,10.76754272,10.96935441,10.80332934,10.19226234,9.894724648
Ga0242637_113198,10.56734051,10.51765443,10.74647706,10.59135698,10.5640532,10.54488331,10.43978581,10.54020923,10.50246104,10.26484122,10.65834832,10.84713348,10.89966999,10.90756816,10.83461795,10.67457159,10.37314815,10.34065715,10.36755218,10.13565987,10.21366169,9.415304042,9.588648048,9.261221389,10.25624027,10.053819500000001,10.33808391,10.13898295,10.40217336,10.32404684,10.46367037,10.46456322,10.4339773,10.06356369,10.11342799,10.28519892,10.23295043,9.919829755,10.13942187,9.58069965,9.805638437,10.07284471,10.04595014,10.70483384,11.00135096,10.82516154,9.689811967,9.531990053
Ga0242637_113199,10.4353484,10.5979792,10.80180668,12.25507333,12.22683758,12.22930958,12.41623804,12.40408019,12.35728197,9.450997061,11.15412244,10.12348979,11.32742703,10.91479342,10.66832905,12.99742111,12.84039552,12.88507192,12.4846606,12.50752259,12.46010184,12.32694638,12.5149825,12.44114657,9.998546855,9.847850524,10.38377762,10.46033739,10.27513103,10.85477644,11.32950562,11.350622900000001,11.27415886,10.45679973,9.770922181,11.71172612,13.21150191,13.27597262,13.17102723,13.93667774,13.32315431,11.84313391,12.40538431,11.74037205,11.61233202,11.51850782,14.16879112,13.99514214
Ga0242637_1132,3.79986984,2.884693773,3.0999819539999995,2.8641280410000003,3.404506301,2.891426793,3.388118941,3.8060999410000003,3.3591003539999997,3.450563658,4.218583159,4.024865287,4.458824889,2.913262576,3.357279135,4.281559972,3.586637633,3.4955664389999996,2.620112537,3.261710257,3.8028251330000002,5.094429967,4.668031599,4.845648752,3.752046685,3.0702452019999997,3.349279727,3.350872453,3.82616232,3.73698757,3.821877488,4.096620832,3.733234295,3.781920535,4.278211688,3.962010465,4.090071432,4.3045167,3.938295756,4.864979065,3.761569239,4.351588736,3.4946380269999997,3.6664255989999996,3.712631568,3.5704800810000004,3.442297762,4.459495233999999
Ga0242637_11320,8.852500032,8.981192516,8.740549155,9.062471841,8.986540217,9.00116113,9.146887906,9.162447378,8.970151531,9.062360117999999,8.561185539,8.468665424,8.782269583,8.709560066,8.987916047999999,8.817650354,8.935313138,9.049383399,8.557833631,8.776698997999999,8.693769073,8.504787106,9.145789053,8.710079206,8.916049241,8.845613882,8.883259256,8.792078022,8.925252655,8.734508939,8.439144566,8.678053557,8.672547602,8.450667565,7.767932094,8.105012045,8.384200191,8.943163194,8.97247989,8.376041256,9.047959191,8.859620997,9.127863796,8.866645587999999,8.25415446,8.569536088,8.395397101,8.235128957
Ga0242637_113200,9.846077202,9.805627608,9.850022051,10.19932696,10.22953265,10.12053886,10.34004453,10.36314461,10.46266355,10.48551708,11.15125568,10.59580854,9.694000518,9.710626607,9.580085939,10.81082165,10.89575834,10.99658757,11.66577547,11.96855879,11.91498773,11.96580961,12.24890942,12.02807611,9.854665353,9.83262218,9.829043478,9.332608016,9.437569643,9.386531076,11.00967102,11.1472745,10.69924729,10.16859635,10.53312781,10.65860868,10.57663413,10.60753543,10.58543153,10.95195428,11.150783,10.86087996,11.39950036,10.40496615,10.33621126,10.3737489,10.96809956,11.00850238
Ga0242637_113201,7.9029621,8.002297794,7.801428541,8.656577707,8.546039373,8.643134056000001,9.118836188,9.234035573,9.247915435,9.368410662999999,11.28738887,10.41056173,7.841037664,8.06150742,7.746256895,9.039648453,8.99393118,9.162620107999999,9.227369998,9.523158101,9.465425458,9.39960799,9.783430072,9.287268025,7.972525702,8.144070849,7.717544041,7.701880875,7.50133693,8.054435042,10.29679664,10.42475977,9.707943547000001,9.394760529,10.06209354,10.27760535,9.520089691,10.01419966,9.518942027000001,10.46684735,9.24193502,8.789878697999999,9.288733079,8.372215147,8.384113088,8.41494221,10.44036978,10.73233977
Ga0242637_113202,6.795104112000001,6.45503134,6.615536061,6.810838781,6.771185953,7.118270661,7.18873664,6.946086286,6.9985130060000005,6.595000476,6.34516328,6.358714253,6.534686295,6.758081747,6.355171232999999,7.223707786,7.558799347999999,7.749390145,7.966894292999999,8.06594115,7.952314707,8.230915579,8.747187688,8.431799251000001,6.685747058,7.057866001,6.629968471000001,6.404397687,6.705297705,6.723795598,6.490453652,6.181002964,6.679437376,6.707550805,6.643416055,6.530215233,7.026523678999999,7.422538112000001,7.601046655,8.286931007,7.577956478,7.2148940679999995,7.7621471589999995,6.909215849,6.422869211,6.607421062,8.156623975,8.347071866
Ga0242637_113203,3.00145839,2.422088851,2.930832432,3.677498875,3.1258350760000004,3.055524389,3.667967475,3.19900412,3.7300873130000003,3.1652587430000003,3.152346767,4.116088736,3.28524747,3.43792384,2.836309725,3.7318454780000003,3.798069659,4.34968863,3.8692144980000003,4.287870375,3.003423942,4.737776482,3.6101325589999997,4.365241902,4.354923841000001,3.5570608089999998,4.30716112,3.0165719139999996,2.905376211,3.0280757019999998,3.7303142510000002,3.493771372,3.278155795,4.065284571,4.135963082,4.223785943,3.19781202,5.69298164,4.4232196539999995,5.815991866,4.198123123,5.275578888,3.6742944960000004,3.351217807,1.764951351,3.224318896,5.317895342,6.390139383999999
Ga0242637_113204,7.815023672000001,7.914922082,7.781077725,8.235568357,8.303756984,8.397958137,8.561828887999999,8.285910558,8.432393645,7.8882662429999995,7.938896147,7.54772042,8.084763438,8.085814698,7.89243021,8.621358076,8.710596699999998,8.660928086,8.576541104,8.502269994,8.656180134,8.938683366,8.884573361000001,8.607483042,8.247515971,8.21806656,8.263911741,8.037105891,7.861972274,7.923069696000001,7.868071807000001,7.956789685,8.039313917000001,7.517656999,7.554826387,7.875455499999999,8.504682213999999,8.384384447999999,8.802856047,9.264623232,8.637659504,8.747221373,8.838286876,8.52820042,8.376324855,8.352830476,9.142773546,9.103634647
Ga0242637_113205,7.374347785,7.356124111000001,7.291631281,7.440627635,7.59314207,7.595784494,7.787644665,7.820832504,7.698768082000001,8.565487451000001,8.270190135,7.87660873,8.102244829,8.215397753,8.313151923,8.935086204,8.981389197,9.318263343,9.974946066000001,9.574497942,9.74373417,8.954884202999999,8.869938679,8.998359994,7.275017955,7.387957512000001,7.191461802,6.897615492999999,6.951306668,6.924123613,9.898294861,10.33660045,8.926753961000001,7.460717707000001,8.131645634,7.964154665,10.00681999,9.45576397,9.895273927,10.40618808,8.809162002999999,8.471336566,8.842614002000001,8.395095193,7.910239703999999,7.994429027000001,10.33389347,10.17365745
Ga0242637_113206,6.27426864,6.124391144,6.470401914,6.871662912000001,6.971730011,7.148152056,7.407510908,7.3651652620000005,7.322039585,9.045920444,8.728247391,8.215228108,7.4553368220000005,7.508057843,7.518149855,8.349209651,8.670531087,8.839990982,9.86321082,9.940102251,9.924546856000001,9.107608763,8.969394242,9.106809666,6.673955573,6.877706826,6.681844582999999,6.672029281,6.518243705,6.061131447999999,9.511478452,9.986930991,8.652134409,7.889586542999999,8.171830844,7.946845908999999,9.520089691,8.789680158,9.12424053,9.771079328999999,8.504796282000001,7.769602536,8.643724295,7.503920592999999,7.501364735,7.36560653,9.703206055,9.727164063
Ga0242637_113207,7.8706103370000005,7.99825492,7.750002638,7.967721501000001,8.048323149,8.125102908999999,7.751553788,7.621645373,7.867069386,7.092857844,6.971043474,6.816033568,7.468879679,7.720927037,7.692523344,7.165708966,7.538389448999999,7.496335687999999,7.136794931,6.480559145,6.905001625,6.396353526,6.134042288,6.461263513,7.49857432,7.510837876,7.667002936,7.386781772999999,7.234650297999999,7.504774547999999,7.7195377039999995,7.688761625,7.637950588,7.158091777,7.152258108,7.178665832999999,7.473160292999999,7.698317935,7.656443894,7.752672717,8.247096423,7.786556685,7.982093365,7.2972869860000005,6.863048794,7.4678767310000005,7.62961768,7.741982628
Ga0242637_113208,11.08996264,11.037276,11.18240137,10.98431471,10.96675879,11.09999339,11.4129849,11.40161811,11.42732956,11.20484172,11.19088097,11.47465005,10.76965665,10.82380109,10.88787168,11.10491747,11.17169042,11.33863213,11.53080962,11.259184199999998,11.31580766,11.72179175,11.62701856,11.40687471,11.42775293,11.27874285,11.57981427,11.98296297,12.20935646,11.99273756,11.88685841,11.93585235,11.68844597,11.8288271,11.90505369,12.02520739,11.14562776,10.86847895,11.18510561,11.62271963,10.14346795,10.22980414,10.50080481,11.80372573,11.74751498,11.53442494,11.96240758,11.61244949
Ga0242637_113209,9.285617337,9.176289327000001,9.45666123,9.746490162,9.568949725,9.529595029,8.88485945,9.083248683999999,9.212637987999999,8.57860936,8.439558492,8.210271985,9.645646431,9.558290292,9.543887066,8.812936954,8.971276503,8.688696039,8.345195325,8.564542309,8.424283045,7.675059347,7.196087837,7.572802832000001,9.120810065,9.142075954,9.089172872,8.818419557999999,8.615467863,8.55801954,8.159210013,8.223071374,8.601322564,8.631755301,8.104219667,8.351155801,9.279548484,8.882334924,9.179900068,8.710581142,9.965858586,9.483774637,9.823222121,8.754849964,8.900828323999999,9.026422127,8.758276635,9.084762009
Ga0242637_11321,10.72415646,10.90048436,10.66970143,10.92513093,10.81861815,10.85944887,10.87401501,10.76166255,10.77226683,10.07188185,9.860547356,10.08339934,10.71673843,10.94000895,10.74509909,10.40231287,10.34111243,10.28444527,9.810849762,10.00328912,9.986433997999999,10.00070249,10.55357621,10.21110224,10.38192758,10.23758463,10.4375195,10.42553733,10.5742961,10.48918181,10.53999077,10.54190599,10.58621259,9.933643497,9.630609851,10.17506966,10.06186028,10.44412108,10.33785555,10.39861304,10.68072277,10.50792651,10.91859999,10.65493084,10.69352167,10.69222287,10.19542518,10.37814453
Ga0242637_113210,8.898680641,8.922675096,9.164356806,9.387824177999999,9.401980522,9.27259188,9.204746049,9.254837162000001,9.30764834,9.733572613,9.490428002,9.126964706,9.729582854,9.334435707999999,9.434962049,9.751225454,9.786589487999999,9.653074388,9.731695514,9.582043732,9.667856237999999,8.644525014,8.210094156,8.779886115,9.294328205,8.922870862,9.138685164,8.501866411,8.590571143,8.174827439,9.250470827000001,9.005537549,9.251472139,9.287557583,8.848278967999999,9.025950575,9.512924926,9.514843918,9.429923315,9.124702314,10.47220052,10.14362424,10.29990961,9.498443812,9.570548347,9.583950003,9.300903133,9.114840843
Ga0242637_113211,8.309188912,8.410897299,8.332190207,8.624143142000001,8.514279971,8.508583005,8.363915292,8.396135751000001,8.405305927,9.157247998999999,8.708880071,8.405026401,8.76865022,8.761406868,8.691917771,9.07156873,9.030915853,9.287723096,9.296702318,9.453562456,9.432453268,9.126802908,9.087949403,9.085762179,8.567026951,8.653655693,8.509535454,7.810873693,7.973178573999999,7.796657436,8.449286636,8.485112914,8.278800068999999,8.303039885,8.236413992000001,8.070267302000001,8.872529779,8.861475172999999,8.800126204,8.57735024,9.42892516,8.97502602,9.410315979,8.548751911,8.422435685,8.395615385,8.619168331000001,8.73378201
Ga0242637_113212,9.031404506,8.909820741,9.201194281,9.530613484,9.429483813,9.315994236,9.164147209,9.230539292000001,9.384950435,11.26441551,11.87929712,10.31454403,8.657761121,8.71151392,8.640827683,8.88207021,9.04785614,8.970141063,9.154536552,9.853383238,9.75489047,12.67052754,12.54791534,11.25206412,8.854764138,8.450707892999999,8.812378923999999,9.109012674,8.477425152,9.466074935,8.805662395,8.734963987999999,8.902269456,11.08746463,10.50457075,11.02796677,9.41639245,9.334862603,9.137276965,8.670881889,14.28155107,13.54281726,14.59100213,8.318513517000001,8.399564521,8.39885456,8.526764465,8.854573428
Ga0242637_113213,9.132623787,9.239297569,9.170236151000001,9.29894876,9.254080466,9.512476151,9.403859025,9.320442605,9.245735689,8.306256204,8.704975207,8.476942375,9.313691151,9.229266728999999,9.183965244,8.986222655,9.150011247,9.312920652999999,8.807878429,8.459209572999999,8.462895965,8.248548482999999,8.432232528,8.418392095,8.317331453,8.074064938,8.366440424,8.619724835,8.658694716,8.709213754,8.933982416000001,9.109627271,9.00242342,8.421133034,8.094960545,8.536116222999999,9.630135727999999,10.09385897,9.960292394,9.392164826,9.312767241,9.280416228,9.938880158,9.277041594,9.121859537999999,9.243742052,9.464527506,9.328849358
Ga0242637_113214,9.878971261,10.01116204,10.02783775,10.09578311,10.04292764,9.937054516,9.677048403999999,9.493784063,9.553032249,9.314530433,10.02617774,9.46944916,9.896664382,10.04946391,9.772522941,9.327619919,9.53351728,9.543294551,9.418349812999999,9.49678637,9.523984162,9.073391945,9.20529007,9.223176684,8.305927699,8.400744016,8.812378923999999,8.806771552,9.119540253,8.984270402,9.223149266,9.291357555,9.138617874,9.159276719,8.992362057000001,8.801725756,9.804570499,10.02986424,10.06633186,9.178775378,8.899380875,8.922316927999999,8.81645438,8.591828912999999,8.328691121,8.814780449,9.493082823,9.315960255
Ga0242637_113215,5.419130355,5.809724601,5.535401821000001,5.429665733999999,5.4849991860000005,5.237648343,4.629378226,4.781957151,4.387612859,4.614551348,4.12472298,5.086255088,5.896045455,5.746015131,5.4313862429999995,4.753392565,3.979426665,3.8739550510000003,4.206860836000001,3.942535777,3.8028251330000002,4.51831327,5.197383578999999,5.380361131,4.899551132,4.293160833,5.071195536,5.150240853000001,5.324007009,4.884561763,5.290825408,5.197488063,4.700824776,5.262906055,5.254644798999999,4.733919193,4.377864054,4.3045167,4.01929759,3.7022288089999997,3.923781767,4.442236701000001,3.9712646019999998,4.567563977,4.079391123,4.863306925,4.250125233,3.045854701
Ga0242637_113216,7.757208084,7.465616597,7.821496144,8.38897631,8.507843307,8.318100162999999,8.475972143,8.483922446000001,8.675265331,8.610901209,8.43485074,8.229995106,7.646223174,7.517025436,7.371965123,8.419111545,8.184634625,8.175562734,8.696842322,8.965468083,8.9167791,8.825762473,8.39182438,8.246960536,7.186548735,7.419673435,7.580896624,6.795147653,6.642017826,6.773499937,8.502205258,8.455315909,8.692675947,7.734917675,8.00390081,8.241868644,8.235420032,8.186126118999999,7.8641622,6.710858849,9.263552234,9.274420511,8.974643869,8.806964074,8.793809317000001,8.762933659,6.993114274,6.574841795
Ga0242637_113217,9.517428352,9.73086217,9.516346106,9.610470466,9.564304932999999,9.556291195,9.170993524,9.136527942,8.985908646,8.721509174,8.578362913,8.817229149,9.617052869,9.838602752,9.73426315,8.566407986,8.425899624,8.349170083999999,7.531479468,6.807111346,6.716821295,6.574910802000001,6.556467632,6.6338002970000005,9.094541524,9.11521925,9.408477156,9.318322787,9.369278415,9.228599966,8.641404051,8.53225746,8.701217137,8.610978272,8.357502965,8.236180739,8.399822399,8.384384447999999,8.913080557999999,7.5042103529999995,8.317687917,8.471336566,8.47001242,9.065147739,8.620041163,9.059545081,7.901649844,7.466693744
Ga0242637_113218,10.14095279,10.07108062,10.13593386,10.22617134,10.1324625,10.1732306,9.841629974,9.798906009,9.842739223999999,10.01992254,9.645154477,9.801445487999999,9.795534555,10.06023641,9.862436034,9.192623336,9.013774268999999,8.822551192999999,8.219896544,8.247746052,8.005602315,8.000569135,8.046182986,8.269537313999999,9.50511187,9.539865541000001,9.578728682000001,9.362751038999999,9.442215645,9.398449176,9.478847588999999,9.391120089,9.519583403,9.495962302999999,9.121073507,9.098273877999999,8.969932356000001,9.39416082,9.338815039,7.835816606,9.245560459,9.62711307,8.9981085,9.53862701,9.434668833,9.585372161,8.083385014,7.879765047
Ga0242637_113219,7.892258618,7.6675271039999995,7.81149725,7.730472615,7.748660294,7.459464064,7.719215845,7.390461198,7.558250763999999,7.476254328,7.462514627000001,7.515932554,7.42786335,7.709238535,7.51299185,7.518312138,7.724537455,8.018112544,8.317659001,8.279036241,8.301825687000001,8.265968422,7.8413548760000005,8.239355723,7.4783933110000005,7.5854370620000005,7.4299291279999995,7.583970816,7.48341096,7.597326585,7.030763461,7.123747099,7.026401446,7.314121274,7.442485791,7.015497291,7.284016434,7.496584004,7.709791271,7.80863117,7.313481831,7.137690077,7.171906731,7.135823863,6.92846714,6.918778087000001,7.977113517,7.600303615
Ga0242637_11322,9.610140407000001,9.666091445,9.779978833,9.64693877,9.797222157,9.763425567,9.656462721,9.70124838,9.522747546,8.826988337000001,9.090417857,9.286146724,9.827413182,9.870429416,9.658065834,9.683125493,9.189802738,9.047239997,8.892430792999999,8.984573579,8.944329486,9.343286606,10.06831024,9.341547318,9.120810065,8.850274768,9.349620975,9.080274852999999,9.30271161,9.354259551,9.664402091,9.69188826,9.545111087999999,9.132192587,8.902352475,9.287515743,9.369562627,9.408612202999999,9.241562613,8.894175678,9.108938582999999,9.359010115,9.433449579,9.660981124,9.697851759,9.780512711,9.181569921,9.169602099999999
Ga0242637_113220,8.755451997,8.874971711,8.549269288,8.72405414,8.418014257000001,8.508583005,8.672111933,8.478036751,8.665513918,8.169843552,9.661365051,9.124332673,7.887151058,8.561435846,8.640827683,6.758010548,6.647264568,6.971242087,7.280702803,7.874352581,7.5730877439999995,8.16744536,8.503496315,8.254525462,8.51184978,8.788475992,8.366440424,8.750121601,8.716092648,8.765516639,8.358924757999999,8.668346306,8.516751781,8.109227516,8.494074539,8.522161509,6.6089580539999995,6.72840642,7.086151866,6.630266219,7.089610639,7.111008073,6.980871821,8.325336584,8.166551345,8.291413237999999,6.773487642999999,6.638418239
Ga0242637_113221,5.561794167,5.500861604,5.535401821000001,5.849499729,5.346669737,5.2653818569999995,5.48359454,5.63113131,5.687892007,6.032587104,6.197054432000001,6.3223680270000004,5.813267869,4.945647534,5.409213908,5.823474616,5.7134700160000005,5.5684664370000005,6.394351991000001,7.142851812000001,7.042551327999999,8.021233793,7.671689705,7.925416898,5.784945531,5.8935302720000005,6.072413452,6.324829715,6.316763747,6.476075542,6.101270058,6.234718755,5.618987796,6.637293215,6.510290928,6.502016571,6.018255341000001,5.978686848,5.448837205,6.8418748460000005,5.867785784,6.071026256000001,6.068599891,5.471438399,5.346438148,5.315075955,6.452022828,7.034623732999999
Ga0242637_113222,7.1767666839999995,7.039328875,7.014851951,6.888579639,6.88492203,6.826416382000001,8.032880908,8.044422345,8.291562063999999,6.645812063999999,7.03469228,7.372421935,7.153742127999999,6.87436224,6.738081898,8.322926763,8.613151787,8.992592986,10.31838857,10.90935385,10.84316028,10.93461495,10.93140678,11.04193902,6.80945343,6.573578405,6.6945266729999995,7.043797226000001,7.276896138,7.070450204,8.957857914,9.046081294,8.872328708,7.389282232999999,7.8582687710000005,8.324600475,8.069508682999999,8.020352377,8.148006843,9.002091132999999,8.188025139,7.876400639,8.418766049,8.772431358,9.255225802,8.977434601,9.092763158,9.276587246
Ga0242637_113223,5.082054823,4.363461633,4.77944872,4.422193692,3.8193379060000003,4.47645793,4.545852507,4.857499627,4.828841676000001,3.9610702360000003,5.210283856,4.9960046369999995,4.66504715,4.712183976,5.1661135410000005,4.583471988,4.875340189,5.120220928999999,5.11866428,5.581083416,5.047435514,6.5466481420000004,6.531855815,6.6103830089999995,4.525876352,4.293160833,4.30716112,4.7182830000000004,4.8834896080000005,5.015657664,4.9879069110000005,4.174672094,5.264318318,4.67152528,4.915351868,4.829070251,3.19781202,4.737982187,4.363716926,4.864979065,4.526930893,5.010237392,5.660000498,4.862887133,4.489924871,5.2296682930000005,4.750068729,5.131981726
Ga0242637_113224,13.3660136,13.25529562,13.28585887,13.56958805,13.45626687,13.39829427,13.31277113,13.42599536,13.44842755,12.95350425,13.3040989,13.18814485,13.31815136,13.30754539,13.26062589,13.47342457,13.46386272,13.39808546,13.34818216,13.44422461,13.40768043,13.06750104,13.07021247,13.11990384,13.08617769,12.88908804,12.97873127,13.1243451,12.95288342,12.91201373,12.70284971,12.62323845,13.08807747,12.73239507,12.58692149,12.76572151,13.48346433,13.78254241,13.30522503,13.46350529,13.27296825,13.22750929,13.38440307,13.18833528,13.39943206,13.48013645,13.40699322,13.50258529
Ga0242637_113225,10.35481818,10.43483724,10.30756263,10.50630493,10.5764082,10.5574569,10.97965805,10.90672653,10.84965586,10.64136051,12.372929,11.72838474,10.39289372,10.53258323,10.56872591,10.58618363,10.73621227,10.86952233,10.52992145,10.24743982,10.34348624,9.936887505,10.19504024,10.09793029,9.93458247,10.04266409,10.12883323,10.23662329,10.24531302,10.39615462,11.62732182,11.88017767,11.02765768,10.56607455,11.39911654,11.34111282,11.06219326,11.57799994,11.40764444,12.46998563,10.48452538,10.22670243,10.50353996,10.69959236,10.53467291,10.56536909,12.23136389,12.60989427
Ga0242637_113226,8.743593147,8.857226319,8.895279521,8.835037623,8.920229905,8.70723265,8.740445015,8.841099421000001,8.625835379,8.473647881,8.467486831,8.435074333,9.077846648,8.918513777000001,8.893855044,9.095053807000001,9.226401807,9.250945536,8.877421687,9.260162511,9.242616421000001,8.802077452999999,8.903858142999999,8.846470267,7.918634245,7.900653682000001,8.092614437,7.868045031,8.023657583,7.961074083,8.527953904,8.451547628,8.248038517000001,8.153007243,7.932922315,8.004867281000001,8.959428987999999,8.929865731,9.027197227,9.189350957,8.609799144,8.630021438,8.603493392,8.378789421,8.510457671000001,8.284424824,8.972545607999999,9.034505431
Ga0242637_113227,7.554886081,7.167324336,7.240365497000001,7.364106163,7.008693544,7.024718205,6.511995389,6.928918147,6.495007557999999,7.2322993229999994,7.366867463999999,7.398807862999999,7.5347489439999995,7.561045324,7.486921327,7.618977966,7.5176864629999995,7.364774649,7.753276982,8.058746917,7.936720895,7.763579935,7.625959592,7.572802832000001,6.673955573,6.682251237000001,6.589796307,6.886583612999999,6.553069735,6.534926592000001,6.697717175,7.123747099,6.584030227,6.793119204,7.10689688,6.492492842000001,6.6089580539999995,6.78863294,6.561828564,7.0727992660000005,7.073373025,6.347729934,6.980871821,5.93273484,6.082718732000001,5.986003596000001,6.686156919,6.813858297
Ga0242637_113228,8.781783242000001,8.741079841,9.026391553,9.433172622,9.193206948,9.354931049,8.870210369,8.999448055,9.052267951000001,8.009510013,8.301560594,7.967535689,8.926619276,8.891192313,8.769642815,7.4831319,7.771924806,7.189200961,6.976904564,6.624096125,7.127457992,6.396353526,5.922806584,6.2038558429999995,8.712310895,9.059957658,8.48056731,8.232615032,8.290814038999999,8.238101531,8.696369495,8.466562042,9.007023521,8.390981096,7.863731242999999,8.340592266,8.164026599,7.875260827000001,7.594757935,6.768474122000001,8.997248982999999,8.922316927999999,8.519500414,8.467815075,8.652646262000001,8.772953973,7.144884355,7.018792362999999
Ga0242637_113229,8.21355628,8.229665505,8.196645858,8.322109349,8.411132299,8.401062296000001,8.047837647,8.008121707,8.002352308999999,6.658239547999999,6.971043474,7.182973767000001,8.370970621,8.524124899,8.218118488,7.8389846279999995,7.2761039929999995,6.9438319360000005,6.62779767,6.086052777000001,5.870663298999999,6.038401672000001,5.629148799999999,5.680529589,7.798991627,7.826889472,8.038978534,7.247187174,7.428255544,7.299678146000001,7.71393922,7.74527014,7.82675832,7.352191585,6.833711741,6.995423506,7.741914006,7.650468439,7.644316024,6.691129736000001,7.183371762,7.413542242,7.072197482000001,7.90104831,7.983847927999999,8.140911229,6.756440132000001,6.5530097970000005
Ga0242637_11323,11.19872995,11.19745758,11.21452448,11.08947962,11.17658156,11.16397129,10.92400899,10.7827039,10.91626789,11.17437629,11.33679882,11.1031463,11.05303427,11.17691165,11.15733362,10.65889861,10.74217172,10.78393946,10.86747696,11.09835888,11.14230929,10.1035864,9.65559206,10.17568454,11.06256396,11.24418951,10.90902066,11.03020549,11.00370572,10.86053188,11.06896862,11.08479529,10.84895448,10.73940094,10.6017327,10.57603363,10.46597784,10.114574900000001,10.36858145,9.749802481,10.31545355,10.28899173,10.11016788,10.81011471,10.94059818,10.72807273,9.925193921,9.670067778
Ga0242637_113230,9.844690205,9.878908668,9.769689162999999,9.801074773,9.708795706,9.809707023,9.574927186,9.482070045,9.587865988999999,10.17914238,9.855272337999999,9.611538213,9.464911053,9.731958121,9.697235897,9.043677328,8.868774385,8.854773376,8.722266145,8.70478744,8.872393683,8.08150847,7.900163323999999,8.2317106,9.606188576000001,9.679977365,9.457612961,9.164825855,9.216745371,9.071221767,9.393887473,9.735924493999999,9.455398998,9.319923163,9.468012009,8.984146819,9.377473927999999,9.081875165,9.483650684,8.500164338,8.67578154,8.73853642,8.572566321,8.852545596,8.82275093,8.881132296,8.274977799,8.098787236
Ga0242637_113231,9.718611214,9.803312701,9.703660596,9.628190982000001,9.461477212,9.412972376,9.265179693,9.253115107000001,9.176476192,8.765204687,8.565499097,9.134832115,9.744965281,9.926173995,9.764951726,9.140907172999999,8.95340689,8.83005122,8.557833631,8.470095789,8.521559215,8.010938476,7.993142961,7.8966953570000005,9.058755751,9.197995678,9.010298374,9.222948629,9.280398827,9.120023801,8.924320462999999,8.684488955,8.946046684,8.589897599,8.60910375,8.67081549,8.731500201,8.916444551,8.900391745,8.796100656,8.110612266,8.368133988,7.815962494,8.811830521000001,8.538643848,8.935672983,8.595419587,8.58054733
Ga0242637_113232,10.27468486,10.225156,10.20914925,10.582944099999999,10.40343642,10.47664395,10.07942808,9.863534439,9.902072502000001,11.63201267,11.79272742,10.06155333,11.55431064,11.54688923,11.39484972,11.291814,11.42144489,11.71721468,11.63431557,10.56553901,10.85565035,9.936887505,9.113022314,10.27757626,10.90648391,11.62074651,11.1784392,11.27174526,10.33297952,10.49011028,9.385109649,9.616491181,9.007023521,11.44122672,11.67589808,10.54761518,11.73762484,11.382003300000001,11.49167381,11.87719152,10.95322095,10.53325405,11.81729978,10.40416084,10.66503937,10.73321383,11.38998929,11.98490495
Ga0242637_113233,9.538170738,9.548003768,9.270338413,9.471540551,9.41579771,9.547914075,9.516996666,9.406620315,9.475163992,9.608018064,9.337411344,9.262403342999999,9.483371316,9.564789283,9.54135679,9.641198924,9.914800315,10.06047737,10.02857694,10.13223745,10.09576895,9.963820949,10.19308208,10.09793029,9.371107565,9.374996599,9.248004986,9.153374844,9.299301257,9.015561042,9.242717324,9.587598655,9.336166581,9.066945776,8.797816762,8.909282988,9.928211666000001,10.09087512,10.08663554,9.888222732000001,9.376981945,9.17493665,9.323202657000001,9.138646075,8.817008873999999,9.085908492,9.82664791,9.901211239
Ga0242637_113234,7.548082394,7.539822997000001,7.601229407000001,7.767503044,7.59314207,7.26184211,7.719215845,7.668922009,7.508194229,7.564661677,7.578063896000001,7.261765471,7.698886552,7.438961588,7.864356912000001,7.422520414,7.503717441,7.477350765,7.886704176,7.491774135,8.056990951,7.067769123,6.9583976089999995,6.964407874,7.144467051,7.368587513,6.979936432000001,7.013697155,7.269940597000001,7.009549142999999,7.974910704,7.763624688999999,7.751983022999999,7.03083363,7.0505084689999995,7.148689,6.985673822000001,7.081211592000001,7.455932075,7.010509938999999,7.9420819279999995,7.76105012,7.850755065,7.358457914,7.301956592000001,7.039983609,7.233755388,7.280129452000001
Ga0242637_113235,9.885730792,9.93918932,9.76192346,9.898167148999999,9.908906057000001,9.827119576,9.959009716,9.948984687000001,9.918586117,9.387176103,9.154811909,9.103101718,9.899166484,10.14508394,10.08289291,9.695981535,9.861046117,9.90108907,9.528131991,8.973140673,9.255241873,8.504787106,8.845212696,8.774634662999999,9.454371937000001,9.325645546,9.510513567,9.538529959,9.690205899,9.55217013,9.899528145,10.05183075,9.689461174,8.947733181,8.757310389,8.961920482,9.512924926,9.528140882999999,9.793271573,9.693958332000001,9.622589766,9.446932005,9.787758327999999,9.560476666,9.38508162,9.4373025,9.536131153,9.615886194
Ga0242637_113236,8.115737495,7.948835204,8.12579552,8.707478627999999,8.663622136,8.565025872,8.895232743,9.07157111,8.935408945,9.28080776,9.415947501,8.180172195,8.455007497,8.282656201,8.393917827000001,11.50332431,12.20262768,12.44367607,13.14170581,13.33477396,13.32045067,16.74904596,15.481485099999999,16.3393503,8.211298661,8.174126201,8.513115907000001,8.389220923,7.843355592999999,8.108649612,10.20800553,10.26648711,9.976554305,9.650294145,10.03087812,10.23617969,12.54747968,13.27761372,12.46088595,13.79253945,11.23069439,10.13206618,10.8439486,9.063108383,8.845493285,8.850705181,13.92789809,14.302755300000001
Ga0242637_113237,10.25184485,10.26859476,10.34269463,11.18877662,11.14374895,11.15204563,11.45355719,11.48247488,11.43643662,10.874671699999999,12.52129752,11.447007000000001,11.01316574,10.60951063,10.53478405,13.17251177,12.96075645,12.96657841,12.81513463,12.43680463,12.57816944,11.97245591,12.03655716,12.27815751,9.900872872,9.762650713,10.07897716,10.15629595,10.18468633,10.15520517,11.26876768,11.306456599999999,10.88937786,11.44343179,11.41035577,11.41187427,12.66040131,12.79061268,12.55111588,13.96208256,13.48199366,12.72163253,12.51990664,10.93021597,10.74432216,10.76994877,14.03041533,14.11578246
Ga0242637_113238,12.13017335,12.21574917,12.33463147,13.82497548,13.7144821,14.12399961,14.35514034,14.26905564,14.23314496,13.21766999,15.73157376,14.24098526,13.37812346,12.752186,12.606110099999999,15.91287102,15.91442255,15.915178899999999,15.15170145,14.19053742,14.45170078,13.224967000000001,12.88066068,13.66264987,13.06590029,13.23515598,13.19490262,12.29941557,11.90139152,12.15549886,13.7910195,13.67116704,13.46041938,14.22145355,13.846511499999998,14.326139499999998,15.15945718,15.59190871,15.25489959,17.01777503,17.57720543,16.39040975,16.38048859,14.75864647,14.6268205,14.63210245,16.99483433,17.25119983
Ga0242637_113239,3.00145839,3.0479219410000002,2.4500833419999997,3.285877101,2.744398912,2.426167481,3.4887793030000003,2.4271808669999997,2.506512943,2.9887932989999997,2.58606159,3.5782764410000003,3.416771273,2.913262576,2.993237353,3.547978091,2.783394397,3.1044040639999997,2.957841924,3.00415308,3.2608517239999997,4.835778512,4.360694114,4.845648752,3.143822338,3.2130425060000003,3.349279727,3.0165719139999996,2.905376211,3.36495514,3.275786601,3.0217587530000003,2.747370773,3.51860132,3.7955693239999997,3.3863538039999996,3.7220789030000003,1.764951351,2.974604675,3.52051745,4.068024151,4.254488025,3.022421094,3.465722858,2.792585865,2.9136076980000003,3.7713112289999997,4.007957471
Ga0242637_11324,9.363227581,9.35603578,9.320545616,9.325570457000001,9.252156375,9.159838111000001,9.204746049,9.094832487,9.001495504,8.867645801,9.384556025,9.211232758,9.210690834,9.033873809,9.233397437999999,8.845611848999999,8.849580032999999,8.876666758999999,8.480478817,8.629101995,8.531973594,7.7512620089999995,7.821206766,7.972050427999999,8.923530002,9.183294415,8.694343926,9.209742027,9.25421702,9.201645675,9.121117751,9.217843201,8.912113182999999,8.616200653,9.014627367000001,8.869423617,8.681250452999999,8.272946405,8.686466668,8.500164338,7.986096483,8.136526856,7.524226103999999,8.757374749,8.82275093,8.658705257000001,8.714851665,8.497359135
Ga0242637_113240,7.995878227,8.155368095,7.994970653999999,8.31587397,8.458630409,8.511458223,8.30910648,8.223956709,8.265975969,7.374562795,6.746118336,7.390066109,8.356475837,8.460486497,8.136638616,8.154299827000001,7.952436195,7.749390145,7.46273136,6.543835915,6.998144841,12.04361306,10.56573469,11.35943466,7.457925781,7.387957512000001,7.909107805,7.597558303,8.084368871,7.866979213,7.847766606,7.751414317999999,7.643871555,7.084601861,7.390442871,7.196357119,7.9472493879999995,8.19726879,8.333138444,8.889859438,7.656331627,7.369204306,8.01314056,7.6027257310000005,7.2172625870000005,7.619992937999999,8.927604964,9.073318764
Ga0242637_113241,7.696977232,7.880192209,7.66370476,7.668193034,7.5870471639999995,7.778776491,7.79652799,7.522170906,7.558250763999999,6.765507867,6.61894186,7.056068182000001,8.119516866,7.789135621000001,7.802293917999999,7.089765333,7.2678615120000005,7.196959859,7.186378151,6.321095654,6.734981756,12.24258161,10.72870373,11.56731693,7.203043261,7.025242352999999,7.173465107,7.37893409,7.513164933,7.45996819,7.315952687999999,7.629947892000001,7.539750871,6.991160875,7.255631594,7.09310728,7.412828432,7.759743187000001,7.80001558,8.286931007,6.593339468,6.796220224,6.796737374,6.8816874420000005,6.722560023,6.629673327000001,8.576134995,8.396888272
Ga0242637_113242,9.141688259,9.147377309,9.329330168,9.692167664,9.729688161,9.706857425,9.699713577,9.738648937999999,9.855660536,9.22765715,9.122974155,8.899578795,9.260193247,9.290672099999998,9.132778914,9.65706452,9.922693443,9.787549982,9.652360132,9.62407334,9.473552086,8.888959707,8.601245659,8.805860382,9.286614027999999,9.047835359,8.961341273,8.744026952,9.02566485,8.66713887,9.062865053,9.056041654,9.204182792000001,9.068851512,8.528869173,8.852794663,9.534313347000001,9.492406274,9.488745471,9.75929762,10.04496566,9.52980186,9.834128123,9.91500974,9.846174528999999,9.802690523999999,9.942238836,9.909814907000001
Ga0242637_113243,8.673445411,8.601493422999999,8.678648284,8.875874695,8.613542095,8.756536634,9.057351067,8.936462455,8.831684556,8.679496834,8.867511255,8.774221583,8.537632389,8.478957187,8.652598981,9.199862306,9.402299662,9.501635486,9.520906493,9.68840721,9.725702676000001,9.861550878,9.546324471,9.464046000000002,8.641497235,8.859551603,8.326299219,9.104262617,9.189371176,9.112807916,9.170994155,9.334960321,9.009318083,8.473867361,8.72166169,8.623672623,9.061172177000001,8.988762125,8.938128179,9.326613076000001,8.423906159,8.855610532,8.530270923,8.600292066,8.352704613,8.546355085,9.29796345,9.176749021000001
Ga0242637_113244,4.28318584,4.684705087,3.946745494,4.101398217,4.1996928989999995,4.4273871830000004,4.708165356,4.379729396,4.780754992,5.200420057,4.739976276,4.9960046369999995,4.280950425,4.431583664,4.8724601519999995,4.671023263,5.189379758,5.41643281,6.165911317999999,7.087343419,7.085629977000001,11.36466085,9.708642667000001,10.51020863,5.4383337670000005,5.34875458,5.644737465,5.953466869,6.247535935,6.283527792999999,6.168442197999999,6.476766212,5.734932025,5.3156082389999995,5.608930552,4.918171513,4.377864054,5.0681414689999995,4.734680932,5.701982144,4.7922398369999994,5.4570823410000004,5.620042009,5.69966181,4.896774386000001,5.041675762,6.037371072999999,5.541826584
Ga0242637_113245,7.159010652999999,6.9331528339999995,7.140031105,7.613308842,7.556180061,7.764383521,8.219479874,8.151846317999999,8.111733355,8.169843552,8.386908315,8.096692731000001,7.186904744,7.530373099,7.28385165,8.431464882,8.539772871,8.51655751,8.534102857,8.426049107999999,8.597893792,8.265968422,7.938077523,8.026090342,7.674442097000001,7.975102271,7.45248817,7.556405552999999,7.530726955,7.475058904,8.452651541,8.397731151,8.297698122,7.997593253,7.879995598,8.316537596,8.642379989,8.394100917000001,8.231433021,8.24022258,9.223669884,8.88345243,9.436315368999999,8.633656708,8.148373627,8.389115132,8.367624377,8.045118957
Ga0242637_113246,7.703114801,7.812729564,7.83636568,7.991391017000001,7.923292479,8.067654056,8.216173592,8.188352127,8.222297257000001,8.441687636000001,8.78483641,8.72294983,7.814767265,8.002080703999999,7.9199674270000004,8.183809212,8.286032328,8.306792003,8.1403937,8.574664589,8.451968772,8.722299813,8.522336024,8.034903358,7.638520085,7.749147667000001,7.925324042000001,8.223882121,7.903001354,8.572119489,8.113170858,8.069267031,8.061599222,9.022404264,9.617738476,9.284763432,8.069508682999999,7.969264771000001,8.388709329,8.142007279,8.344984743,8.51775904,8.297913685,8.600292066,8.12996388,8.352830476,8.048824016000001,7.835284427
Ga0242637_113247,7.2540678729999994,7.610396206,6.798920884,7.3761463439999995,7.439243757000001,7.398625916,7.756114857000001,7.567231091,7.586093067,9.954744018,10.81236936,10.05465806,6.760872462999999,7.00126022,7.295916011,6.976234924,6.769133834,7.165670434,6.394351991000001,6.43677346,6.54216127,7.523947969,7.769569364,6.927000692000001,7.047319953,7.475060878,6.979936432000001,10.00778999,8.642636064,10.66802336,7.388046416,7.489968043999999,7.413724397,10.33302511,10.9576222,10.43978955,6.900325658,7.151673496,7.483426269,7.361827081,9.858680662000001,10.15182367,9.486949309,7.5336903710000005,6.949629269,7.104924672,7.105052362,7.184048004
Ga0242637_113248,8.187529563,8.162611242999999,8.109566912,8.334499819,8.134415861,7.834953414,7.372287339,7.556097384,7.330295445,13.24595941,14.63877852,13.57636583,7.111185965,6.93586702,6.711291715,6.500697955,6.672477757999999,6.441153191000001,7.004815763,7.272932517,7.220579154,10.33986593,9.879097974,8.876194602,5.717420712000001,5.475604103999999,6.166569065,12.27294089,10.48180248,13.37213755,8.562624151,8.466562042,8.447365595,13.48347343,14.27350783,13.72033104,8.602433012999999,8.29385879,8.370422559,7.88869668,13.99847914,14.18566655,13.46361617,6.795796967999999,7.181940452,6.900599481,7.429194995,7.780030784
Ga0242637_113249,9.164103343999999,9.186983672,9.172190621,9.546676233,9.443041297,9.063218177000001,8.738141804,8.857059648,8.385641298,14.6351582,16.24920538,15.03037462,8.165975329,7.689544647000001,7.660228449,7.762809346,7.85678535,7.796098907,8.317659001,9.312509823,9.05317239,12.75583262,12.47645828,11.19128979,6.662066702000001,6.127136142,7.060492991,13.21250219,11.47497902,14.31208422,9.859530527999999,9.824535312,9.860614905,14.646168,15.41908238,15.22818141,9.744664616,10.023618800000001,9.61370902,8.539273506,15.97991661,16.16705791,15.48639931,8.159609997999999,8.175555006,8.234534235,8.609715701,8.832116377
Ga0242637_11325,9.057981515,9.112274287,9.054212805,8.882218272000001,8.995769112,9.027510799,8.79020697,8.780222768,8.817077814,8.779480596,8.732089845,8.836654435,9.173967033,9.182138856,9.139486556,8.412894975,8.515619885,8.338691719,7.668606731000001,6.938427418,7.181404511,6.038401672000001,6.166412467000001,6.072762742999999,8.317331453,8.355559219,8.509535454,8.505473873,8.898454795,8.689946955,8.641404051,8.570979716,8.692675947,8.202458639,8.528869173,8.275532935,8.47549197,8.334795358,8.61681383,8.191950777,7.2570999039999995,7.5783984879999995,7.086871086,8.71643811,8.817008873999999,8.897254121,8.465198929,8.029411057999999
Ga0242637_113250,8.217848768,8.144434709,8.356460347,8.854525673,8.796304592,8.692106745,8.747332666,8.765801819,8.546591889,9.726221837999999,10.44317259,9.975091732000001,8.491946797999999,8.03366292,8.032368174,8.626739686,8.476828693,8.2257093,7.753276982,7.643767938,7.761918562000001,10.27682586,9.045167807,8.971072257000001,7.715250419,7.739128489,7.801940167000001,8.678428567000001,8.331454135,8.90014736,7.998126772999999,7.874740337,7.912634412999999,9.785070331,9.985258346,10.04041538,8.938190002999999,8.592807361,8.388709329,8.936642313,10.16659941,10.14197875,10.21901356,8.737051641,8.746259949,8.841212391000001,8.935192972000001,9.077143273999999
Ga0242637_113251,9.529564292,9.504492161,9.640123893,10.53476903,10.56017047,10.44616597,11.40647315,11.28384991,10.97336809,12.02995245,13.12902277,12.26522958,10.20849263,9.518669249,9.93844432,12.54562363,12.48575015,12.53101145,12.76351953,12.67005053,12.58443644,11.00502542,10.71784887,11.36293794,7.872992311,7.682742907000001,8.116350232,10.60269268,10.37651186,10.90298104,10.66635766,10.53835781,10.21091264,11.45331311,11.75112604,12.0048652,12.04879735,12.05609961,12.01337166,13.16845286,13.18508153,13.29699072,13.32591849,11.67009397,11.60651896,11.41193529,13.20996367,13.17917904
Ga0242637_113252,11.50782531,11.500089,11.42912717,12.37236912,12.29640621,12.32351884,13.19983851,13.208662200000001,12.84170606,13.70603856,14.13202411,13.62045841,12.16507441,11.64010176,11.68149421,14.04371408,14.09344302,14.10627332,13.41791097,12.45541098,12.57942502,10.75198513,9.512176647999999,10.9247533,9.717955833,9.866375083,9.950201545,13.21910777,12.79309866,13.39821517,11.96580443,12.16135171,11.72170809,13.19893069,13.52883774,13.35698618,13.68337198,13.73626893,13.74347637,14.93760706,14.2116829,14.07619393,14.12289307,13.43555518,13.42584411,13.40209135,14.88021695,14.96160854
Ga0242637_113253,6.873435421,6.611602823999999,6.809014037000001,5.933610091,5.635024095,5.96699286,5.243142292,5.26914868,5.635336689,5.913007532000001,6.006675467000001,5.92163303,5.702577075,6.339359657999999,6.144143687000001,5.334814583,5.117168106,5.2157469,4.834070366000001,5.106417025,5.104939347,5.771053014,5.674972682000001,4.924648265,6.372075965,6.661163172,6.129644375,6.13253494,5.931483843,5.59087327,5.730596441,5.632077893,5.64294101,6.222964618,5.9348228039999995,5.776699099999999,4.818200909,4.856866072,3.759391237,4.714516113,4.3167515430000005,4.950622766,4.8271728110000005,5.314628667,5.346438148,5.544273273,4.522624281000001,4.721248791
Ga0242637_113254,9.235695213,9.055048425,9.281245174,8.238867911,8.254624592999999,8.404159789,7.88247526,7.839317717,8.007508345,8.859605465,8.743556177,8.983301925,8.420585143,8.687891167,8.75224271,7.672008443999999,7.371503561,7.668014031,7.4322337439999995,8.135976053,7.936720895,8.194989582,8.465062233,8.034903358,9.321007538,9.456731982,9.060097959,9.041044938999999,8.936273154,8.630552666,8.36608024,8.581362387,8.248038517000001,9.024369719,9.055768879,8.854651818999999,7.559172932999999,7.460036408,7.147606816000001,7.258438003999999,7.313481831,7.0700351679999995,7.057372902999999,7.787036092999999,7.762692725,7.812058398,7.118452405,7.1981723639999995
Ga0242637_113255,9.357403569,9.407237602999999,9.272161943,9.239251165,9.248300477999999,9.126470942000001,8.9559532,8.834204893999999,8.956887835,9.587069858,9.270294482999999,9.089671927000001,9.178093927,9.3023864,9.32156675,8.491692741,8.494590477000001,8.57426532,8.823624802000001,9.189470735,9.123721004,9.002422837000001,9.087949403,9.156104995,9.618531442,9.741481778999999,9.564996359,8.849974931,8.927463501,8.813782968,9.44038631,9.643165521,9.321468631,8.924767226,8.870152199,8.53842894,9.09994177,8.789680158,8.979735739,8.112671933,8.96242396,8.582281358,8.922455355,8.792265447,8.948877596,8.795248382,8.05580279,8.021492483
Ga0242637_113256,6.153735218,5.828125547000001,6.556831896,6.214626687000001,6.008895385,6.11078736,6.073453281,6.300082209,6.00999571,7.660358248,7.828356146,7.907559107999999,9.425531692,7.2951847579999995,9.719789896,8.289385002000001,8.411011958,8.70782038,8.751371797000001,9.033095119,9.390149168999999,7.4946867720000006,7.272294658,7.934865021,10.06318554,9.762650713,9.387174339,10.29614757,9.655951001,9.811847119,8.038996532999999,7.78773956,8.134892563,8.858005737000001,9.324883069,9.186442357999999,8.547389017999999,8.634390225,8.905480671,10.01649782,7.458041465,7.013526688,6.646290509,9.303195937,9.823443949,10.43102998,9.683067999999999,10.13748598
Ga0242637_113257,11.3274386,11.38908522,11.58872303,11.50464994,11.67723949,11.56393116,11.21770508,11.35421284,11.50592929,9.445635982,10.88836479,11.072753599999999,11.18858547,11.16341502,10.94450548,11.85240469,11.70653938,11.7449203,11.3228843,10.09755914,10.21689248,8.657782187,7.831316009,8.671043066000001,11.56760134,11.44548918,11.61188956,11.97355261,11.23191567,11.28106341,11.02444288,10.805175300000002,11.3705653,10.584841,10.67112148,11.07810476,11.62084946,11.60961598,11.41880899,14.534364800000002,10.00702263,10.07284471,10.14736973,11.91022702,12.3545008,13.44746949,14.41597804,14.72905974
Ga0242637_113258,8.8441948,9.078211886,8.789754191,9.062471841,9.146322596000001,9.374012322,9.031251702999999,9.031948695,9.091637298,8.419980481,8.565499097,8.352012992999999,9.306168989,9.531997537,9.38220892,8.868506076000001,8.799017421,8.672099493,8.52930949,8.442724631,8.252296984,8.204055322,8.138629441,8.320881511,9.461241263,9.155319106,9.805878281,9.127858021,8.979532047000001,9.090941134,8.704859943999999,8.734963987999999,9.013896285,9.143087335,9.232919058,9.206940769,8.768071128999999,8.99516017,9.353784586,8.981955531,9.778367604,9.567066986,9.844952297999999,9.888766826,9.38508162,9.813652876,8.92379594,9.002684889
Ga0242637_113259,9.462421281000001,9.513016816,9.84880064,9.589948276,9.849061643999999,10.044174,9.619402654,9.843075059,9.868467143,9.625508936000001,9.675401403,9.565712743999999,10.22054703,9.674023893,9.782199338,9.925086413999999,9.67886122,9.342937561,9.16074844,9.159522362,9.164451356,8.644525014,8.371187717,8.577639559,9.941967715,9.686507802000001,9.813157443,9.661644341,9.501290305,9.386531076,9.546539965,9.293464035,9.685162173,9.844123872,9.981495438,9.972771826,10.14762895,10.09087512,9.872067006,9.514956963,10.85933196,10.74099982,11.0903528,10.40093506,10.98863737,10.74725811,9.594798234,9.581296011000001
Ga0242637_11326,10.45820285,10.54492931,10.25781519,10.12549666,10.02613664,10.22406546,9.780272607,9.769092055,9.792853476,9.458114315,9.490428002,9.929082926,10.40350705,10.68602471,10.61217151,9.317672415,9.356414761,9.26576926,8.339729955,7.34569445,7.25871707,6.228496762000001,5.482136618999999,6.7238361179999995,9.973540646,9.931600364,9.928916204,10.31065266,10.41876901,10.29671282,9.205308159,9.618172855,9.393505151,8.986560307000001,9.363946726,8.972221361,8.655453538,8.721860084,9.061795901,9.185834371,8.324560707,8.143123314,8.424550832000001,9.695619837,9.493448358,9.688226233,9.329975114,9.129648297000001
Ga0242637_113260,13.14649224,13.18557549,13.20213325,13.559728400000001,13.67292739,13.63229804,13.32327614,13.38422385,13.37603719,12.85769429,13.31021611,12.91533203,13.40950519,13.27356534,13.04279907,12.9764993,12.93724693,12.89404427,12.36904217,12.35988249,12.36901552,11.44618654,11.41573623,11.65208645,13.1860918,12.64339161,13.48050298,12.59055121,12.60943393,12.56383888,12.79949422,12.6074514,13.13689979,13.39043895,13.18102345,13.16614626,13.31913342,13.42823811,13.3173269,12.72717859,14.77922441,14.19551619,14.61341082,13.82735217,13.9182414,13.94778955,12.63641994,12.85651414
Ga0242637_113261,8.436191883,8.364542026,8.481527927,8.060154359,8.219602099,8.136323097,7.878297405,8.048399922,7.928162658,8.057166837,7.965256182999999,8.215228108,8.58502698,8.488104587,8.640827683,7.529850665,7.156185151,7.250133097000001,6.373073995,5.581083416,5.9350564210000005,4.927376411,4.109167166000001,4.672884133999999,8.538078608,8.429061337,8.330363984,8.188411913,8.216816316000001,7.939480076000001,7.176334751000001,7.045870187,7.267966541,7.57779751,7.73850055,7.270604904,6.943631749,6.846441292000001,6.548861672,6.710858849,6.804898923,7.013526688,7.587486987999999,7.859342876,7.983847927999999,7.631055507,6.855823241,6.757720504
Ga0242637_113262,10.78760875,10.98767777,10.79611479,10.57839368,10.49414203,10.578857800000002,10.23207383,10.10414387,10.28937823,10.33417519,10.67441192,10.55924991,10.7559179,11.12911049,10.94258915,9.933795702000001,9.769184196,9.739242759,9.438941663,9.263294911000001,9.280166049,8.60400639,8.39182438,8.595619637999999,10.68452185,10.83138098,10.74058044,10.27199655,10.51525828,10.35291559,9.827492045,9.784658771,9.854246898,9.858517137,10.00021259,9.729332261,9.262561267,9.299111867999999,9.635310883999999,9.355072174,9.259971785,9.398136862000001,9.50070454,10.05805797,9.846174528999999,10.01175579,9.587594001,9.30947226
Ga0242637_113263,6.712265437,6.653377519,6.378444875,6.293045072000001,6.405708415,6.563470881000001,6.511995389,6.1889533189999995,6.323443233,6.1429633710000004,6.460998303999999,6.59026719,6.521737207,6.51992215,6.355171232999999,5.437019741,5.663882817,5.661512323999999,5.632178636,5.048901257,5.213380113,4.927376411,4.572983816,4.577747215,6.372075965,6.341326334,6.432087506,5.953466869,5.616384732999999,5.913470117999999,6.263654101,6.320010186,6.053191622000001,6.19525907,5.555664486,5.7608803889999995,6.097225568,5.8711413839999995,6.092871324,5.344228856,5.479739868999999,5.862371464,6.262320027,6.209062446,6.3290014789999995,6.42856251,5.117265012,5.190157933
Ga0242637_113264,7.843084823,7.620953435,7.702097092000001,7.830102649,7.611273706,7.7053305,7.519069869,7.699599981,7.717769106,7.818071841,8.096255424,7.752538652999999,7.830586864,8.008452718,7.95841598,7.26572476,7.242847414,7.141749305,6.933996844,7.183123469,7.181404511,6.228496762000001,5.844865089,6.7668268760000005,7.948278941,7.864243167000001,7.748255651,7.604304328,7.542317235,7.2826234460000006,7.708318915,7.504593671,7.335386934,7.5232291710000005,7.272161968,7.07409317,7.559172932999999,6.902018501000001,7.112811265,6.823872422999999,7.554758139,7.672614546,7.789305858,7.351787937999999,7.366301684,7.569133341000001,6.573846487999999,6.699304861
Ga0242637_113265,11.30391187,11.29871219,11.19302833,11.63087047,11.41838214,11.5303081,11.07581213,11.08959635,10.95012929,10.91596289,12.18773545,11.30315254,11.38166484,11.57237649,11.72199748,9.181696311,9.307013454,9.523386592,10.19821671,10.07099216,10.40709638,10.4256744,9.470749545,9.977406166,11.33028578,11.79675361,11.30310103,12.61308724,11.84139745,12.13397819,10.74255499,10.4457461,10.76861153,11.30436949,12.235845800000002,11.80159163,10.18417064,10.18062005,10.58938947,8.854856554,9.380283768,9.534826512999999,8.978581242,11.35959091,11.6271732,11.53810157,8.908458462999999,8.928413634
Ga0242637_113266,9.520906194,9.471339546,9.734409502,9.499317493,9.507368687,9.583868736,9.237726886,9.295561562,9.477023447,9.052988972,9.026147617000001,8.82697449,9.742180649,9.670010639,9.411600106,9.079439647000001,9.043036322999999,8.809963836,8.608706498,8.815627518,8.646627833,8.120336111,8.210094156,8.184968804,8.823116732999999,8.419683864,8.722452574,8.935360476,9.134927875,9.033505309,9.095517616,8.934425142,9.282158547,9.218847638,8.663351892,8.927043087000001,9.361607701,9.532546108,9.58227707,8.388333507999999,9.981161275,9.58170762,9.838467543,9.111274424,8.969729653,9.095921345,8.422645161,8.694484512
Ga0242637_113267,14.74288375,14.68326342,15.11892353,15.81223635,15.82138465,15.79198386,14.89847751,15.05549112,15.17614919,12.77941939,13.68708303,13.2967393,15.88648085,15.44907368,15.10116302,14.589012,14.14895957,13.71038135,12.2712425,11.57244252,11.69864144,10.30237338,9.92465349,10.34466979,14.63299674,13.8061259,14.75914414,13.86836139,14.00417957,14.18661505,13.76461393,13.29437839,14.33670263,14.50590808,13.64261397,13.83194261,15.58873131,15.4132348,15.23517266,14.52212914,15.746118099999999,15.44124514,15.67722348,14.70464538,15.10499779,15.071520499999998,14.49663475,14.89180339
Ga0242637_113268,9.098115533,9.104774066000001,8.982513633,9.464511937000001,9.459810922,9.372431821000001,9.193022283,9.207604556,9.212637987999999,9.903526024,9.797771636,9.33021009,9.415079549,9.241488268,9.252086765,9.57035734,9.607202796000001,9.696117991,10.13336641,10.24268674,10.16598352,9.570557291,9.621052548,9.789728686,9.578024856,9.866375083,9.573594367,8.694319951,8.669302017,8.579118114,9.640997674,9.701438412,9.443570239,9.605046544,9.316941781,9.470616146000001,9.996583076,9.763710273,9.817770271,8.961534889,10.35458796,10.05546796,10.30305298,9.430462687,9.396677039,9.266970602999999,8.808717794,9.11855698
Ga0242637_113269,5.534379952,5.303976337,5.51076505,6.013058472999999,5.9529722860000005,6.080054989,5.782004859,5.733916842,5.989240719,6.309938708,5.757135615,5.625366709,6.011885495,5.791228097,6.003786646,6.378233109,6.397942842999999,6.318341627000001,6.697893701,5.838947521000001,6.112517617000001,5.094429967,3.963144162,5.264394062,6.218072761,5.929323482,6.166569065,5.112534724,4.99012813,4.92963042,5.837806122000001,5.831564123,5.712482951,6.078761544,5.734008437000001,5.995141107,6.809599865,6.302017581,6.561828564,5.852063284,6.372055156,6.324664655,6.209585201,5.95054898,5.687517277,6.05350259,5.6501581739999995,6.059163999
Ga0242637_11327,8.986830155,9.228985457,9.575137400000001,8.352888209,8.491624855,7.423270126,7.657164996000001,8.048399922,8.022866764,7.172946595,6.174592427,8.254275681000001,5.875795049,7.717041387999999,7.476359663999999,3.3312073310000003,3.6967962130000003,2.934755081,2.620112537,2.654240015,3.469757717,5.669565534,3.3872535110000004,3.1138557000000002,7.872992311,7.579833718,8.194249386000001,8.228255186,8.056354656,7.324887692000001,6.232612634,6.563224607,7.071046366,3.931277971,7.671555596,7.606724541,5.934684068999999,6.495236836,7.503708187000001,7.026336552999999,5.20761762,4.823235936000001,4.319533971,3.224071216,3.190463246,3.080556652,6.341975574,7.1981723639999995
Ga0242637_113270,8.979265328,9.114143265,9.083586003999999,9.401137351000001,9.479680497999999,9.317637759,9.075708541000001,9.043950106,9.153405922000001,8.679496834,8.661309225,8.525630824,9.567576062,9.274903579,9.157773357,9.622465802999999,9.66481146,9.611610872,9.772829629,9.683738887,9.721159366,8.900158472000001,8.973963406000001,9.07298469,8.697841987999999,8.672201083,8.869359075,8.439117534,8.793281077,8.424504926000001,9.164853098,9.199987336,8.934019003,8.750499614,8.576213304,8.754761801,9.643319496,9.563011686,9.649028912999999,9.139321127999999,9.393416006,9.395377016,9.478632773,9.138646075,9.093640221,9.011688198,9.203728478,9.439944942999999
Ga0242637_113271,6.63725785,6.600966907,7.049310683,6.8545451239999995,6.933793005,6.8171430520000005,6.533433323,6.545285916,6.6215940479999995,6.228875327999999,5.4167632679999995,6.015794089,7.289698015,7.198146964,7.157305168,7.518312138,7.510718871,7.508854818,7.314541569,5.904829262000001,6.026528808999999,5.669565534,4.668031599,5.264394062,6.650078818,6.380583992999999,6.803902386,6.16946674,6.575827453,6.266254644,6.381520928,6.252186814,6.508080294,6.093851225,6.217379502000001,6.160800168,7.3816884279999995,6.633061821,7.469744716,6.911715274,6.232608331000001,6.301223246,6.386266174,7.03947954,7.163949333,6.891423412000001,7.317463146000001,6.574841795
Ga0242637_113272,7.614716262000001,7.534248465,7.541984447999999,7.758334206000001,7.791693252000001,7.568427817000001,7.886641047,7.605535626,7.86138494,7.94510419,8.565499097,8.374339174,8.128075932,7.832879077,7.876455305,8.219866657999999,7.889378987000001,8.026842185,8.036116474,7.874352581,7.670592123,8.021233793,7.821206766,8.284394531,7.632445102,7.887107241,7.813603427,7.597558303,7.262951327000001,7.541077971,7.873103747,8.029373742999999,7.571162792000001,7.845792032,8.277916814,7.925797397,7.989164691,7.9297252270000005,7.940530014,8.332174178999999,7.868739173,8.103084281000001,8.206857194,7.998188567000001,7.557557126,7.404812992999999,7.984447166,8.288891595
Ga0242637_113273,11.0117869,11.23315178,10.93034899,11.17291012,11.08497071,11.11896812,11.57337542,11.47029804,11.53567295,11.36628896,12.69792952,12.3499023,11.24229054,11.41342769,11.38500525,11.03277319,11.082318199999998,11.1597315,10.70907923,10.42296271,10.44891276,10.42179447,10.66514264,10.57053938,11.21766309,11.13717621,11.27806897,11.07701679,11.05364337,11.19542119,12.308694699999998,12.61841543,11.75079642,11.41674587,12.14176593,12.02397016,11.50285226,11.95962091,11.88110391,12.72536303,11.10661406,10.80582654,11.19980399,11.03120654,10.46662304,10.88355043,12.42567925,12.77703902
Ga0242637_113274,7.220222591000001,7.015512049,7.262560199,7.364106163,7.341246087999999,7.354457991,7.354347442000001,7.2729609139999996,7.515452451,7.172946595,7.552208805,7.407496925,7.56027648,7.376276504,7.538599294,7.541297577999999,7.324592891,7.521266172000001,8.036116474,8.686235103,8.567842954,8.949504115,9.254944186,8.933866613,7.328614493,7.302073823,7.407011441,7.255783728,7.099931949,7.349663901,7.951314779,8.019225582999999,7.655641042,7.352191585,7.506750769,7.66716595,7.925825862999999,7.38403829,7.377502092,7.3493017929999995,7.994740462,8.129900089,8.297913685,7.3383546729999996,7.798106487,7.534202055,7.450538494,7.751589199
Ga0242637_113275,5.740242287999999,5.589965812999999,5.652586326000001,6.709743585,6.405708415,6.607183947999999,6.8814239729999995,6.705150682,6.356197963,6.718816836,6.715361918999999,6.559383887999999,6.312057136,6.085272242,6.3318936710000004,9.039648453,9.479245631,9.589687305,10.02176784,9.867860327,9.870181786,9.889914073,10.07683102,10.22078812,7.135901215,6.991862832000001,7.294963429,6.324829715,5.913695955,6.300595808,7.449985000000001,7.497299404,7.035441787999999,7.556217377,7.652745248,8.26439858,10.08620087,10.54785891,9.585451263,12.07692025,9.159779472,8.373753776000001,8.347476197,7.726461193,8.053880944,8.011459133999999,11.51613616,12.37688909
Ga0242637_113276,6.502844646000001,6.45503134,6.323131073,6.661334644,6.999541192000001,6.853883387000001,6.606046514,6.802645245,6.6080663820000005,6.032587104,6.971043474,6.735462563,6.5977393829999995,6.672318091,6.815585497000001,6.2160191320000004,6.595473212999999,6.725100089,7.161799782999999,7.142851812000001,7.042551327999999,7.688042747999999,8.162846599,7.485474644,6.386606359,6.753717872,6.57615247,6.324829715,6.18964741,6.39895528,6.477279767000001,6.604580627000001,6.53384496,6.048097775,6.6686247110000005,6.7459133510000004,7.066247163,7.128566922999999,7.031306031000001,8.598665444,6.843720942000001,6.7275943510000005,6.606086874,7.12020721,6.722560023,6.882188509,8.250855507999999,8.633454987999999
Ga0242637_113277,10.67427559,10.70849328,10.64105875,10.20270995,10.14080585,10.11865462,9.681849701,9.691108944,9.664928673,9.799498217,10.02461213,10.02392108,10.65145351,10.842197,10.79799105,8.485781868,8.629320773,8.638322322999999,7.848725932000001,7.930612109,7.9209566229999995,8.624407966,8.40541993,8.15294426,9.793383326,9.9116718,10.00589691,9.90638775,10.04913049,9.7198579,9.073831567000001,9.013226807,9.259205152,9.794314321,9.599850706,9.493442936000001,8.217900238,8.505862875,8.563079559,7.80863117,9.32309837,9.135787313,9.152470903,9.699563616,9.438413558999999,9.605136557,7.461092902000001,7.712772836
Ga0242637_113278,8.752496412000001,8.933300247,8.837336042,8.516793558,8.362016672000001,8.494120313,7.765193941000001,7.93695628,7.673037506,7.8882662429999995,8.420634585,8.417980808,8.991372297,8.999104692000001,8.978594158,7.237849985,6.913553856,6.838614712999999,5.952760852999999,7.61462407,7.181404511,8.374341716,8.162846599,8.262050918,8.290581073,8.074064938,8.242501484,8.321253295,8.471376491000001,8.013685512,7.366794355,7.250658242999999,7.571162792000001,8.021409676000001,7.633686257000001,7.8972461329999994,6.761999476000001,6.458614121,6.482214132,6.331979231,7.699276052,7.346513211,7.989918049,7.854633601000001,8.082884413,8.105661707000001,5.791183595,5.962955225
Ga0242637_113279,3.893771605,4.076708291,4.159119162,4.101398217,4.1996928989999995,4.268645649,4.149254746,4.2144303910000005,4.451097385,4.261120417,4.466516375,3.7054419960000002,4.66504715,4.026822059,4.366319211,4.389752078,4.687392958,4.656285493,4.769522941,5.048901257,4.384474106,5.865819405,4.7570015539999995,5.07047746,3.652503691,3.5570608089999998,3.4852798330000003,4.1660224,3.214162602,3.8398030480000003,4.267180386000001,4.174672094,3.733234295,4.243951367,4.524616065,4.018654177,4.377864054,4.856866072,4.480248635,5.000863439,5.015163076,5.65562299,5.025201303999999,3.991601604,3.4799555860000004,3.917989517,4.347120349,4.941547642
Ga0242637_11328,11.51873775,11.70184103,12.17445413,11.04682389,11.35390748,9.925245129,10.15647592,10.66006243,10.64572996,9.42035077,8.988093838,10.8487288,8.594321856,9.883486056,9.945159639,6.403574545,5.852687421000001,5.41643281,4.206860836000001,3.261710257,3.9413868460000003,7.726305915,4.360694114,4.999446763,10.11854881,9.583905902,10.40609297,10.47236784,10.72169959,9.738730982,8.862421331,9.100031318,9.608535556,6.450863924,10.28809531,10.27136256,8.49016093,9.246451745,10.24556338,9.48379359,7.699276052,7.558793295,6.337962407000001,5.199576963,4.80563102,4.614185235,9.191108152,9.989088064
Ga0242637_113280,3.3323533810000003,3.0479219410000002,3.3742476210000003,3.3965277680000003,3.727858533,3.9538468489999996,3.388118941,3.19900412,3.618475267,2.7737677119999997,3.152346767,2.855977779,3.136324976,3.7337995019999997,3.787498028,3.892319216,3.000261432,3.8739550510000003,3.2071134580000003,3.4707135389999997,3.469757717,4.393970655,4.240772454,4.577747215,3.5443074930000003,3.652763928,3.4852798330000003,2.7970937510000002,3.5583942139999998,3.625076574,3.406639872,3.2023231739999996,3.129829243,3.040752658,3.6943890839999995,3.5571700739999996,3.19781202,3.662028972,3.551058527,3.042219942,3.5755614760000003,3.445576453,3.022421094,3.224071216,3.9089009,3.7560954489999996,3.908340615,3.525262858
Ga0242637_113281,3.5882946430000002,3.6224631489999997,3.5957216260000004,3.677498875,4.264277858,4.47645793,3.277942678,3.8835986489999996,4.099120538,3.874070482,4.218583159,4.116088736,3.53504885,3.666205171,3.787498028,3.547978091,4.061476221,4.230088347,3.5826343030000003,3.648450477,3.64741757,5.3129993319999995,4.470928413999999,4.924648265,3.844348227,3.652763928,3.820616643,4.088157498999999,3.5583942139999998,4.396006508999999,3.7303142510000002,3.7278747230000002,3.733234295,4.186997065,4.467038435,4.270522828,4.995296209,3.91283721,4.236306217,4.632733889,4.198123123,4.823235936000001,3.8313353180000003,3.917653608,4.079391123,4.061967078,3.7713112289999997,4.007957471
Ga0242637_113282,3.79986984,3.869455631,3.692998448,4.101398217,3.8193379060000003,3.720956082,3.748712635,4.2144303910000005,4.016152236,4.389318268999999,4.023771416000001,4.497658663,3.9197569839999997,3.43792384,3.989110611,4.671023263,4.281103862,4.098857669,3.8692144980000003,4.643484469,4.790629011,6.117484336,5.532841605,5.850504926,3.652503691,3.652763928,4.497285518,3.917216817,3.6541520239999996,4.1851910939999994,4.134656991,3.8303429139999996,4.066401976,4.186997065,4.579888975,4.223785943,4.090071432,4.122987674,4.01929759,4.246408504,4.7092957680000005,4.754924248,4.319533971,4.470215957,3.9089009,4.061967078,3.908340615,4.252491295
Ga0242637_113283,4.786832832,4.9110977160000004,5.207248198,5.060162934,4.82588164,5.0266480069999995,5.016341639,4.742600255,5.16379862,6.75397629,6.497625646,6.5278231920000005,5.366813166,4.613495265,5.112064538,5.041600655,4.736800533,4.868474378999999,5.11866428,5.409719957,5.4529875489999995,6.078487558,5.629148799999999,5.48758844,5.4383337670000005,6.157608203,5.6707321020000006,6.357187197999999,6.506445147000001,6.430301337,5.956689586,5.943460536,5.689675987999999,6.707550805,7.10689688,6.777612331,6.097225568,5.25189535,5.100962576000001,4.002277801,5.082266081,5.65562299,5.198829547,4.862887133,5.211812222,4.937387107,4.250125233,4.552351294
Ga0242637_113284,6.926887767999999,6.809315872999999,6.798920884,6.913587926,6.844595077999999,6.889709726,6.595894845,6.715202637000001,6.798734062,7.12900344,7.552208805,7.4161339260000005,7.0403685860000005,6.942541551000001,6.93615299,7.333140629,7.4609794229999995,7.502608842000001,7.728393821,8.202767064,8.233276277,9.102770055,9.018876297,8.89567592,7.251423521,7.375073143,7.303262214,6.875466584,6.529946292999999,6.9019515160000005,6.76428305,6.887431198,6.53384496,7.437297012999999,7.683960867000001,7.467988207,7.692022105,7.441409181,7.286775502,7.492867699,7.073373025,7.20231055,7.587486987999999,6.815331317,7.234604227,6.746267497000001,7.6574153570000005,7.512619996000001
Ga0242637_113285,9.763342355,9.712474843999999,9.661151403,9.226012223,9.23277299,9.284406178,9.167574428,9.195102375,9.212637987999999,9.788247158999999,10.040192300000001,10.03236905,9.818187792,9.767137479,9.704039197,9.263428572,9.443116049,9.164598867999999,8.743115649,8.672162568,8.855908825,8.86057643,8.840216231,8.856446587999999,9.747759129,9.834975491,9.561542756,9.52970023,9.839722461000001,9.482963882,9.054031419,9.005537549,9.069930595,9.622018902,9.788257376,9.512389255,9.219196923,8.988762125,9.052650422000001,8.924033071,8.626579847999999,8.747221373,8.735002714,9.221438392,9.373392245,9.274043249,8.998128645,8.961896018
Ga0242637_113286,6.63725785,6.524229557999999,7.107698857999999,6.48338353,6.76038663,6.361273322000001,6.116751192000001,6.378130116,6.419550429,6.938461869,7.3062766429999995,7.55555907,6.8042773,6.329198133999999,6.389395849,5.577775439,5.531821900000001,5.184614833,4.895776856,5.2148792639999995,4.924884106,5.0133739969999995,4.668031599,5.138108701,6.697442743,6.468220627000001,6.57615247,6.897615492999999,7.076201524,6.856556353999999,5.837806122000001,5.520822417000001,5.980002565,6.873886793,7.33645044,6.912208501,6.097225568,5.628299527999999,5.795807193,5.000863439,5.976825521,6.151927777999999,6.778769051,6.735551721,7.251739681,6.796296265,5.686739139,5.007921351999999
Ga0242637_113287,7.449297286,7.4179768720000006,7.499015088999999,7.358048148,7.2896300489999994,7.341585958,7.241749836,7.326369027999999,7.49356723,7.42630507,7.636648227,7.913670263999999,7.243164129,7.268878585,6.951492256,5.966593307999999,5.76139589,5.889987305,5.169295709,5.659621767999999,5.73248443,6.038401672000001,5.804244499,5.8900235279999995,7.092291181,6.949020531,7.294963429,7.314565374,7.66931045,7.41372443,6.437018356,5.831564123,6.822136133,6.856325821,7.0505084689999995,6.968215809,6.437684056,5.628299527999999,6.0194734620000006,5.741003194,6.843720942000001,7.380417295,7.185603978,6.909215849,7.251739681,7.219322549,6.119789277000001,5.929396152000001
Ga0242637_113288,7.527476541,7.441993517,7.635641992,7.633509277000001,7.617267266,7.778776491,7.607547632999999,7.6533347339999995,7.79733088,7.672651022999999,7.560878787999999,7.689821912,7.462124154,7.400709795,7.36052325,6.4284771339999995,6.382738746,6.1524210120000005,5.981201552999999,6.246939936,6.112517617000001,6.155449891,6.374626861,6.265172641,7.743707942,7.629496705,7.7901818039999995,7.255783728,7.800567964,7.444717836000001,7.2400623060000004,7.065737563,7.131312735,7.466513907,7.607875932000001,7.492057998,6.985673822000001,7.344481926,6.934984804,7.9889727520000005,8.626579847999999,8.220013601,8.453131789,7.772129252,7.866427077999999,7.919719936,7.805550201,8.33434421
Ga0242637_113289,8.101869368,8.201811132000001,8.208123119,8.303321758,8.344062017999999,8.394847282999999,8.280900747999999,8.322501549,8.365704866,7.95520193,7.898430052999999,7.752538652999999,8.636923169,8.415646747,8.339608842999999,7.618977966,7.446447149,7.639835063,6.535085897,5.659621767999999,5.73248443,6.517819203999999,6.229043205,6.139804722,8.551016313,8.339072502999999,8.562330872999999,7.928421482,8.252527132,7.955705818999999,7.9176181329999995,7.763624688999999,8.3237462,8.216281686,8.380546996,8.289331086,7.8819997310000005,7.617663192,7.8951962810000005,7.948034975,8.598502565,8.188472605,8.628768887,8.684954747,8.878948357,8.54343109,8.123793828,7.948197971
Ga0242637_11329,10.42238998,10.69169554,11.197833000000001,10.13615163,10.37631124,9.130216747,9.027484375,9.580106864,9.587865988999999,8.152396412,8.084279561,9.842057947,7.6221852729999995,8.673930438,8.590311651,5.041600655,4.736800533,4.745062231,3.2071134580000003,3.261710257,3.2608517239999997,6.427695064,3.6101325589999997,3.613718618,7.841741538,6.9833956939999995,8.176295078999999,8.768252553,9.428232508999999,8.260043166,7.584930152999999,7.669422381,8.454119486,5.208172581,8.870152199,8.891301506,7.066247163,8.045233187000001,8.950490764,8.351137948,6.547022713,6.5796728589999995,4.510207018,3.351217807,3.712631568,3.917989517,7.878218619,8.786125434
Ga0242637_113290,7.485359676,7.304656941,7.968219153,7.790173276,7.9329350320000005,7.9022303460000005,7.88247526,7.966686183999999,7.867069386,7.95520193,7.821157774,7.653763297999999,8.338150087999999,7.818444862000001,7.916065586,8.021678278,7.834639664,7.728134927999999,7.390539899,6.857768197,7.042551327999999,7.236386233999999,6.6735829429999995,6.6338002970000005,8.033723291,7.510837876,8.043937792000001,7.082976767999999,7.4953863389999995,7.265364524,7.650877067000001,7.301804343,7.620040388,7.944600781,8.131645634,8.037937972,8.164026599,7.617663192,7.732882095,7.57045381,8.417491822,8.293011482999999,8.447460723999999,8.45231531,8.721884289,8.501860326000001,7.711452885,7.789388002000001
Ga0242637_113291,9.065145611,8.933300247,8.982513633,9.119070475,8.970246203,8.984703428,8.876506771,8.925692202,9.001495504,8.894127798,8.535029739,8.391954594,8.851088978,9.319140871,9.112466801,8.53812748,8.673652877,8.600815181,8.450366718,8.431629062999999,8.283451153,8.900158472000001,8.583415117000001,8.431799251000001,9.05421946,8.970742453,9.22417487,8.797973406,8.800536313,8.731371192000001,8.67059412,8.741150969,8.948440233,8.794928704,8.797816762,8.852794663,8.681250452999999,8.46956262,8.674592199,8.902769607,9.052105665,8.963892216,9.134937333,9.105340887,8.867882652,9.231077702999999,8.692638913,8.928413634
Ga0242637_113292,8.612808366,8.916262236,9.071070653,9.425954092000001,9.526598197,9.575650686,9.876601564,10.03367323,9.862789348,9.083225237,10.33490402,9.757959538,8.919241741,8.647639357000001,8.661947343,9.57035734,9.340789639,9.164598867999999,8.858437996000001,9.104695521,9.140831954,9.59143281,9.451220578,9.143938182000001,8.779810323,8.790902474,9.084367565,9.362751038999999,8.822085615,9.936967109,10.495826699999999,10.55601208,10.15190581,9.225696965,9.492896277,9.705862804,9.562346735,9.550033709,9.540364149,8.286931007,10.69139509,10.43723429,10.66738999,9.647433903,9.700972693999999,9.607938067000001,8.53677468,8.409078108
Ga0242637_113293,4.921002898,3.869455631,4.860393744,5.4977389389999995,5.458386827000001,6.095503411,5.344248659,5.587854455,5.7134626829999995,4.326727,5.980999306,5.433484136000001,4.458824889,4.026822059,3.7126032810000003,3.3312073310000003,3.3308858669999997,3.4955664389999996,3.5826343030000003,3.261710257,3.8028251330000002,4.737776482,3.7987871739999997,3.967222743,4.525876352,3.976273982,4.30716112,5.673519212,4.8834896080000005,6.334135596,6.338445395,5.831564123,6.105733481000001,4.186997065,4.344097046,4.829070251,1.764951351,3.91283721,3.149291978,3.042219942,3.084464068,4.254488025,4.213173858999999,3.351217807,3.190463246,4.19184173,3.2361992219999998,3.310755737
Ga0242637_113294,12.24397071,12.69819081,12.50829153,13.45102904,13.38309813,13.58002123,13.62742708,13.6821301,13.91087995,11.17329556,13.37998564,12.45497234,10.929350999999999,11.18537123,10.93874884,9.638537611,9.099837755,8.888687692000001,9.305139177000001,9.772153131,9.716601703,12.96525067,12.06734854,11.82016072,10.97408114,10.80521556,12.22516341,13.66264419,12.72641819,14.36213457,14.12373338,14.13815194,14.05893347,11.73892998,11.94874821,12.20044943,10.04705634,10.12919196,9.424616108,8.772849306,9.24917681,9.449595054,9.618933556,9.690344639,9.725700055,9.925677253,8.526764465,8.757810177
Ga0242637_113295,11.75191892,12.43420513,11.91942648,12.77563117,12.88716485,13.08788083,13.38870033,13.38864213,13.28914568,10.47590687,12.8844838,12.00724343,9.959150355,8.884280321,9.849198856000001,7.980232375,8.002956308,8.331663612,9.007192733,9.594532996,9.745972343,12.54282793,11.90517074,11.73620804,10.57637015,10.39339746,12.26949551,13.79002076,12.94799159,14.15337384,13.57849631,13.71445486,13.37747807,11.28523681,11.55324708,11.60406992,6.85567705,7.196803992,7.325274566,6.630266219,6.68172764,7.424416872999999,7.01196139,8.427163952999999,8.336740121,7.873894766,6.271662857999999,6.206435961
Ga0242637_113296,8.321207979,8.401744658,8.076551379,8.567535787999999,8.720396733,8.648368074,8.781286091,8.775431785,8.525183217,8.290392249,8.035356188,8.019461446000001,7.634254316,7.728667064,7.768068062,7.49495429,7.524620542999999,7.7119853439999995,7.61531041,8.044249885,8.056990951,7.594603642,8.178768379,7.990289652,8.001093756,8.315669852000001,7.951952357000001,8.170344238,7.9385167910000005,8.255681461,8.641404051,8.725633473,8.381575354,8.098071742,7.973908166,7.964154665,7.989164691,7.759743187000001,7.890070091,7.336666713,8.062088204,8.061901889,7.638163467999999,7.910154642,7.866427077999999,7.83136893,7.036116594,6.9536676360000005
Ga0242637_113297,7.463830672,7.599761105,7.541984447999999,7.283293619,7.01778812,7.411000683999999,7.161480351,7.3651652620000005,7.1554624460000005,7.289304144,7.434480869,7.507874854,7.342154292000001,7.381196406,7.228276339,6.852985968,6.985708971,7.157740763,7.136794931,7.058766186000001,6.64179798,7.479830403999999,7.180350701,7.154402167000001,7.715250419,7.3943567660000005,7.467333769,7.781414945,7.893984128,8.074386022999999,7.736203905,7.919080107,7.643871555,8.372582677999999,8.038121653,7.811864872999999,8.145612062,8.549990094,8.333138444,8.036611838999999,7.299591767000001,7.251998535,7.502506892,7.166558437999999,6.991043112000001,7.4740339879999995,7.66656342,7.466693744
Ga0242637_113298,11.05800237,11.02838404,11.00735781,10.86127594,10.84055249,10.94699999,10.35665399,10.43553565,10.57022289,9.895684044,10.09044475,10.09150705,10.80544396,10.89171637,10.66368338,9.91851977,9.808054896,9.617401322000001,8.947363809,8.409178544,8.245984578,8.101052949,7.614296792999999,7.786200215,11.07213091,10.87605873,10.93460947,11.41335977,11.30217499,11.21127305,10.05481887,9.910763943,10.24733193,10.70917455,10.23956041,10.09720667,10.97363573,11.32092147,11.15497723,10.63616505,10.20248221,10.08317117,9.924664837,10.46102437,10.83091524,10.74916269,10.50042103,10.70170149
Ga0242637_113299,10.99750374,10.96403879,10.91642487,10.77357332,10.8411926,10.87068776,10.34459338,10.3923819,10.41010532,9.920372143,10.05253641,10.15735589,10.74761141,10.64929445,10.40996813,9.853451967,9.671072696,9.518753169,8.936543282,8.845195256,8.637011852999999,8.16744536,7.780045832000001,8.284394531,10.81894658,10.55486091,10.74210671,11.18499312,11.09307459,10.95770423,10.01098855,9.905264804,10.18577403,10.80146015,10.26454814,10.14806588,10.82824713,10.98234624,10.93809701,10.35230801,10.14734904,10.08659696,9.97283091,10.39689268,10.89907979,10.55233888,10.24205405,10.56404232
Ga0242637_1133,3.981339932,3.869455631,3.692998448,3.024689424,3.9047313960000003,3.196938321,4.149254746,3.956726771,3.3591003539999997,3.874070482,4.218583159,4.2014779110000005,4.402065233,3.154430736,3.787498028,4.83117596,4.347036161,4.1660756469999995,3.7340261939999997,4.182356513999999,4.181123441,5.5023955010000005,5.1328806060000005,5.850504926,3.425532893,3.5570608089999998,4.08603391,4.005455174,3.82616232,4.023757596,4.551085283,4.174672094,4.205940684,4.127524908,5.150333711,3.5571700739999996,4.615431697,5.0681414689999995,3.938295756,5.534287024,4.198123123,4.6073727060000005,3.6742944960000004,4.061615789,3.4799555860000004,3.7560954489999996,4.818322602,5.401599866000001
Ga0242637_11330,13.50431141,13.62900815,14.47151122,13.66809245,13.975501199999998,12.3933691,12.08173866,12.68119582,12.70579638,11.35298708,12.00092455,13.79785239,11.01143222,12.18273851,12.16508273,7.893586458,7.900081859,7.438614007000001,6.456359786,6.807111346,7.928860299,9.363654731,5.674972682000001,5.768038651,10.99138696,11.10341183,10.596993300000001,12.52608781,12.98361844,12.11213164,10.47115493,10.50420762,11.38477352,9.408370384,12.37954065,12.0959951,10.62727623,10.9164587,11.5937156,10.9907614,9.753120497000001,9.702730195,8.179749117,8.489238686,8.538643848,7.37879419,10.67824038,11.51007558
Ga0242637_113300,10.31730925,10.34617992,10.26057338,10.21365021,10.31034615,10.24062,9.904597258999999,9.890369946,9.882564628999999,8.872981236000001,8.994506254,9.173538155,10.10283328,9.926173995,9.819224635,9.148409678,9.023594387000001,8.817529423,8.036116474,7.5129899060000005,7.651611618,6.682717975,6.259363603,6.982753397000001,10.11092468,9.694305505,10.217086199999999,10.26775479,10.45753065,10.30517858,9.24077242,9.145054088,9.458760906,10.21665974,9.428019711000001,9.294373634,10.36215979,10.69659346,10.5878076,9.857608072,9.853938425,9.75963564,9.356867807999999,9.910479912000001,9.933676206,9.849603871000001,9.57793205,10.08906505
Ga0242637_113301,11.11318865,10.92038052,11.3838861,11.175925300000001,11.20271859,11.25341194,10.47824244,10.55635787,10.56935164,9.887799204,10.03553589,10.29361232,11.083054400000002,10.67805388,10.43471989,10.23798679,9.958967576000001,9.627479017999999,9.236220966,9.047702327,9.164451356,7.97960407,7.831316009,8.431799251000001,10.99316542,10.81716779,10.90766123,10.74908794,10.87675033,10.97571453,10.21891402,9.874639036,10.10547473,11.40472514,10.88092117,10.70309314,11.1754287,11.47190469,11.17513256,10.36168868,10.51037124,10.68673015,10.23884632,10.66505049,11.0276903,10.770574,10.31366061,10.70046232
Ga0242637_113302,13.76883321,13.77089078,14.12762723,14.63263861,14.69113404,14.69016584,13.77669025,13.92656348,14.05368538,12.39488555,12.73382288,12.43838088,13.60981909,13.18616953,12.68028933,13.551185199999999,13.20374865,12.84676657,12.22715699,11.80677251,11.87668967,10.74889145,9.719566894,10.82286634,14.56487304,14.094362599999998,14.23647566,13.56512266,13.65824449,13.60123526,13.46999085,13.26623362,13.48793117,14.78584335,13.09686119,13.599909,15.282131099999999,15.65961334,14.991130199999999,14.88842657,15.35363648,15.03377346,14.78790104,13.95257024,14.46034994,14.34808491,14.61341008,15.34991267
Ga0242637_113303,9.130348741,9.07629574,9.047839974,9.15094315,9.152525053,9.227843107,9.182896946,9.175234525,9.217095135,9.466961786,9.216453963,9.150439373,9.110603572,9.208664557,9.046190744,8.642765087999999,8.752534987999999,8.802358362,8.696842322,9.212341537,9.067560825,9.068436896,9.169884752,8.831375216,9.36012362,9.374996599,9.19772141,9.109012674,9.232923977,9.148531728,9.06945496,9.013226807,9.11962783,8.974411633999999,8.774809722,8.876753175,8.803737783999999,8.774882185,8.553385707,8.01298899,9.539379873,9.32750546,9.541200396,8.98339569,9.045345543,9.022227766,7.886071404,7.989376106
Ga0242637_113304,7.79792108,7.957190326,7.821496144,8.559641577,8.848178629,8.67682055,9.993211606000001,9.894794398,9.984120949,11.56889833,12.64490726,11.72578268,8.075942635,7.923336178,7.888453042999999,11.01338885,11.12798077,11.41791095,12.91703898,13.05895725,13.02572437,11.96113891,10.68339123,12.07528834,8.926014992999999,9.279738392,8.672096571,7.499641696,7.076201524,7.617866652999999,13.54194409,13.90783151,12.47712368,10.75900898,12.35357455,12.03096715,11.70812932,11.45691859,11.79940213,9.688998591,9.594435563,9.304152969,9.960939312999999,9.471019412,9.797436506,9.24913578,9.919467235,9.964521819
Ga0242637_113305,8.685892655,8.877174615,8.837336042,9.084645175,9.11701988,9.165325035,8.735834909,8.665791881,8.83748609,8.664190873999999,8.327191322000001,7.961649037999999,9.481702838,9.546298899,9.272063987000001,8.146827168,8.338118073,8.359572875,8.372215788,8.06594115,8.220455007,8.460082325,8.670442264,8.192865056,8.52502381,9.053909242000001,8.722452574,8.886398967,8.579366486,8.492806476,8.362506936,8.292124989,8.168135745,8.771715634,9.072374273,8.547642904,9.822067701,9.609623022000001,9.718622079,8.212836824,9.223669884,9.00067551,9.546514963,8.498323716,8.671861331,8.80992217,8.232495291000001,8.327938017000001
Ga0242637_113306,9.977182067000001,10.2517155,10.00499217,10.12103376,10.13976557,10.00798727,11.05607055,10.98143038,11.06027317,11.80456419,11.69029821,11.49465815,9.609433094,9.96025944,9.943244164,10.06247014,10.20210428,10.27348539,9.941062084,9.842952785,9.851595098999999,11.63898968,11.89496764,11.32751633,9.981924301,10.1353214,10.12649779,9.761561503,9.670542841,10.06710731,11.79574406,11.99755602,11.25591664,11.47969528,12.80148831,12.05398101,10.56628884,10.99197488,11.01955738,11.76383753,10.90589506,10.27554699,11.46270662,10.76000894,10.33219131,10.6398034,11.68597062,11.87496233
Ga0242637_113307,8.092549307999999,8.364542026,8.23080723,8.467017392,8.567862086,8.422606349,8.645321512,8.683801696,8.622479036,9.535853525,8.91898429,8.687727399,8.636923169,8.476661243999999,8.467737301,8.808208102,8.657975925,8.822551192999999,8.640170262,8.351474163999999,8.301825687000001,8.849064881,8.70383434,8.66537923,8.339871991,8.419683864,8.662455941000001,8.377457001,8.266567516,8.477905400000001,9.108374471,9.332913612,8.729327956,9.486013067,10.50719033,9.595807735,8.815433355,8.99516017,9.237532771,8.99004353,9.312767241,8.989738667000001,9.580590471,8.944042407000001,8.851123289,8.775448213999999,8.961441019,8.885437299
Ga0242637_113308,8.083168628,7.88457946,8.051284086,8.438603257999999,8.322217188,8.347360956000001,8.625520225,8.469162931,8.405305927,8.487628254,9.359935189,8.591908754,7.960873981000001,8.085814698,8.04314106,8.764936015,8.857837477,8.942729198,8.996813383,8.853533049,8.78366724,8.541011036,8.217820435,8.534793396,7.551048763,7.759097709,7.614625707,7.611018937000001,7.685079721,7.923069696000001,9.189262015,9.17506897,8.619461233,8.733779796,9.513889258999999,9.187916228999999,9.236699391,9.129182458999999,9.143751269,9.425348429,8.744012833,8.798260853,8.767227089,8.230384782,8.175555006,8.305289299,9.274227816,9.727164063
Ga0242637_113309,7.745361502000001,7.831030429,7.480200227,7.739819755,7.5870471639999995,7.793027221,7.502876494,7.2032913810000005,7.108226696,7.155529801,7.131020562000001,7.078010547000001,7.502190467999999,7.789135621000001,7.872433775,7.025990104,6.9756197470000005,6.953026725,6.609726987999999,6.028151717999999,6.319441296,7.253959365,6.346665849,6.265172641,7.8151717220000005,8.207206331,7.748255651,8.147436634,7.861972274,7.753994817000001,6.994262888,7.343082005,7.026401446,7.449054922,7.221990955,7.259428184,7.531068389,8.020352377,7.715598735,7.714123047,7.950992961,7.538917829,7.677460078999999,6.844144815,7.011311974,6.918778087000001,7.471570599999999,7.853241647000001
Ga0242637_11331,9.305918903,9.635187365,9.461464021,9.21767576,9.263662613,9.333970822000001,9.153816425,9.12903604,9.052267951000001,8.266264284,8.888321383,9.168436961,9.057829411,9.387947828,9.288754362999999,8.322926763,8.395969026,8.522741887,8.278203034,8.448240572000001,8.413058227999999,8.398235495,8.522336024,8.356468223,8.169960943,7.9492628960000005,8.572661971,8.995597272000001,9.44066864,9.429757648999999,8.452651541,8.440183356,8.789308583,8.762324794,8.77770575,8.828431504,8.719100914,8.97588027,8.955406284,8.01298899,8.134275503,8.226239867,8.01314056,9.067184217000001,8.948877596,8.977434601,8.117137159,8.135934714
Ga0242637_113310,6.760183736,6.419142491000001,6.788756487000001,6.719233055,6.943371332000001,6.967202294,7.4016997589999995,6.988132255,7.146138354,7.462158831,7.09564781,7.11031001,6.441495174,6.31896427,6.579222992,7.105277632999999,7.054421832,7.17355671,7.642204809,7.672334383,7.5730877439999995,6.708453757999999,6.627873937,7.2931416229999995,7.211220265,7.0086492620000005,6.744166521,6.759304812000001,6.842956986,6.711096695,7.509371657000001,7.437577271,7.371523435,7.443187955,7.581595136000001,7.213833861,6.985673822000001,7.056937216000001,6.842420252999999,6.945405302999999,8.759310527,8.620598986000001,8.633771271,7.03115232,6.566864648999999,6.746267497000001,6.82345168,6.936915806
Ga0242637_113311,7.9655665110000005,8.022343895,7.94554081,8.306470067000001,8.333180958,8.261155913,7.769712136,7.616295432,7.809190697999999,7.16426451,7.396233799,6.904667408,7.892184919,7.77798923,7.772390982999999,8.085609753,7.748425782000001,7.744105641,7.694533897,7.369154476,7.181404511,6.192437593999999,6.346665849,6.2038558429999995,7.697902363,8.109492605,7.53230968,7.194502378999999,7.060161296,7.489993287000001,7.380997152000001,7.206604747999999,7.434370454,7.910994947000001,7.7084557479999996,7.501574507999999,8.145612062,8.262375401,8.348167937000001,8.459965174,9.13653688,8.785669283999999,9.120755405,7.6899138670000005,7.350482686,7.619992937999999,8.327821659,8.704409707
Ga0242637_113312,5.716073102,5.454132052,5.535401821000001,6.254370739,6.363485515,6.282531727,6.804195694,6.725184894,6.566703287,6.776947824,6.442328847000001,5.794506029,6.984873426,6.45600604,6.539150816,9.748759732,10.22781611,10.54130669,11.23509775,12.00597081,11.58321724,12.58072992,12.26111078,12.17182212,6.720552861,6.273416267999999,6.838589513,6.075292666,5.638247326,6.445721832,7.012628766000001,7.045870187,6.667851638999999,7.460717707000001,8.180610854,7.208031797,14.90242855,14.44308341,14.79579559,9.2478575,8.581390066,8.162733579,8.138107072,10.04571799,9.700972693999999,9.816077683,9.64192842,9.289831342000001
Ga0242637_113313,8.073726534,8.30032245,8.631125298999999,9.030464491,9.197212743,8.99089709,8.226069789,8.322501549,8.503452006,7.447924152000001,8.367276083,7.703996602,9.332326726,8.872104066,8.597637445,10.45620232,10.40072522,10.42973441,11.45385657,11.94534437,11.65166503,12.22432065,11.96892993,11.75098952,6.709044174,6.354531682,7.155240818999999,7.013697155,7.130976557,7.504774547999999,7.857954945,7.81145778,7.56493492,8.560399259,8.994853018999999,8.324600475,15.08078435,14.70037829,14.95101067,9.907565972,10.79893172,10.03256069,10.40311907,10.02909874,9.840525371,9.924554051,10.21113619,10.10601068
Ga0242637_113314,8.896004676,8.977090516,8.859338493,8.938089062000001,8.981903534,8.923419116,8.79020697,8.78499789,8.822938271,9.148475234,9.108266856,8.794230675,8.986674193999999,8.95029992,9.063929157,9.148409678,9.348623353999999,9.348170431,9.501459682,9.541335605,9.577747458,9.601758373,9.480415779,9.404096499,8.746455385,8.981404317,8.849671017,8.82420848,8.483448555,8.630552666,8.590383698,8.55701887,8.487422571,8.654777231,8.528869173,8.387530576,10.06676136,9.759958125,10.15018005,8.156454192,9.539379873,9.32750546,9.439175477000001,8.821514439,8.524619605,8.580988371,8.333575451,8.228265503
Ga0242637_113315,9.021617441,9.239297569,8.937259115,9.500692399,9.379241451,9.412972376,9.690213712,9.585590912999999,9.427881186,9.005197747,8.751150074,8.823733353,8.921705114,9.072392959,9.008214603999999,9.324311699999999,9.463099197,9.760331163,9.727516853,9.538752800000001,9.451778511,9.809048068,9.993776691,9.673218417000001,8.638469868,8.551461156,8.987315145,9.055881456,9.033896402,9.308673439,9.416462956,9.535156103,9.410965938,8.939424167,8.631688829,8.862056626000001,8.838543814,9.299111867999999,9.394167467,9.28448825,9.605763263,9.488961892999999,9.478632773,9.622723631,9.567131761,9.55230249,9.243998322000001,9.391622091
Ga0242637_113316,9.766275689,9.776420802999999,9.893317995,10.35869281,10.28328019,10.15404103,10.08578185,9.979506903999999,10.01772218,9.753957731,10.51963247,10.22402232,9.529322065,9.458283508,9.439045757999999,10.07826758,9.972972267000001,9.966064792000001,9.897091337,9.906438343,9.91264154,10.93325285,11.08079195,10.47664664,9.07227966,8.911765779,9.483393465,8.762234187999999,8.838626419,8.954978584,9.753034205,9.805473035,9.776901524,9.647746447000001,9.200913774,9.266744265,9.304660042,9.496921808,9.410367356,8.005027932,10.48145402,10.57653471,10.60253513,10.149313099999999,9.920349072,10.110871699999999,8.062747957000001,7.914387389
Ga0242637_113317,7.554886081,7.343428574,7.480200227,8.821897771,8.883411526,8.963863697,9.568460121000001,9.49524165,9.350878936,11.42376623,9.893515222000001,9.506304822999999,8.861391119,8.274748842000001,8.24635978,11.68904014,11.93117821,12.2290586,13.58369671,13.31905593,13.39543549,11.77674563,10.88606782,12.14612878,8.275069401,8.798157527,8.305801769,6.722546896,6.8799865989999995,6.988662956000001,12.06228896,12.32165188,11.16571223,9.787386887,10.45929432,10.7939657,12.38725915,12.16153836,12.29992676,11.343045,11.66222384,10.96039815,11.4119284,10.29022409,10.18393357,10.04210848,11.32143772,11.49728784
Ga0242637_113318,7.614716262000001,7.647013191,8.025566212000001,8.984033347999999,8.888375278,9.00116113,9.364084955,9.387909675,9.290832672999999,11.60100157,10.01044465,9.764735598,9.617052869,9.057108499,9.067450813999999,11.96926746,12.17149916,12.40318909,13.59678471,12.85322019,13.02733539,10.708058,9.209170888,11.07435443,9.13591535,9.333988856,9.179812373999999,7.739134719,7.44069596,8.103804369,12.25164994,12.51953106,11.36564873,10.40870704,11.18022336,11.30285704,12.44768525,12.15011671,12.36463408,11.6076865,11.45315789,10.83667076,11.12362434,10.73972436,10.78017582,10.61355881,11.62452824,11.72153964
Ga0242637_113319,9.730675782999999,9.614210617000001,9.717110287999999,10.86874876,10.95497844,10.85719055,10.86084417,10.77911853,10.88229433,11.23881557,11.77932841,10.73946033,10.89278121,10.50974872,10.50197759,12.55306183,12.69550657,12.76059938,13.49813365,14.17741779,14.02409944,14.45597268,14.69847664,14.38002826,10.19883093,10.15805482,10.56199108,9.549054789,9.22035633,9.59940052,9.850631239,9.643165521,10.08712748,11.47539149,11.0646418,11.07452378,12.40768369,12.39958898,12.43450594,12.99243996,13.75172097,13.28380731,14.05074581,11.14210379,10.74583398,11.00594871,13.06554891,13.102680099999999
Ga0242637_11332,6.400676749,6.643046963,6.592340957999999,6.013058472999999,6.097513609,6.064438497,5.982730022,6.114862433,5.7134626829999995,5.712555859,5.901091802000001,6.10415414,6.371028016,6.51992215,6.702249714,5.6217700520000005,5.68889131,5.790628498999999,5.558442277999999,5.409719957,5.104939347,5.721208933,4.668031599,5.323559412,5.762789337,5.375044513,6.148225393,6.63294252,6.587072753999999,6.491015537999999,5.196869523,5.335755549,5.134643458999999,5.8666220870000005,5.804121743,5.792344933,5.934684068999999,6.216819847000001,5.795807193,5.238749722,5.7497599379999995,5.65562299,5.252278774,5.820934172,6.1205945879999994,5.915170772000001,5.574061733,5.5856647520000005
Ga0242637_113320,8.778881171,8.716684642,8.844707543,9.079133711,9.114903875,9.109493404,9.004671429,9.11013427,9.029641218,8.909786742,9.56125125,9.176082004,11.15023853,10.524271,10.66542726,12.46567883,12.58586739,12.52119996,13.32486128,14.06322076,13.92572508,14.25530506,14.31895373,14.2011372,8.278962986,8.166670875,8.255385738,8.28812542,8.273536785,8.428385507,8.466033207,8.178171358,8.554952181,9.148504008,8.682021405,8.837850707000001,12.3159815,12.18551322,12.12173716,13.08029082,10.44880371,10.1086685,10.60253513,8.901304146000001,9.064857856,9.139170514,13.13678893,13.32400836
Ga0242637_113321,9.553534126,9.498780944,9.478938708,10.03350496,9.966366563,9.910073821000001,10.00953587,9.919974983,9.925411387999999,9.491449879,9.965456694,9.450662118,9.521223187,9.679024811,9.567705904,10.50377088,10.73172648,10.87859163,10.89661346,10.5969144,10.77575221,11.46233087,11.58507617,11.19522553,9.00570678,8.871064376,9.067421808999999,9.348762636,9.336378928,9.425881047,9.009033166,9.065933714,9.173819884,9.676776808,9.614502607999999,9.39351203,10.01191133,9.778622031,9.711376119,10.32379438,11.39803027,10.75074955,11.3950883,9.710027952999999,9.514887564,9.628777758,10.51694865,10.27036355
Ga0242637_113322,6.060992991,6.13918578,6.391947107000001,7.491320699,7.236096697000001,7.392398466,7.709841645,7.600125461,7.572239122999999,8.237595183,8.842847155,7.55555907,6.907389276,6.631578901,6.943843041,9.137141237,9.507511633,9.844202187999999,9.976707577,10.22512356,9.914632595,9.966486843,10.46059552,10.20330645,7.169863231,6.9833956939999995,7.5463595439999995,7.158277805,6.218883214,7.157231528,7.572608866,7.504593671,7.275615332,8.871170733,8.277916814,9.084096384,9.431670561,10.20841841,9.790523636,12.48794422,12.19389448,11.11181641,12.10711216,8.588996792,8.193395446,8.301832778,11.94888421,12.66873845
Ga0242637_113323,3.3323533810000003,3.942239546,3.3742476210000003,4.039622844,3.9047313960000003,4.268645649,3.581642131,4.271795039,4.51177886,5.78253743,4.858901346000001,4.624800024,5.423897621,5.168979453,5.474722084,7.459192233,7.054421832,7.189200961,8.159133321,8.865950068,8.500502133,8.86057643,9.277297471,9.211564832999999,4.292841717,4.4528408719999995,4.30716112,4.005455174,4.350212306,4.106914192,4.697037544,4.728067906000001,4.205940684,6.41530189,6.015773707999999,6.30931133,7.179241362999999,7.240564003999999,6.9645633579999995,8.351137948,7.830619859,7.189616189,7.340555848999999,5.5438145510000005,5.280719161,5.169734368,8.444078965,8.704409707
Ga0242637_113324,10.2880132,10.01416777,10.11880881,9.807754892,9.774613517,10.01408178,9.747442133,9.736185508,10.27875752,14.89461618,9.283446397,12.0742332,15.33697026,15.54004086,15.31123006,17.67050673,17.65776738,17.72355078,17.43290642,17.00251844,17.07846604,16.8301168,17.17696233,16.89955423,6.673955573,6.650502145,6.838589513,7.663638949,11.00055928,10.0583699,10.50800615,10.82860558,9.076510764,13.32118059,14.75121653,13.0805656,17.4437195,16.37920622,16.0426126,16.11680293,9.42892516,8.439536888,10.66860907,10.28060293,10.51175209,10.09598259,16.55983413,15.67193211
Ga0242637_113325,8.719578905,8.401744658,8.561251261,8.500391619,8.703597743,8.881807809,8.903478003,8.82264028,9.203682165,13.55956598,8.677341118,10.71079928,13.37070553,13.39463314,13.28899448,15.84148098,16.20725508,16.32848167,16.50383891,16.75220045,16.76797142,16.64622963,16.87014597,16.75909513,6.045556368,6.172605152999999,6.254930006,7.185531242000001,9.536477047,8.709213754,9.761198145,10.10196754,8.113719625,11.75588528,12.89863023,11.78732154,15.70979312,14.59270061,14.34087523,14.85089454,9.0228269,8.591956612,10.19383295,9.316953426,9.079320821,8.944565934,15.11310631,14.44559622
Ga0242637_113326,6.817922597000001,7.138214528,6.828990567000001,7.142348804,7.114213524,7.354457991,7.571770718,7.402944627999999,7.192166986,6.948611846,6.776231467000001,6.411566827000001,7.297309666,7.547979904,7.7241107410000005,7.8389846279999995,8.042135662,8.183391986,7.769630362999999,7.285317455,7.446649796,7.3551231779999995,7.63752881,7.548386974,6.820189791000001,7.113238148,7.040772171,7.063520165,6.907147127000001,6.967469501,6.94729695,7.02572502,6.779715636000001,6.687824652000001,6.7297801260000005,6.947467416,8.108062281,8.117399427999999,8.351900967,8.454129878,8.078444962,7.735084245,8.291596887999999,7.371705984,6.697752363999999,7.233911807,8.316244755,8.106293669
Ga0242637_113327,7.1767666839999995,7.387382216000001,7.361842788,7.57203857,7.4988971929999995,7.720322026,7.2991478679999995,7.266143571000001,7.183078121,7.597271382000001,7.199263142,7.099623768,7.766239747,7.766756009,7.848066195,7.702915103,8.051766425,7.759901405,7.659859696,7.584878938999999,7.446649796,7.738837951,8.054836397,7.786200215,6.903315506,7.2952504760000005,7.26128205,7.499641696,7.3313641579999995,7.138393403999999,6.90858957,6.9529122910000005,7.205269395,7.768145946000001,7.255631594,7.571013849,8.200165012000001,7.861317143,7.965112966,8.149248823999999,8.564072117,8.368133988,8.643724295,7.331590801,6.863048794,7.26265461,8.083385014,8.083656139
Ga0242637_113328,6.400676749,6.512925202000001,6.615536061,6.954327086,6.874945655,6.898528778999999,7.280268034,7.396716426,7.410353145,7.12900344,6.91801882,6.707571502,7.145330844,7.013990056,7.08265683,9.401687415,9.813725471,10.11060446,11.21509109,11.9743045,11.80121281,12.90364263,12.77499134,12.574793699999999,6.673955573,6.671745821,6.731916091,6.68482585,6.824078915,6.6189221510000005,7.176334751000001,7.250658242999999,7.079811716,7.307677302999999,7.9586746470000005,7.383007652000001,13.4240717,12.900349,13.16348045,9.304083435,8.275748923,8.162733579,8.272478793,9.248610876,8.665484706,8.822037325,9.842874669,9.457656703
Ga0242637_113329,5.641014178,6.094336532000001,5.71854615,6.64150585,6.148172079,6.541106094,6.78645654,6.744944145,6.750306935,6.865335932000001,6.324916617,5.992826981,6.585347852000001,6.427719413999999,6.738081898,8.952333885,9.560749459,10.03906588,10.37558566,11.01347487,10.75256429,11.67366207,11.7019156,11.51789023,6.4293368410000005,6.142452997,6.370162855,6.035822317,5.895684574,6.334135596,6.490453652,6.446752199,6.386063106,6.727010317,7.10689688,6.777612331,12.99975333,12.58490491,13.05817822,9.668987337,8.118543228,7.672614546,7.974225995,9.246815214,8.752290044,8.797704403,9.852924485,9.080957671
Ga0242637_11333,8.787569926,8.781627709,9.156480217999999,9.567818755,9.84140348,9.66486452,9.746296614,9.720069856,9.722492231,9.225573266,10.28869251,9.747735398,9.473331376,9.047859482,9.008214603999999,10.42565526,10.38937788,10.28535485,10.56078201,10.47522565,10.38572471,9.814976966,9.292009527000001,9.833314838,8.809722613,8.77872904,8.929542416,8.373514276,8.48645085,8.768581063,8.872505422,9.080645769,8.743180571,8.801820403999999,9.17258963,8.666592875,10.63389616,10.49466626,10.89525471,10.57026339,9.178866273999999,8.851588886,9.028812515,8.959474284,9.301194202000001,9.143038713,10.488866900000001,10.82053395
Ga0242637_113330,7.815023672000001,7.803491292,7.652545107999999,8.274673397,8.079043605,8.344138916,8.293504772,8.14071193,8.027950106,7.861671202,7.595046579,7.523945469,8.067067552000001,7.966522305,8.146662745,8.615956313,9.120574629,9.53872473,9.094149938,9.494122487,9.340655222999999,9.70753045,10.06617215,9.736705817999999,8.203125356000001,7.957927563999999,7.819399872000001,7.884763607000001,7.598910902999999,7.664685287999999,7.470053601,7.383210448,7.729886587,7.73010765,7.457016513999999,7.757305038999999,11.29302207,10.9063108,11.29194458,9.091258056000001,8.876180688,8.537921209,8.744283367000001,8.747248985,8.481709724,8.336030796000001,9.129606043999999,9.046259473
Ga0242637_113331,9.128070102,9.174499203,9.197360652,9.347131232,9.197212743,9.120833934,8.923887294,8.834204893999999,8.954220398,8.679496834,8.183038428,8.405026401,9.30805321,9.445427505,9.175831246,9.385906145,9.512750401,9.669889114,9.725422975,10.045747,9.908651169,10.69686401,10.82920633,10.36052867,8.757659611000001,8.615833924,8.659228027000001,8.28812542,8.403111317999999,8.298716091000001,8.383815166,8.039450992999999,8.704052999,8.731375352,8.215205979,8.638840406,10.50260905,9.979126927000001,10.42193591,9.373737712,8.604161912999999,8.814880444,8.785322889,8.981237335,9.015573109,9.04927562,9.536131153,9.266573765
Ga0242637_113332,9.098115533,8.950139369,9.24827435,9.283056335,9.345349091000001,9.27259188,9.164147209,9.228787968999999,9.26308213,9.19394829,9.238231889,9.341585445,9.190404244,9.052491403,8.863790231,9.589774857,9.463099197,9.335930742,9.540094643,9.869916674,9.914632595,11.01149391,11.30405118,10.64292955,8.74926461,8.582606749,8.646243647999999,8.501866411,8.679831886,8.643964351000001,8.914593358,8.85106882,8.997808603,8.890695657,8.946773172999999,9.133884624,9.636742672999999,9.43708779,9.329379572,9.559116602000001,9.27778582,9.336166097000001,9.377889146000001,8.97039685,9.190083313999999,9.194268928,9.746975648,9.907668796
Ga0242637_113333,6.516865246,6.653377519,6.3089635610000006,7.480208617000001,7.3193508629999995,7.690181471,10.43054429,10.31526144,10.28620022,12.938792999999999,11.25637619,11.26542765,7.912146467,7.152828866,7.054523682,12.08569685,12.42823124,12.93938837,14.57539952,14.43208967,14.48038066,13.48574163,12.57184828,13.75219873,9.78245469,10.57118589,9.040383939,6.035822317,6.529946292999999,6.334135596,14.59155913,15.03340714,13.59004707,10.69443781,12.51042837,12.20536963,13.31398987,12.79657707,13.60664803,9.329803065,9.685332281,9.040082456,9.611346034,11.09945902,10.64735259,10.1613291,8.904598477,8.928413634
Ga0242637_113334,5.740242287999999,5.753059007,5.955637003,6.905299982000001,7.114213524,7.103094337000001,9.729003764,9.645891365,9.810657844,13.11671879,10.93827831,10.9636136,6.897403993999999,6.144458896000001,6.284176283,11.574667100000001,11.6438577,11.96468267,13.61598485,13.51014567,13.49110334,12.469548199999998,11.29037857,12.65592817,9.159337213999999,10.22866315,8.443519353,6.16946674,6.017256918999999,6.0810380120000005,13.51000339,13.90989245,12.79397454,10.47056002,12.03598966,11.34144395,12.69958201,12.00073972,12.59587249,8.044400912,9.367030888,8.716592476,9.282376425,9.999546273,9.860201392999999,9.384364547999999,7.246015427000001,7.382624555
Ga0242637_113335,9.267098399,9.456684277,9.279433097,9.549336056,9.461477212,9.554898382000001,9.502143117000001,9.575980102,9.638588593,9.749613676000001,9.075373113,9.208750197,9.418572017,9.392826249,9.536282885,9.584253612000001,9.827805155,9.874740167999999,9.672063247999999,9.738785796,9.660756173,9.210149729,9.345880872999999,9.242324448,9.474882557,9.569845696,9.419965637,9.291411839,9.159587896,9.171865407,9.409554205,9.594449139,9.49359585,8.990587234,8.974803838,8.925276884,9.555389292000001,9.432380721,9.607477178,9.257940303,9.985503822,9.641159731,9.623969824,9.478689742,9.468026488,9.402227247,9.312602323,9.201488043
Ga0242637_113336,7.270697058,7.138214528,7.388996989,7.024874407,6.962339012,6.958795025,7.161480351,7.210411857,7.37088001,7.850894318,7.685035803,7.745703323,7.356797727999999,7.141273109,7.416845485,7.372126766,7.424370313,7.508854818,8.095697133,8.315709898,8.331939121,9.371722136,9.60051589,9.234695813,7.178230131,7.640304413,7.26128205,7.757406822,7.542317235,7.341452393,8.002725473,8.313043401,7.589686607000001,7.8006257439999995,7.665312706,7.398372885,7.3816884279999995,7.081211592000001,6.90478613,7.905901074,6.744630009,7.357903407999999,6.965071762000001,6.561363021,6.697752363999999,6.725758902000001,7.711452885,7.780030784
Ga0242637_113337,6.257656398,6.016325941,6.431709405,5.796556695,6.305187387,5.983700409,6.2651973110000005,6.0995742129999995,6.272867711,7.738449524,7.821157774,7.398807862999999,6.495484058,5.7612453420000005,6.943843041,6.697865064,7.015559501,6.989229997000001,7.492597141,7.47024148,7.500686035,7.236386233999999,7.554524265,7.2931416229999995,6.218072761,6.78329285,6.166569065,6.659117934,6.369841377,6.213153341,7.7904065010000005,8.20079608,7.035441787999999,6.899833195,7.513717647000001,6.96133283,7.026523678999999,6.5309503410000005,6.831758237000001,6.051283375,6.110405722,5.92514813,6.126665356,6.133161466000001,6.193474781,5.496430504,6.197732221,6.149326563
Ga0242637_113338,5.119603225,5.454132052,5.629905762000001,5.406232445,5.894779528,5.769079584,6.212974506,6.052707669,6.202539906,8.983164074,7.884685029,7.8449794939999995,6.312057136,5.835056992,5.728261317,7.8296798889999994,7.718503021,8.237038114,9.373591132,9.108183927,9.277073975,8.555249677,8.019906792,8.192865056,6.266030728,7.181440585,5.535755054,5.073796326,5.240463367,5.281196222,9.351258156,9.742107073,8.457484609,7.307677302999999,8.406974492,8.201574055,8.49016093,8.007749132,8.598076515,6.6508413310000005,6.078158097999999,6.177912815,5.736716005,6.179181621000001,5.962696894,5.8406552970000005,6.3189180579999995,6.508326178
Ga0242637_113339,5.94116114,6.048040816,5.696895785,5.6449828129999995,5.7922111229999995,5.880404005,6.088031502000001,5.98773869,5.580774831,6.341125792000001,6.056689091,6.015794089,6.048509266,5.932393488,6.444686722999999,6.378233109,6.367372167,6.636533155,7.186378151,7.247838725,7.2461162329999995,7.726305915,8.028718824,7.364813634,5.870293714,6.287257392000001,5.971645017999999,5.773041302999999,5.701897872000001,5.99969934,6.381520928,6.336477515,5.998652823,6.485567885,6.409185214,6.287438859,6.311006991,6.421034542999999,6.353866272,7.1470552089999995,5.976825521,6.151927777999999,6.038661895,5.820934172,5.7852377310000005,6.036923185,7.0640879089999995,6.970226897000001
Ga0242637_11334,9.313960202999999,9.598275434,9.474193838,9.157931342000001,9.023106744,8.815887404,8.688904914,8.457245608,8.668771719,8.148001449,8.029122406,8.422273217999999,9.044328591000001,9.51755298,9.545150542,7.359248192000001,7.092263417000001,6.818630182000001,6.609726987999999,6.772322245,7.057054459,9.097915063,9.247415452,8.553312091,8.788029927,8.607598609,8.809469969,9.196413405,9.380618241,9.281043149,7.893057742000001,8.044463336,8.228473967000001,7.796030322999999,7.863731242999999,7.882755691,7.249930782000001,6.874497956,7.263172592,7.1470552089999995,7.577956478,7.4459230860000005,7.6871191439999995,7.840412791,7.557557126,7.873894766,6.806988873,6.902816122999999
Ga0242637_113340,6.675250136,6.845797579,6.868131067999999,6.938169418999999,6.738541908999999,6.798415299999999,7.02446874,7.1524379389999995,7.378861583,7.597271382000001,7.264419816,7.639083514,7.227312863,7.129623935,7.215629742000001,8.904397466,9.083500433,9.014700819,9.291050208,9.007171099999999,8.990368051,9.271801562,9.534000399,9.404096499,7.118615257,7.000280496,6.9164179279999995,7.272824524,7.344665527,7.256656938,7.685616031,7.885953742000001,7.4275212370000006,8.064077142,8.171830844,8.319230232999999,9.192538505,9.642600581,8.707014645,10.55535199,7.056950334,7.013526688,6.8144842489999995,7.351787937999999,7.397428217000001,7.241151425,10.456277900000002,10.70046232
Ga0242637_113341,7.12282845,6.881377937000001,7.492770712,7.673080446,7.556180061,7.648988247999999,7.844431546,8.060267253,7.991984606,7.994900374,8.415864559,8.102054171,7.912146467,7.740199757999999,7.558762732000001,9.806804147000001,9.800935189,9.760331163,9.735862107,9.437013663,9.387284294,9.228035025,9.411351192,9.07298469,7.444117518,7.151526166,7.47469963,7.013697155,7.161366427999999,7.185034875,8.025501559,8.098479131,8.117979151,8.476741273,8.34193317,8.820851606,10.32582444,10.30685199,9.555010677,11.27102782,9.001543587999999,8.978718273,8.897716417,8.212093932,8.974895908999999,8.595177036,11.10052668,11.56693796
Ga0242637_113342,7.047618798999999,7.062758388,7.284418297,7.289673395,7.791693252000001,7.923976147,7.8487085279999995,7.68944634,7.94975199,7.641720318,5.9548551320000005,5.794506029,7.413927741,7.386099572999999,7.018566707000001,6.976234924,6.608596821,6.27495696,7.004815763,6.736671761,6.822499347999999,6.87677085,6.6735829429999995,6.656842683,7.219351136,7.348953677999999,7.553333464,5.910445054,6.369841377,6.02047032,8.10891168,8.049458319,8.109447481,7.640665052,7.255631594,8.126694336,7.349860838,5.489425957000001,6.277278557000001,5.12479833,9.536423175,9.158753343999999,9.459039021,8.53704408,8.429979521,8.449715849,5.856806806,6.234161219
Ga0242637_113343,7.696977232,7.19585775,7.750002638,8.232261237000001,8.195772211,8.158504957,7.8358393379999995,7.932658673,7.785372712999999,7.98507774,7.856795602999999,7.907559107999999,8.289384002,7.77798923,7.789554227999999,9.210653105,9.097515149,8.89823283,9.051326449,8.988364501,8.912800024,9.835538303,9.418073077999999,9.160137902,7.846997257000001,7.682742907000001,7.892707145,7.417752127000001,7.262951327000001,7.452363179,7.7195377039999995,7.445179249,7.784505492,8.776388228,8.638077287,8.405379658,9.424051731,9.514843918,8.99413886,9.045424323999999,8.890145527,8.823118982999999,8.794286368,8.237636665,8.665484706,8.64785593,9.259192249,9.225809961
Ga0242637_113344,9.783751537999999,9.887675941,9.744952977,10.04674236,10.08892864,10.13459276,10.34610648,10.29196888,10.31038793,9.859857865,9.858791158999999,9.76811173,9.72253625,9.792278094,9.730936032999999,10.11702055,10.14926364,10.24665012,10.9315446,11.47921081,11.46727579,12.23872734,12.60646772,12.21219704,9.928399087,9.949086452000001,10.150833300000002,9.953364943,10.13485515,10.0381977,10.68793042,10.84879949,10.33042694,9.971827121,10.09613204,10.1366634,10.44730744,10.45576511,10.56064693,10.74052214,9.959250273,9.753183031,10.06273825,10.41459506,10.35416366,10.25366623,10.8068498,10.74681819
Ga0242637_113345,7.6721623260000005,7.672610302000001,7.64129841,7.545631573,7.599211319,7.5517611360000005,7.671723259,7.72963883,7.433528406000001,8.143593053,8.386908315,8.23975644,7.334776408,7.390986119,6.974199177000001,7.893586458,8.051766425,7.996054427000001,8.480478817,8.849370176,8.839233403,9.998099137,9.987011517000001,9.687259663999999,7.152982271,6.931520365,7.182491547000001,7.670083452999999,7.800567964,7.6042058379999995,7.560181374,7.781748544,7.501130241,7.910994947000001,8.31825874,8.004867281000001,8.399822399,7.969264771000001,7.974830002999999,8.300003086,7.4071358279999995,7.60731531,7.966315472000001,7.485759118,7.726387292,7.58059153,8.438750299,8.536778007
Ga0242637_113346,5.833033812999999,6.016325941,5.760888199,5.933610091,5.1934255810000005,5.86244039,5.799848765,5.971026083,5.925110496,6.445242827,5.873434585,6.060653995,5.53163335,5.6510635570000005,5.5576329520000005,5.746170234,6.514114227,6.318341627000001,6.063289417999999,6.086052777000001,6.343331071000001,8.429490363,8.146747092,7.88699297,5.646550329,5.614282574,5.863257924,6.308373689,6.316763747,6.24877135,5.662190797999999,5.808096677999999,5.734932025,6.41530189,6.7769003539999995,6.208152165,6.554101254,6.029579036,6.179637096,6.8418748460000005,5.429319039,5.796717903999999,6.068599891,5.471438399,4.603319646,5.421515594,6.612265337999999,6.638418239
Ga0242637_113347,8.321207979,8.169818198,8.153763467000001,8.235568357,8.246914979,8.079328354,8.00249389,7.970883721,8.130759336,8.329729708,7.93223016,8.443545728,8.254630292,8.036783434,8.192542305,7.319907353,7.572247178,7.634132576,7.512169382000001,7.798635997000001,7.814061043,8.965584555,9.356417877,8.94793142,8.1615493,8.225261547,8.08782004,8.271271715,8.146428905,8.202285489,8.125873442,8.205278746,8.007524398,8.479609472,8.451181853,8.319230232999999,8.108062281,7.8890709779999995,7.650392711,7.871284555,7.623262539,7.644990466,7.423804457,7.52778539,7.899410702999999,7.663742888,7.8138076839999995,8.255525506
Ga0242637_113348,3.893771605,3.425456982,4.092030704,3.9748242310000004,3.522085263,3.632791763,4.090398034,4.091802658,3.3591003539999997,3.9610702360000003,3.152346767,4.429408888999999,4.342851821,4.078302471000001,3.925317194,4.163986673999999,4.736800533,5.0177777,6.063289417999999,5.409719957,5.4529875489999995,6.263673055,6.198069137999999,6.294877003,4.011281094,3.976273982,4.2374047710000005,3.486982523,4.047550568,4.329301877,4.267180386000001,4.917352993,3.9907369210000003,3.7001612999999995,3.976769105,4.521587941,5.29418298,4.856866072,4.867664457,4.129906508,3.761569239,3.239141445,3.283209092,3.991601604,3.4799555860000004,3.3514834060000003,5.612616484,5.246040917
Ga0242637_113349,7.837516106,7.662425922000001,7.816505364,7.790173276,7.721097597999999,7.654202221,7.637522466,7.637577111000001,7.646839412,7.94510419,7.644826432,7.3364721489999996,7.732956367999999,7.79283202,7.563759836,7.209425436,7.675539722999999,7.639835063,8.029341869,8.247746052,8.319969085,10.72547494,10.50231035,10.27013242,7.336111008,7.151526166,7.383723513,7.4777655020000005,7.587768491,7.638118215,7.656725327999999,7.629947892000001,7.583538408,8.421133034,8.748480466,8.332618534,8.029896101,7.713921295,7.721382902999999,7.871284555,7.645392652999999,7.346513211,8.598384709,7.290327153,7.598309286,7.372215441,8.062747957000001,7.9398193489999995
Ga0242637_11335,9.25879083,9.351289681,9.170236151000001,9.082810359,9.018586297,9.039511732000001,9.061041298,8.997392246,8.962207956,9.242160656,9.166217248999999,9.226039071,8.832881275,9.057108499,9.006381037999999,8.375022173,8.44429569,8.718635805,8.726460223,9.306448997999999,9.184393251,10.0518067,10.34718748,9.678851326,9.369282705,9.583905902,9.062543376,9.178448155,9.247154202,9.046187345,8.962585958,9.005537549,8.986206556,9.126714202,8.989866787,8.961920482,8.352438823,8.272946405,8.483640937,7.175718301,8.289864517,8.322369592000001,8.109662395,8.580466911,8.53164877,8.534623372,7.552758734,7.345037764
Ga0242637_113350,6.829197667000001,6.5354457870000005,6.4830715329999995,6.449561387,6.33463195,6.8447858010000004,6.722589788,6.653810328,6.9985130060000005,7.447924152000001,6.90445196,6.679129400000001,6.18631923,6.023539897999999,6.170640542,6.9246996339999995,6.902944475,7.350933274,7.210544355,7.672334383,7.670592123,9.8500476,9.549389108,9.437708845,6.80945343,6.831273417,6.589796307,6.6975096679999995,6.303182375,6.73638347,6.827907062,6.657935912,6.559156367000001,7.261744339,7.627276862,7.002145893,7.215019439,7.240564003999999,7.332852503,7.581204406,6.971905777000001,6.370431002,7.388713487,6.775993977000001,7.108587705,6.8728940110000005,7.729024551,7.751589199
Ga0242637_113351,6.851486391,6.546575258,6.603985238,6.7286603860000005,6.53811905,6.9838710520000005,6.722589788,7.076528389,6.924077771,7.524530769,7.02218549,6.679129400000001,6.281638967999999,6.5376741979999995,6.4117679270000005,7.009595233,7.234411966000001,7.490035118,7.234312005,7.815808811,7.490039605,10.2530031,9.92936618,9.63895112,7.203043261,7.246560585,7.010675389,7.092607425,6.994152652,7.019879774,6.731384782999999,6.830493495,6.508080294,7.588467645,8.018666424,7.270604904,7.284016434,7.240564003999999,7.3022987420000005,7.826811618,6.723966422,6.43645996,7.556203486,7.02277669,6.646816487000001,7.031656237999999,7.6936644439999995,7.557128287
Ga0242637_113352,4.28318584,4.2559482730000004,4.3423987539999995,4.039622844,4.0603926580000005,3.803363006,4.149254746,3.8060999410000003,3.927618893,4.89591963,3.795137545,4.948618036,4.801831877,4.613495265,4.366319211,4.281559972,4.470061133,4.656285493,5.398451337999999,6.114150367000001,6.412707192999999,7.523947969,7.180350701,7.12166938,3.425532893,4.348487282,4.555234673,4.666762687,5.089265216,5.015657664,5.461940492999999,5.784238267,5.028947718,5.235803123,5.734008437000001,5.203776183,4.090071432,4.966460517,4.535009727,4.714516113,4.3167515430000005,4.351588736,4.8271728110000005,4.251984307,3.712631568,4.31027734,4.145636678,3.525262858
Ga0242637_113353,7.665891293,7.677675643,7.8800758989999995,7.623444436000001,7.764948518,7.7053305,7.587212515,7.550498123,7.441171432000001,7.351806055,6.834631907,7.3364721489999996,7.922024575,7.400709795,7.433321808,7.541297577999999,7.453731597999999,7.445142849,8.455429257999999,8.403510888,8.592928593,7.936736853999999,7.871058856,7.906332902000001,7.620217802999999,7.50493636,7.647583758,7.063520165,7.213053747999999,6.935082977,7.998126772999999,8.191788735,7.637950588,7.534309317999999,7.561565312000001,7.700599386,7.8595768679999995,7.549724815,7.890070091,7.76215123,7.76138582,7.699719332000001,7.696713934,7.515902371,7.689144099999999,7.757581082000001,7.917061793999999,7.780030784
Ga0242637_113354,9.293772279,9.151023158,9.380942936,9.345601817999999,9.469779918,9.444904826,9.000833949,9.090981545,9.098900916,9.310603732,8.958879912,8.953955472999999,9.248466663,9.075430513999999,9.017347637,9.140907172999999,8.930101535,8.871830197000001,9.845967435,9.809059343,9.874279842,9.612010556,9.193584582,9.524734613,9.118639198,8.896073627,9.191031549,8.032112012,8.418912263,8.568607402,9.448835123,9.540486982000001,9.389987489,8.953933683999999,9.181364132,8.916413288,9.527219049,9.288732504,9.097808822000001,9.121024345,9.24917681,9.24099109,9.572798028,8.939602806,9.229520708999999,9.240134997,9.122976947,9.283224492
Ga0242637_113355,6.558125456,6.406977727999999,6.457619713,6.559340431,6.259857714,6.700938747,6.930700823,6.744944145,6.924077771,6.8437422660000005,6.834631907,6.543690071,6.2026515170000005,6.298275335,6.320112005,6.378233109,6.634490398,6.120081047,6.214597157,6.368489265,6.055767905,7.661957976,6.976738986,7.0008682339999995,6.625799302999999,6.753717872,6.321903885,6.523203402999999,6.47045754,6.476075542,7.075126026,6.807072797000001,7.205269395,6.999183306,7.011651608999999,7.196357119,7.284016434,7.174415403999999,6.624966248,7.835816606,6.881523865,6.861723825,6.646290509,6.490193576,7.234604227,6.80609677,7.471570599999999,7.835284427
Ga0242637_113356,8.749534758,8.896850812,8.745808384,8.813070902,8.717610452,8.96596127,9.006586347999999,8.831899376,8.902578797,8.394235552,8.68924918,8.356505962,8.495258477,8.736676093,8.696473833999999,8.684648994,8.901096218,9.040790612999999,9.100626779,9.35423726,9.210560738,9.330926251000001,9.524687758999999,9.268711396,8.433671301,8.711156075,8.551925248,8.420130244,8.559546437,8.400999614,8.957857914,9.038565631,8.821003667000001,8.421133034,8.240618429,8.467381702,8.743793816,8.89607571,8.967622302,8.20590836,9.597275837,9.324606988,9.638973991,8.908137042,8.659079767,8.722141498,8.274977799,8.193449605
Ga0242637_113357,6.27426864,6.305766856,6.49563054,6.426563214,6.460143809,6.268978306,6.388010931,6.427903526000001,6.524115951000001,6.45951993,6.34516328,6.303844391,6.18631923,6.688296319,6.579222992,6.000247085,6.221139128,6.245288737,6.1904604910000005,6.584525481,6.839382229,8.308619469,8.028718824,7.655142282999999,6.185187692,6.111654136,6.288807021,6.240598138999999,6.433546437,6.520437977,6.8688132170000005,6.604580627000001,6.53384496,6.891236224,6.765264074,6.96133283,6.943631749,6.029579036,6.412328129,7.323919898,6.011404338999999,6.071026256000001,6.337962407000001,5.914696581,5.876712489,6.020149986,7.183644889,7.332287833
Ga0242637_113358,7.319463545,7.202903697000001,7.428792649,7.370138825,7.3980577389999995,7.379862271,6.63607883,6.744944145,6.737941312,7.8400362889999995,6.602224679,6.3223680270000004,7.591563135,7.453048319,7.460370657,6.7181940220000005,7.225926855,6.953026725,7.871632687000001,7.798635997000001,7.75304185,7.580746799999999,7.426988232,7.322239463,6.8727028279999995,7.016969696,6.948527253,6.324829715,6.674005457000001,6.577537127,7.330662785,6.99496906,7.213257329,8.112927015,7.659042669,7.834630186,7.640341822000001,6.633061821,6.548861672,5.815991866,8.217863174,8.14968974,8.430312509,7.166558437999999,7.726387292,7.325303806,5.919555579,5.401599866000001
Ga0242637_113359,2.7843994210000003,2.422088851,1.764951351,2.8641280410000003,3.273794517,3.3221123230000003,3.017944431,2.8930991230000003,3.0232919369999998,2.485405011,3.152346767,3.4363628139999998,3.136324976,2.913262576,2.993237353,3.063272146,3.000261432,2.934755081,2.620112537,1.764951351,3.003423942,5.819219846,4.240772454,4.999446763,2.473778066,2.904468678,2.501599896,1.764951351,2.905376211,3.0280757019999998,2.955392989,3.493771372,3.527022611,3.040752658,3.6943890839999995,3.5571700739999996,3.19781202,3.347410348,3.2994000619999997,2.682367728,2.713663973,3.445576453,3.283209092,3.570185443,3.190463246,2.9136076980000003,2.638270533,3.045854701
Ga0242637_11336,10.17666867,9.868981376,10.26424277,10.38200717,10.44866214,10.36583818,10.41980691,10.46930104,10.48038401,10.5301002,11.09418427,10.60716352,9.969901736,9.888675803,9.98107863,10.34796205,10.33225052,10.27806213,11.07246887,11.44858055,11.38421906,11.14456973,11.26636802,10.95524425,10.48242223,10.4839044,10.4099389,9.9145504,9.810074965,9.899718893,10.55180452,10.46922941,10.39414714,10.13260718,9.968881051,10.13284246,10.26315478,9.936547153,9.910540374,9.794357966,11.05486464,10.98447044,11.25522155,10.30755439,10.68251194,10.35135482,9.904083996,9.892555952999999
Ga0242637_113360,4.921002898,4.363461633,4.398382944,3.7585457030000002,4.13185483,4.323638534,3.824625541,4.271795039,4.7309567139999995,5.13022099,5.527653255,5.289520007,4.5133345810000005,4.469935846,4.366319211,4.753392565,4.784519682,4.1660756469999995,4.954887797,5.497973493,5.538577275,6.682717975,6.531855815,6.6338002970000005,4.899551132,4.293160833,4.497285518,4.862341241,4.59770328,4.459612024,4.949863798,4.917352993,4.332374654,5.439406105,5.22071963,5.537529792000001,4.090071432,4.966460517,4.236306217,4.246408504,4.3167515430000005,4.823235936000001,3.8313353180000003,4.1281220880000005,4.3663536910000005,4.061967078,4.347120349,4.459495233999999
Ga0242637_113361,6.206635294,5.753059007,6.04391266,5.883738445,5.87484486,6.170346437,5.817473055,6.068500491,5.989240719,6.568905718,7.316553644,7.182973767000001,6.495484058,5.932393488,6.018456382,6.2160191320000004,5.959184685,6.42801408,6.435986131,6.7001160639999995,6.905001625,7.403161433999999,6.9209990370000005,6.849139407000001,6.234237257999999,5.96424484,5.840561032999999,6.151119556,6.6202908570000005,6.195007635,6.627923496,6.85353939,6.495022844,7.0996027470000005,7.312677018,7.357029268,6.375740119,6.5998232429999995,6.038177841,6.928658781,5.479739868999999,6.301223246,5.878815011,5.590103557000001,5.7852377310000005,5.951024488,6.773487642999999,6.986597971
Ga0242637_113362,8.101869368,7.957190326,7.9771915689999995,7.979604817999999,8.079043605,8.055884487,8.106160142,7.875592117,7.906245207,8.112351125,8.183038428,7.907559107999999,7.782597712,7.697454509,7.92385874,7.928871942000001,8.586898407,8.74267804,9.100626779,9.533573275,9.432453268,10.38041249,10.15938025,9.961318391,7.85223389,7.896152325,7.760359455,7.61770242,7.524896686,7.444717836000001,7.922480414,7.840567272,8.002925292,8.134926913,8.108827032,7.875455499999999,8.049838389,7.567011883999999,7.884925615,7.694454717999999,8.180468173,8.407020317,8.172891735,7.937133625,7.973559705,7.855149042000001,7.711452885,7.407148741
Ga0242637_113363,6.783557827999999,6.443167615,6.649642527999999,6.845909326,6.844595077999999,7.1107024789999995,6.898037609,6.920256731,6.786779111,7.903990985,6.848869325,6.999704174,6.534686295,6.339359657999999,6.476868927999999,7.9633146560000005,8.012851382000001,8.061241751,8.505100775,8.736690731,8.805292881,9.742169492,9.209170888,9.195935528,7.227436392,7.089767295,7.191461802,6.324829715,6.482553717,6.505801972,6.674826565,6.563224607,6.832548843,7.466513907,7.196234926,6.940484339,7.836799837999999,7.324289086,7.582097605,7.644077117,6.31788877,6.762316097999999,6.742145415,7.0884568,7.181940452,7.048263126,7.6482088820000005,7.546129366000001
Ga0242637_113364,5.810393549,5.35580836,5.4601771160000006,5.778464962,5.813320753999999,5.5618210239999994,6.327915275,6.052707669,5.946807457,6.718816836,5.873434585,5.945759205,5.337388894,5.300425582,5.798018383,6.299413316,6.684920655,7.024545734,7.03219648,7.235126064,7.271208693999999,8.341854891,8.071988999,7.915906467999999,6.185187692,6.5508232379999995,6.338170869,6.055693177,6.0338128410000005,5.957232736,5.816996737,5.784238267,6.23711471,6.39109574,6.409185214,5.954034833,6.243220588,6.216819847000001,6.482214132,6.671126478,5.528438668,6.098503088999999,6.18247369,5.612697371,5.469417836,5.721067526000001,6.773487642999999,6.48545294
Ga0242637_113365,3.3323533810000003,3.527960989,4.159119162,3.497605637,2.953773423,3.632791763,3.748712635,3.635355282,3.0232919369999998,4.261120417,3.516347495,3.4363628139999998,2.963087176,3.351026898,3.2488538360000003,3.063272146,2.492414675,2.728466907,2.957841924,3.803921163,2.653701924,4.632374016,4.109167166000001,3.613718618,3.5443074930000003,3.453203863,3.19503281,3.720385549,3.071269312,3.502034565,3.907346379,3.8303429139999996,3.910455573,4.186997065,3.584336313,3.5571700739999996,4.377864054,3.662028972,3.6595699839999996,2.682367728,4.068024151,4.03641017,3.022421094,3.351217807,3.4799555860000004,3.3514834060000003,2.9824992530000003,3.866371795
Ga0242637_113366,7.934603992,8.080862733,7.875284122,8.033801237,7.82832164,8.110005572,7.676543531,7.73951431,7.755036112000001,7.504038492,7.366867463999999,7.252148878,8.588131931,8.65171546,8.410651733,8.26887904,8.214952426,7.932434077999999,7.05906653,5.838947521000001,5.870663298999999,5.37897011,4.7570015539999995,5.380361131,7.7826279220000005,7.677505902999999,7.7543202529999995,7.514043557000001,7.593350461,7.341452393,7.4766815289999995,7.114239575,7.526991935,7.7009056,7.464227319,7.688152516000001,7.8595768679999995,7.9430258910000004,7.8589242960000005,9.033734682999999,7.566403966,7.424416872999999,7.027258151,7.946015615,7.637941192,7.792485761,9.159065686,9.201488043
Ga0242637_113367,7.980802004,8.126026176,8.185076534,8.074999868999999,8.151034452000001,8.140043845,7.96358701,7.880062926,8.017765443,8.10783223,7.8426459820000005,7.919755632,8.654802637000001,8.804148858,8.675857264,8.730358949,8.539772871,8.430364484,7.769630362999999,6.7898218539999995,7.308046836,7.271320808,6.695904429,6.888596116,8.140303028,8.029548227000001,8.246809037,7.95505138,7.814972032999999,7.53389005,7.747208644,7.475192519,7.713089173999999,7.948746978,7.457016513999999,8.008208685,8.31996229,8.354836038,8.366737219,9.681526862,7.771482248,7.769602536,7.743752959,8.010942136,7.931656771,8.359495942,9.54607618,9.670067778
Ga0242637_113368,6.060992991,5.933828587000001,5.918747099,6.460924027000001,6.473436736,6.255295844,6.479227353,6.427903526000001,6.238134046,6.2940877,6.550875412000001,5.897093888,6.782738421,6.369420275,6.589069072000001,7.042200507,6.672477757999999,6.887395462000001,6.435986131,6.246939936,6.366830345,6.117484336,6.134042288,6.139804722,6.250221922000001,5.911538587999999,6.321903885,5.773041302999999,6.050179923,5.6184418439999995,6.46398412,6.234718755,6.313517332000001,6.37883813,6.438804975,6.433987098999999,6.554101254,7.007125982000001,6.482214132,7.88869668,6.474626088,6.6369394470000005,6.1548405939999995,6.4779820379999995,6.697752363999999,6.402941922,7.552758734,7.672882577
Ga0242637_113369,8.852500032,8.929059573,8.822479058999999,9.080973207000001,8.960852033,9.015409191,8.889017723,8.765801819,8.899808924,8.848814827,8.91560931,8.694841025,9.104111422,9.115823531,9.056859944,9.163298637999999,9.156719851,9.095750052,8.811831166000001,8.574664589,8.567842954,8.512105032000001,8.725673877,8.377406293,9.003355454,9.313883249,8.697494294,8.586048882,8.501369301,8.568607402,8.727259819,8.694088539,8.628445746,8.687395586000001,8.372906486,8.898521018,8.803737783999999,8.567269813,8.851129935,10.03028916,8.592820926,8.863620344,8.524895721,8.566137386,8.352704613,8.486718417999999,9.94975019,10.16649535
Ga0242637_11337,6.240849865,5.950712059,6.280202598,6.58032575,6.5631991439999995,6.700938747,6.511995389,6.600570836,6.648273819,6.40154095,7.009569179,6.394164259,6.26618501,6.201302416,6.455494326,7.135810064,7.259571622999999,7.445142849,7.668606731000001,8.014811191,7.770740965,7.947573706,8.255842937,7.934865021,5.762789337,6.080180081,5.81749875,6.324829715,6.458258782000001,6.430301337,5.99422335,6.252186814,6.156420148,6.811463083,6.61775802,6.566973832,7.473160292999999,7.549724815,7.325274566,7.3865558039999994,7.986096483,7.346513211,7.32826078,5.69966181,5.7852377310000005,5.878397296,7.6846872479999995,7.431262679
Ga0242637_113370,6.4743867360000005,6.611602823999999,6.351053974,6.938169418999999,6.659364554,6.80780962,6.606046514,6.48779165,6.480229479,6.228875327999999,6.197054432000001,5.84671801,6.169799106,6.563898247000001,6.4117679270000005,5.6217700520000005,5.663882817,5.909058272,5.520095341,4.988943819,5.57952102,5.0133739969999995,5.674972682000001,5.634681831,6.4293368410000005,6.327998564,6.03295117,6.113706635,6.47045754,6.231072713,6.338445395,6.144042988,5.922550923999999,6.263546262999999,6.035317279,6.196459699,5.650022798999999,5.8711413839999995,6.212927028999999,5.292467671,6.172806286,6.177912815,6.742145415,6.209062446,5.527144606,5.721067526000001,5.363917751000001,5.131981726
Ga0242637_113371,9.919061385,9.989944712,10.05032718,10.24105466,10.34234984,10.21791821,10.89225449,10.87180496,10.79629489,10.90753871,12.83331053,12.0515546,10.22454289,10.17441898,10.21339118,10.88903502,10.95211853,10.99547636,10.93426664,10.93511533,10.94115515,10.38041249,10.75416135,10.61675742,9.894542984,9.964214828,9.916803732,9.588703294,9.767517456,9.78183109,11.82524591,12.01521304,11.17800238,10.70243889,11.50993143,11.5688696,11.44756039,11.979117,11.58581266,12.38551898,10.32918625,10.25285685,10.41188101,10.451701400000001,10.44258589,10.42548255,12.23866423,12.465269900000001
Ga0242637_113372,7.335359154,7.556418422999999,7.354973552000001,7.257488314,7.30456706,7.191843541,7.0544158370000005,7.1524379389999995,6.988111994,7.248817774,6.791055116,6.789674332000001,7.462124154,7.494500989,7.543666652000001,7.293070644,7.092263417000001,6.925264389,6.764734549,7.272932517,7.181404511,7.96900613,7.871058856,8.069626552999999,7.321078786,7.267629405,6.838589513,7.264329311,7.3902768739999996,7.166559039,6.567059952,6.234718755,6.768912332999999,6.811463083,6.991822982,6.9264158,7.349860838,7.303809337000001,7.247219808,7.284988808,7.354366525,7.227368665,7.13001608,6.5262183060000005,6.422869211,6.376856579,7.1317289829999995,7.002785096
Ga0242637_113373,6.153735218,5.967399061,6.544798116,5.54138056,5.726947847000001,6.064438497,6.013612885,6.068500491,5.989240719,6.582012242999999,6.515595442,6.964795992999999,7.922024575,6.795438043,7.83158934,6.326169633999999,6.203932956,6.37422326,7.0456941429999995,7.745855304,7.511254419,8.475138391,8.458555797,8.200718313,7.3058881410000005,6.733658247,6.8724607870000005,8.128844927000001,7.920868400000001,7.475058904,5.662190797999999,6.067140458,5.882929632000001,7.186469493,7.3828523839999995,6.912208501,6.311006991,6.172248402999999,6.509244753,4.864979065,6.110405722,6.253161323,6.0080859779999995,6.909215849,7.051013781,6.651586792000001,5.317895342,4.871888998999999
Ga0242637_113374,6.712265437,6.771885875,6.819036941,6.8545451239999995,6.854783167999999,6.87190795,7.061806353,6.61137745,6.774724076,7.359431623,8.125767113,7.639083514,8.427535645,7.508057843,8.277103778999999,7.333140629,7.401950116,7.279659597999999,6.780970931000001,6.6814841320000005,6.856069484,6.708453757999999,6.71788509,6.265172641,8.478378488999999,8.271173949,7.6079427189999995,8.716277816,8.58217582,8.813782968,5.99422335,6.1252000639999995,6.386063106,7.809772883,7.620838847999999,7.506309309,7.443309957,7.303809337000001,7.347889896,6.859655011,7.380992631,7.0700351679999995,7.556203486,7.358457914,7.2172625870000005,6.891423412000001,6.9030559039999995,7.140824822999999
Ga0242637_113375,7.733416787,7.687753252,7.963711925,8.111458553,8.175608726,8.059818358,9.014220704,9.429672432,8.204448548,8.5049153,9.185962156,8.719466038,9.159429215,8.761406868,9.127727636,10.12464777,10.54406672,10.81324508,11.85291482,12.50322354,12.31877969,12.98674839,12.14334476,12.798250999999999,8.398312794,8.239544732999999,8.008859444,10.55649439,8.977399636,9.136721814,8.387336133,8.275169044,10.16842608,9.232513926000001,9.312954684,9.635235124,10.73895496,11.37466137,10.9374761,12.13323398,11.67101272,8.362492219,9.047675873,8.525240443,8.481709724,9.022227766,11.86347814,12.42719748
Ga0242637_113376,10.52813138,10.43109377,10.77826168,10.60164441,10.59626211,10.643841900000002,10.54761483,10.71426213,10.66461701,11.3448507,11.76767681,11.53336473,11.16330791,10.81064624,10.83410121,11.27306208,11.25792897,11.23274893,12.11326743,12.83149007,12.66825107,13.74079102,13.06326135,13.30521055,11.08553009,11.16081881,10.98252881,11.33595664,11.18925485,11.0903586,11.05796535,10.99251319,10.99734769,11.64497411,11.71305717,11.57564097,11.28252765,11.451113000000001,11.11873947,11.19522587,10.58524162,10.62681376,10.72828564,10.79851677,11.11685025,10.87019454,11.43550636,11.32063478
Ga0242637_113377,7.506571901,7.230747977999999,7.22537684,7.2178928010000005,7.105709412,7.213202384,7.441894287999999,7.421469387999999,7.338504287999999,7.62283831,8.102206269,7.458559361,7.342154292000001,7.346399152999999,7.573702383,7.946196121,8.676767925,8.910076117000001,10.30302595,10.03112034,10.23293878,9.875802177999999,9.955014339,10.0724794,7.607885925,7.783676522,7.360053175,7.61770242,7.790884693,7.753994817000001,7.572608866,7.9245279360000005,7.420639322,7.965213581,7.938109702,7.911592422000001,8.12695937,8.174896694,8.259528342000001,7.972736822000001,7.859303392999999,7.86047623,7.64808848,7.365097168999999,7.726387292,7.204584092,8.220124005,8.083656139
Ga0242637_113378,9.39768637,9.190530908,9.56327141,10.55938754,10.51113574,10.53925968,10.46367972,10.47226451,10.373639,11.87405835,11.68535239,10.92405781,10.26196149,9.731958121,9.678935332,12.704195,12.83395739,13.01536213,13.60549199,13.70342718,13.67265427,13.1460315,13.18180132,13.42274789,10.66010147,10.61634734,10.82941286,9.903656571,9.669222392,9.705539272000001,10.41534454,10.26326658,10.22776007,12.19048596,11.75627365,11.68509927,12.56750089,12.70246031,12.39909129,13.62152631,13.40242647,12.74702136,13.43596303,11.00223017,11.19750848,11.01758355,13.5725862,13.77913127
Ga0242637_113379,8.015737787,8.280485459,8.286004109,9.12443173,9.185161831,9.150646603,9.019920074,8.925692202,8.916348939,9.450997061,9.347465383,8.493355141,8.798444881,8.541803268999999,8.473058019,10.09777418,10.23311555,10.32923585,9.880250536,9.959543709,9.920589323,11.13749002,10.62212811,10.58561081,8.437159943,8.257202077999999,8.544946227,8.081289318,8.027785487000001,8.206811436,8.550112992999999,8.447769477000001,8.582952899,9.840781857,9.043789755,9.198191377,10.40536171,10.57800571,10.2555611,10.74888719,11.454724800000001,10.7817245,11.608939999999999,9.214105116,9.284647402000001,9.055446065,10.85664544,10.92608414
Ga0242637_11338,7.2540678729999994,7.374960194,7.361842788,6.538044532000001,6.63591885,6.309261059,6.277961762,6.339635747000001,6.509635371,6.325616824,6.715361918999999,6.999704174,6.716118402,6.90202242,6.569309079,5.8968195439999995,5.7134700160000005,5.592302132,5.73610727,5.497973493,5.73248443,5.910951122999999,5.804244499,5.8900235279999995,6.625799302999999,6.031635882000001,6.61670195,6.537387268,7.107756029,6.685357821,6.367305328,6.400523102999999,6.46854692,6.637293215,5.849026537,6.566973832,5.934684068999999,5.92592229,5.860349009,4.714516113,4.3167515430000005,5.369221982999999,4.677691172,6.194199727000001,7.070461826,6.102121777000001,4.750068729,5.007921351999999
Ga0242637_113380,7.2540678729999994,7.18166166,6.943358729,7.987472977,7.764948518,7.987312752,8.106160142,8.07203773,7.991984606,10.18666016,10.0964187,8.517629355,7.749694085,7.591078592000001,7.992164494,9.778073843,10.27687861,10.5803694,11.04334807,11.32211711,11.18335008,11.72336875,11.86330256,12.02697239,8.22750762,8.278109456000001,8.473233452,7.440550915,6.898150405,7.247896425,8.273979329,8.615441282,8.143275467,9.896569287,9.583394358,9.408760541,9.662871962,9.514843918,9.215165145,11.55550565,11.32708932,10.46513878,11.58460569,8.411218693,8.063613718,8.238155648,11.19124655,11.51431309
Ga0242637_113381,9.471436478,9.55076641,9.463061405,9.485495874,9.469779918,9.654497652,9.765647815,9.755776161,9.818011965,10.25363642,10.54824529,10.043556599999999,9.694000518,9.630284971,9.667378458,10.04247693,10.16820016,10.27623318,10.78844647,11.1114538,11.10791886,11.5160903,11.42494262,11.40602594,10.14545358,10.20429587,10.01350018,9.663259976,9.761334018,9.70073464,10.08548531,10.08139014,9.906884325,9.859618387000001,9.905424165,9.77809444,9.810426511000001,9.733416235,9.841859877000001,9.735441558,10.30853787,10.13537794,10.29518169,10.01861365,9.936326923,9.847234811,9.860914232999999,9.736867216
Ga0242637_113382,9.372882322,9.324096133,9.425866515,9.661763534,9.694697394,9.634856669,9.646672752,9.622072779,9.549502164,9.703942077,9.221929344,9.510342374,10.15191685,9.826033584,9.913224403,10.679758300000001,10.59763981,10.66107554,10.35270693,9.965325422000001,10.00149969,10.48079141,10.85668071,10.69389109,9.459526996000001,9.33232405,9.568441714,9.378573441,9.459124107000001,9.52343425,9.739324126,9.690290402999999,9.623590984,9.706459143,9.670108308,9.785901407999999,10.62395484,10.56731117,10.40855714,11.11244349,10.08396269,9.900597646,9.836299465,10.05805797,10.0989457,9.993661338999999,11.02787007,11.03332149
Ga0242637_113383,8.752496412000001,8.767446481,8.51271436,9.16315036,9.207178837,9.287763997,9.644214844,9.518364953999999,9.43363763,8.945676501,8.884873809,8.651623347000001,8.741019559,8.757629621,8.969211637,10.79417878,11.07820157,11.24915866,11.18645508,11.21780447,11.07802829,11.12441961,11.35573205,11.32661955,9.107735585,9.18882496,9.138685164,9.527927781,9.268239758,9.481097067,9.260104469,9.312285212,9.065527082000001,8.697285399,8.977325277,9.109205287,10.31350641,10.77676333,10.78222871,12.25064873,10.37624669,9.83693189,10.37352221,9.543023495,9.220849543,9.402227247,12.21859587,12.17310595
Ga0242637_113384,2.493146696,2.422088851,2.725182339,1.764951351,2.4640428340000002,2.426167481,2.664422505,1.764951351,2.506512943,2.7737677119999997,2.58606159,3.086552422,7.003610338,5.439836747,6.476868927999999,10.72059409,10.44980176,10.33451846,9.960776004,10.01262598,10.06920218,9.430831155,9.328146345,9.261221389,2.757788731,3.0702452019999997,2.7960011330000003,2.7970937510000002,1.764951351,2.8067615000000004,1.764951351,2.505573503,2.957319384,3.040752658,3.463431424,3.070329118,8.681250452999999,10.44178095,10.38961595,12.58558017,3.35606442,4.03641017,3.283209092,2.710597517,1.764951351,2.9136076980000003,12.55411677,12.48339559
Ga0242637_113385,3.00145839,3.425456982,3.5957216260000004,3.7585457030000002,4.0603926580000005,3.055524389,3.388118941,3.8835986489999996,4.177226698,4.042654659,4.023771416000001,3.9268758439999996,3.416771273,3.594743442,3.1287230089999998,5.532382361,5.586119897000001,4.98190923,5.06615415,4.71973642,4.475808083,5.243817781000001,4.668031599,5.434983135,4.414305016,5.021994946,5.10991984,4.2396179919999994,4.047550568,4.459612024,3.524340602,3.493771372,4.653823782,4.711795822,4.579888975,4.918171513,4.615431697,5.754864724,5.136355814,8.112671933,5.479739868999999,5.539840324,5.401527766,4.365453725,4.079391123,3.917989517,7.572360982999999,8.200480342999999
Ga0242637_113386,6.968265904,6.622160717000001,6.9062359639999995,6.756577571,6.3917714189999995,6.423749481000001,6.058725477,6.0042588189999995,5.989240719,7.76165089,7.9120453060000004,7.563355333,9.176031955,8.245378557999999,9.43632457,11.44511956,11.35348359,11.33072364,10.55489833,10.54509464,10.50681173,9.419201516000001,9.295664216,9.524734613,7.85223389,7.682742907000001,7.510974777,7.082976767999999,6.735924223,6.879432773,6.066467498,5.8546532970000005,6.23711471,8.400093042,7.922491227999999,8.160121301,10.06186028,10.00471862,9.939357058999999,10.84342772,8.621007942,8.557805437999999,8.418766049,6.714896465,6.510983842999999,6.323221721,10.94667464,10.59104109
Ga0242637_113387,7.653266805,7.780133312999999,7.560014947999999,7.613308842,7.54992654,7.73023048,7.140694399,7.167151527000001,7.362853996,8.302306543,8.415864559,8.244612445,9.165677656,8.791273972,8.845445905,12.7792035,12.76245761,12.73719037,11.88609778,11.55401619,11.44540704,10.58334831,10.63372464,10.84808345,8.165761254,8.017164975,8.25965504,7.314565374,6.715579105,7.475058904,6.395597362,6.549170864,6.779715636000001,8.941505912,8.038121653,8.397757081,11.21128136,11.40140106,11.34206738,12.66539381,10.17232479,10.08488508,9.998264622999999,6.805597266,7.031299627999999,6.927782075,12.75128631,12.52599007
Ga0242637_113388,7.506571901,7.477284544,7.422235864,7.597970592,7.333984571,7.573940835,6.713230224,7.05295318,6.687388565,7.538032236,7.952136391,8.00808288,9.035257332999999,8.478957187,8.483640936,12.57862409,12.50887359,12.54151822,12.1220485,11.86669424,11.79582177,11.05472685,10.99909385,11.22054943,7.943380283,7.481085708999999,7.903661616,7.139818226,6.395663035,7.247896425,6.591715102999999,6.416098498999999,6.521020299,8.626589032,7.7084557479999996,8.335281345,10.6568296,10.7988739,10.6565743,12.20881345,9.17126183,9.295297397,9.10643267,6.834604227000001,6.539195511,6.835104336000001,12.42904195,12.11987316
Ga0242637_113389,8.325192181,8.329575592000001,8.192799719,8.245444462,7.812737543,7.654202221,7.305386587,7.1524379389999995,7.296984431,8.286398846,7.9975428,8.430819905,9.385047153,9.156551197,8.946441431,12.77466588,12.81747067,13.00435611,12.80451204,12.82249321,12.74270733,12.1916546,12.21119003,12.50595667,8.662512749,8.166670875,8.768116383999999,7.965567162999999,7.344665527,7.966422439,7.483279124,7.318457523999999,7.494591674,9.130368769,8.391932406,8.963642411,10.80203493,10.96940726,10.69087192,12.78031783,9.12477363,9.265379951,8.780820176,7.211465155,7.701665685,7.504431885,12.74563374,12.81217001
Ga0242637_11339,12.55445436,12.34550828,12.61864653,12.30353587,12.32620429,12.33776206,11.71360831,11.99506422,12.08291683,11.72382233,11.77001467,12.08881914,12.13008845,12.2192425,11.85044914,11.37730221,10.90042902,10.47986051,9.810849762,9.315530714,9.468139424,8.610839026,8.113998700000002,8.748086749,12.06957351,11.78767074,12.12489673,11.48864429,11.89744981,11.76735792,11.15203,10.87927145,11.7976786,11.82854593,11.55409182,11.57451462,11.26557617,11.11456974,10.71643241,10.11223189,10.71381499,11.18874505,10.53328918,11.57096437,12.18598576,12.10916984,10.1985811,10.144793199999999
Ga0242637_113390,8.701302174,8.651256095,8.675895737000001,9.060608586,8.951396286,9.132086009,9.303068218,9.20938177,9.234787278999999,8.511772523,9.26499996,9.040262352000001,8.618819302,8.785720791000001,8.671235511,10.18972,10.20857532,10.46468353,10.75496512,10.63247505,10.60625105,10.79761145,11.01691519,10.83426861,8.144577394,8.232420821,8.255385738,8.52337708,8.301081917000001,8.55801954,8.839471038,8.987434936,9.041064512,8.610978272,8.682021405,8.841601235,9.688536402,9.804352379,9.645991715,10.14700754,9.658387559,9.370297889,9.433449579,9.091400311000001,8.764275134,9.077847868,10.2374584,10.20894415
Ga0242637_113391,3.981339932,3.942239546,3.5957216260000004,3.3965277680000003,3.522085263,2.891426793,3.155796047,3.19900412,3.0232919369999998,3.570748818,3.914464957,4.429408888999999,3.8339313660000003,3.518874686,3.456396836,4.281559972,4.347036161,4.561454398,5.863888597000001,6.458832903999999,5.966199916,7.566755489,7.21165498,7.775722363,2.757788731,2.703120283,3.4852798330000003,3.196494403,4.237162325,3.8398030480000003,4.387889002,4.174672094,3.733234295,3.8587559139999996,3.6943890839999995,4.315702191000001,4.090071432,4.122987674,3.6595699839999996,4.129906508,3.35606442,2.984995328,3.283209092,3.570185443,3.712631568,3.466003933,4.145636678,4.252491295
Ga0242637_113392,6.415724062000001,6.916100485,6.4830715329999995,7.024874407,6.894829777999999,6.889709726,6.158781532000001,6.2175516570000005,6.524115951000001,5.507235187999999,5.377795913,5.433484136000001,7.289698015,7.123763842000001,6.920648621000001,5.860616327000001,5.737633576,5.51956703,5.520095341,5.497973493,5.213380113,5.721208933,5.37497316,5.380361131,6.537442523999999,6.142452997,6.792151821,5.866092029,6.000507725,5.381364859,5.730596441,5.877376281,5.712482951,6.093851225,5.320156877,5.712347381,6.71277151,6.846441292000001,6.661560741000001,5.9215911729999995,6.824440749,6.3927792210000005,6.66597891,6.10164103,6.003829894,6.164487599,5.7224077289999995,5.351613692
Ga0242637_113393,7.047618798999999,6.683931661,7.341136088,7.762925912999999,7.617267266,7.606583463,6.795353432000001,6.928918147,7.098590852999999,6.27805993,6.056689091,5.767668373999999,7.227312863,7.236663984,7.011266357,6.299413316,6.019482112,5.442924252999999,5.702296605,5.936668265,5.7682992539999995,5.819219846,5.922806584,6.038029805,6.524365303,6.431313972000001,6.505922541,6.324829715,6.0338128410000005,6.139153197000001,6.294039204,6.006632882999999,6.189243906000001,6.667824435,5.870961901,5.981569492999999,7.066247163,7.151673496,6.368706081,5.578091949,7.354366525,7.5488898110000004,7.5977657789999995,6.376367494,6.29629906,6.52671136,5.408498381,5.929396152000001
Ga0242637_113394,8.360563254,8.4558091,8.300373378,8.702707572000001,8.706411196,8.8435311,8.79686161,8.736520078,8.766278548999999,8.148001449,7.769737205,7.98505283,8.514970457,8.606232022,8.652598981,8.684648994,8.85233777,8.649669487,8.152913795,8.169758152,8.120480605,8.512105032000001,8.477987716,8.384318647,8.534825968,8.604843022999999,8.5273495,8.271271715,8.380695102,8.323933735,8.527953904,8.48879463,8.698375689,8.315935977,8.062077332000001,8.549937228,9.201479492999999,9.208411433,8.879854592000001,9.425348429,9.212598757,9.12583169,9.148981196,8.622620687000001,8.671861331,8.964376865,9.341441823,9.517989496
Ga0242637_113395,4.786832832,4.97911512,4.820505525,5.475407059,5.287340617,5.2925842,5.2691012960000005,5.425134765,4.963942665,4.852780008,5.210283856,4.9960046369999995,5.557342343999999,5.566816086,5.363805982,6.378233109,6.555368662,6.57827718,6.456359786,6.66260788,5.966199916,6.574910802000001,6.695904429,6.562373374,5.160727634,5.149700069,5.322368268,4.862341241,4.955471727,4.634514988,5.061046701,5.122949492,4.914692706,5.3156082389999995,5.113784613,5.359496609,6.097225568,6.421034542999999,6.509244753,7.723857513,6.31788877,5.98529092,5.809527223,4.972586967,5.346438148,5.200017905,7.461092902000001,7.512619996000001
Ga0242637_113396,6.354566335,6.693973939,6.520424349,6.700191151,6.600018259,6.447999274,6.839031607000001,6.5676554000000005,6.750306935,6.473656714,6.304380712,6.246796504,6.771846947999999,6.648013197999999,6.912833402,6.4284771339999995,6.881488354,6.808532946000001,6.904664781,6.857768197,6.343331071000001,7.067769123,7.242293719,6.907926396000001,6.820189791000001,7.288394674,6.8155578420000005,6.710082709,6.852304028,6.65915035,6.45056443,6.70938396,6.3283223070000005,6.462525189,6.182766912999999,6.473254122,7.066247163,6.9555306670000006,6.75482839,7.3865558039999994,7.183371762,7.189616189,6.849335065,6.775993977000001,6.794517034,6.478473856,7.591700293,7.407148741
Ga0242637_113397,10.54701657,10.62313403,10.68620775,11.33042894,11.43374217,11.42637035,10.7009363,10.72361893,10.68968844,9.947176282000001,10.58694891,9.598322151,11.60768196,11.31181078,11.03226748,11.42980916,11.34322809,11.25148775,11.22993742,11.09396735,11.0646418,10.93597576,10.49119756,10.88631915,9.495105649,9.561343323,9.690459067,10.17793163,10.05722935,9.951870829,9.690286032000001,9.568590347,9.698020932999999,10.65945514,10.66174674,10.30366998,12.44768525,12.519279800000001,12.35047749,13.07435992,11.94518615,11.48781744,12.15877748,10.30496808,10.54686569,10.61355881,12.89973109,13.43508807
Ga0242637_113398,5.293729104,5.405818514,5.40772777,5.54138056,5.635024095,5.445701935,4.669329099,4.893798223,5.236456361,4.7147717380000005,5.4167632679999995,4.948618036,6.341844922999999,6.097306378,5.943559798,6.403574545,5.917530311,6.018445817000001,7.018571166,6.954031085,7.141135131,7.305428628,6.739535199,7.2931416229999995,6.250221922000001,5.929323482,5.99237287,5.257689957,5.659780544,5.281196222,5.096243803999999,5.3683184960000006,4.914692706,5.596433381000001,5.995960243,5.882792081,7.692022105,7.38403829,6.934984804,7.905901074,4.425862026,5.275578888,5.353497345,5.341992759,4.982365562,5.258711873999999,7.772039137,7.82622126
Ga0242637_113399,4.06343774,3.869455631,3.5957216260000004,3.7585457030000002,3.629237593,3.9538468489999996,3.824625541,4.025988985,3.2040458910000003,3.9610702360000003,4.023771416000001,3.4363628139999998,3.8339313660000003,3.7337995019999997,3.7126032810000003,4.389752078,4.527676153,5.120220928999999,5.595786167000001,6.141708631,5.695750143,5.669565534,5.532841605,5.48758844,4.7708554219999995,4.918013547,4.436793403,3.486982523,3.977831842,4.106914192,4.134656991,3.616358705,3.910455573,4.450525224,4.684234868,4.59603204,4.377864054,5.628299527999999,5.100962576000001,6.859655011,4.068024151,4.254488025,4.213173858999999,3.839256689,4.230481,4.31027734,6.409009136,6.67929411
Ga0242637_1134,7.826313742000001,7.662425922000001,7.368679444,8.060154359,8.052752052999999,8.20897328,8.857534513,8.82264028,8.735539033,9.390900076,10.9080285,10.11423451,8.031010774,7.986026397000001,8.039559032,7.954780788,8.162582113,8.321056823,7.578652599,7.19630109,7.424455125,6.94329072,6.882603522999999,6.945825704,7.87813556,7.493060356,7.876117817000001,7.410071694,7.220288616,7.308130413,10.22581308,10.45330242,9.533998267000001,9.457202651000001,10.34093613,10.06708964,9.201479492999999,9.597059461,9.397783196,10.13429278,9.363698557000001,8.879507765,9.511615068,8.273359035,8.101901012,8.049057152,10.08550281,10.268692300000001
Ga0242637_11340,11.34667367,11.17031973,11.65695598,11.52303351,11.45061923,11.42789284,11.07353043,11.22927747,11.32057694,11.30544025,10.97278634,11.42792388,11.31530036,11.22078113,10.99807746,10.60129615,10.31835622,9.955817627,9.426106242000001,9.456302226,9.562589874,9.446192926,9.036457103,9.383546639,11.68997532,11.73477719,11.30516756,11.19563838,11.247925500000001,11.19200158,10.80574942,10.52407719,11.17698219,11.18161429,10.90826584,11.28953313,10.57319393,10.17499552,9.988141607000001,9.404320089,10.29635508,10.87580697,10.16302433,11.0647175,11.45486485,11.39541017,9.349982436,9.236109407
Ga0242637_113400,5.293729104,5.136062347,5.48569537,5.3581763460000005,5.681724431,5.605746624,5.134278631,5.400295637,5.371488498,5.362081109,5.816465234,5.433484136000001,5.607412015,5.86354852,5.59734973,6.187109631,6.555368662,6.346553939,6.764734549,7.183123469,7.2461162329999995,7.566755489,7.148351292,7.350761500000001,6.588594352,6.354531682,6.57615247,5.5940514310000005,5.350798311,5.504822717000001,5.774448294,5.632077893,5.64294101,6.167008643,6.5783923589999995,6.520876953999999,6.71277151,7.634159112000001,6.810194429,8.120061897000001,4.944709092,5.7279088929999995,5.353497345,5.761581926,6.29629906,5.678876289,7.6574153570000005,8.378408155
Ga0242637_113401,6.884285762,7.039328875,6.887309524,7.3335582310000005,7.341246087999999,7.4713295529999995,7.47547666,7.313201381,7.271486023,7.714868732,7.386511342,7.213027705,7.448517384,7.2257637589999995,7.295916011,7.772554242000001,7.669296257999999,7.826418178,7.222477175,6.938427418,7.0130996,6.117484336,5.960243686,6.6338002970000005,7.4783933110000005,7.362072571000001,7.45248817,6.795147653,7.043940484,6.956754693,7.3452242739999996,7.161162052000001,7.197236939,7.395372272,7.397993598999999,7.20220628,7.9472493879999995,8.1521721,8.310296422999999,7.057477574,8.086554298,8.194836226,8.186574051000001,7.816395292,7.762692725,7.603238292,7.183644889,7.002785096
Ga0242637_113402,8.015737787,8.018356904,8.047029495,8.300166562000001,8.478517502999999,8.485372577,8.551372135,8.460234182,8.377699762,8.174172557,8.735922092000001,8.356505962,8.594321856,8.408437606,8.45703662,8.560796068,8.713633065,8.900609279,8.323208482,8.559454407999999,8.587946245,8.274600126000001,7.880825756,7.817184574,8.495211218,8.685303316,8.502347775,7.9067577479999995,7.9297195920000005,7.912024773,8.215756838999999,8.413313261,8.188530243999999,8.263645007000001,7.683960867000001,8.327278117,8.615871965,8.413339672000001,8.653573724,8.198946452000001,9.326525704,9.081878612999999,9.514329856,8.687604765,8.467118,8.540501156,8.156623975,8.172149388
Ga0242637_113403,7.335359154,7.278217386000001,7.66370476,7.706836192000001,7.574779509,7.848662237,7.627599934,7.694532098,7.906245207,8.125823474,8.382025251,8.159750927000001,7.710332834,7.632926266,7.388959426,8.282582023,8.330226289,8.183391986,8.195897561,8.115320341,8.264839517,7.182343406,6.604463303999999,7.036428583999999,7.626344414,7.419673435,7.352075891,7.033833577999999,7.176324364,6.935082977,7.806277799999999,7.956789685,7.696093777000001,8.017467485,7.922491227999999,7.967591627000001,8.547389017999999,8.262375401,7.732882095,8.142007279,8.142077752999999,8.238612342,8.11682633,7.6027257310000005,7.866427077999999,7.915202394,8.130419913999999,8.106293669
Ga0242637_113404,7.0857142810000004,7.138214528,7.255199876,7.999195307999999,7.833479137,8.015944095,8.897298481,8.879557945,8.877456368999999,8.607704361,10.44551464,10.14572276,7.399856099,7.16999059,7.033057359,8.515096954,8.032440155,7.9042849120000005,7.004815763,6.938427418,6.920949772,6.155449891,6.229043205,6.562373374,7.336111008,7.246560585,7.399290525,6.972559775,6.8799865989999995,7.009549142999999,9.26776533,9.47332125,8.869805366,8.868984894,9.617738476,9.673613568,8.182208989,8.487826936,8.099978569,9.40734297,7.667188236,7.5488898110000004,8.087954576,7.736735375,7.7140794679999996,8.385853987,9.48276435,9.753692262000001
Ga0242637_113405,8.566438667,8.635726237,8.824965874,9.625672767000001,9.761146904,9.49950235,10.25319551,10.40329195,10.341339699999999,10.48115674,12.56476612,11.97473807,9.279528182,8.587203748,9.017347637,10.51542193,10.33521054,10.01623647,9.381591306,9.904433436,9.721159366,8.576347526000001,9.096355552999999,8.726490927,8.801626036,8.812559077000001,8.691186663,8.439117534,8.273536785,8.676957955,10.77180699,10.815472900000001,10.31102787,10.29364128,11.23128874,10.91548298,10.72041365,10.81884848,10.55903321,11.47495676,9.500461904,9.280416228,9.519744152000001,9.56192161,9.909598007,10.08093822,11.6367952,11.84947382
Ga0242637_113406,8.479736045,8.689364644,8.459289163,8.705095072999999,8.567862086,8.499922802999999,8.623025842,8.351764221,8.59876339,8.212559792999999,7.586580242,7.864040159,8.341833911,8.448821041,8.35121348,7.762809346,7.592186625,7.4121988729999995,7.161799782999999,6.807111346,7.113649792,7.087508715,7.769569364,7.26344423,8.391135878,8.315669852000001,8.613261966,8.337536207000001,8.513193956,8.477905400000001,8.270170102,8.304712406,8.232408165,7.666071829,7.683960867000001,7.7652268310000006,7.790137228,7.713921295,7.989283892,8.112671933,7.7512182,7.836254967,7.480455463999999,8.273359035,7.5848528129999995,7.9858379610000005,7.66656342,7.631857271
Ga0242637_113407,2.493146696,2.686586935,2.4500833419999997,2.409644588,1.764951351,1.764951351,1.764951351,2.693612905,1.764951351,2.485405011,2.58606159,3.086552422,2.4697179680000003,1.764951351,2.64618703,1.764951351,2.492414675,1.764951351,2.620112537,1.764951351,2.653701924,1.764951351,1.764951351,3.1138557000000002,2.9697458610000003,1.764951351,2.501599896,2.502396276,2.905376211,2.509444961,2.4650293580000002,2.505573503,2.4662029569999997,2.681282262,2.78199892,2.606994275,1.764951351,1.764951351,1.764951351,3.042219942,1.764951351,2.640110246,1.764951351,1.764951351,1.764951351,1.764951351,2.638270533,1.764951351
Ga0242637_113408,9.820904913,9.842169696000001,9.805386432,10.18486008,10.16043005,10.14758736,9.993211606000001,10.02057419,10.03927651,10.13541543,9.98651855,9.774840382999999,9.850868221,9.892125292000001,9.709684207999999,9.782902137,9.705032024,9.6587011,9.511215856,9.566912477,9.484316865,8.888959707,8.692789312999999,8.933866613,10.1539582,10.09072154,10.12649779,9.35677261,9.669222392,9.58034478,9.635086757,9.489948959,9.762011055,9.508654175,9.400102375,9.337508624,9.520089691,9.622078113999999,9.771140107,9.121024345,10.11005018,10.08317117,10.18363633,9.932988149,9.923024366,9.855509557000001,9.228642664,9.312719905
Ga0242637_113409,9.254619036,9.019590563,9.346740406,9.661763534,9.594991425,9.753745609,9.555438364,9.553769092000001,9.38296835,9.002766115,9.069311006,9.230940928999999,9.511444133,9.345801351,9.45929268,9.401687415,9.309022331,9.162620107999999,8.873644882,8.73217609,8.684463267,8.59024325,8.763115066000001,8.445082934,10.098861900000001,10.09563668,10.1159413,9.598869638,9.637163524,9.749627325,9.089045963,9.114401416,9.343459778,9.718648775,9.648122547,9.692426592999999,9.707489484,9.786020506,9.541998904,9.297581236000001,9.367030888,9.552276247,9.549164922000001,9.665020606,9.62414113,9.873082933,9.262211925,9.201488043
Ga0242637_11341,9.376726198,9.264759891,9.024229066,9.07360111,8.898251834,8.7853299,8.686517853,8.639667144,8.652408636,8.645606731,8.624572416,8.369901499,8.774113405,8.991084367000001,8.90570769,7.608133735,7.987985225,8.069714952,6.680687091,6.5019621260000005,6.500291077000001,7.087508715,7.372637404,7.138128712,8.862568682000001,8.909534467,8.60992194,8.694319951,8.695483956,8.603349306,8.011879116,7.988345486,8.33476725,8.66741019,8.286075971,8.166116566,7.925825862999999,7.8041537320000005,7.848391063999999,7.481435096,9.072661119,8.867608633,9.350805017,8.304769784,8.148373627,8.379309494,7.502554396,7.789388002000001
Ga0242637_113410,9.707971313,9.449300433,9.83406248,9.965432321,9.933126664,10.00288877,9.996105814,10.05853423,10.12478502,10.178065199999999,10.27295377,10.11024971,9.715455059,9.678026013,9.492418602999999,10.00370913,9.790908197,9.678223549,10.47614331,10.84076745,10.67246367,10.74268412,10.73005486,10.67146346,9.876670101,10.15429071,9.645495411,9.246851122999999,9.165219300000002,9.388524276,10.04370665,9.827445742,10.103328300000001,10.12438438,10.00392706,10.15787565,10.17512163,9.902916365,9.89782958,9.89900098,10.6247525,10.65131109,10.62028483,9.841958102000001,9.770951593,9.889293836,9.992197594,10.0545647
Ga0242637_113411,15.23695752,15.14526265,15.09465543,14.71952073,14.7579126,14.73224727,14.72198345,14.72750912,14.82066311,15.68688885,15.96665509,15.859882,14.95497567,15.07601307,14.84521077,14.47932823,14.14938007,13.88914339,12.95372237,13.04059056,13.20011733,12.04487489,11.55565964,11.87394163,15.67526341,15.57996401,15.79466047,15.330779000000001,15.40303569,15.26321348,14.33462881,14.27215886,14.44808792,15.35978657,15.07027143,14.93522322,13.28851798,12.90545287,12.7187606,12.8750698,14.12847415,14.40784117,13.98828764,14.23911974,14.79470677,14.44188799,12.88070077,12.98776468
Ga0242637_113412,7.228758716000001,7.216893082,7.0662358439999995,6.99394573,7.088549121000001,7.248111736,7.378218029,7.54487703,7.441171432000001,9.219303491,9.751198204,9.720111388,7.777165649,7.697454509,7.438772332,9.075509557,9.040620362,8.95650024,8.996813383,8.946106151,8.888692285,8.230915579,7.871058856,8.216297699,8.033723291,8.097779812,7.988424824,7.347109007999999,7.576539297999999,7.308130413,7.7743585710000005,7.834792192,7.626035207999999,9.085890784,9.021973418,8.76664691,8.352438823,8.514796974,8.32176265,9.297581236000001,8.23984347,7.923145217,8.193366842,7.345086954,7.457734758,7.311615195,9.4697616,9.439944942999999
Ga0242637_113413,10.71659384,10.69419647,11.04410687,11.61635771,11.6602912,11.40527146,10.88810575,10.97046843,11.05281221,9.389039291,9.839330558,9.279064652,11.19369019,10.85992097,10.8576821,9.651795351,9.406058332999999,9.118386236000001,9.051326449,9.20258413,9.167794208,8.703245696,8.820055492,8.966473691000001,10.76027863,10.76196707,10.82149383,10.14708821,10.02971149,10.31254559,10.58284293,10.3887612,10.74471155,10.38824901,9.641778863999999,10.06548698,11.60409064,11.58967309,11.43341514,8.749217029,11.99826139,11.62135454,11.54996531,11.04986254,11.14003079,10.98939323,8.80458108,9.077143273999999
Ga0242637_113414,10.33519826,10.55803256,10.298644300000001,10.39093189,10.59702029,10.442404699999999,10.67889128,10.56956305,10.71748092,9.97100585,10.88922533,10.18540368,10.48654696,10.76481254,10.72739962,9.858034851000001,9.972972267000001,10.08471403,9.766733785,9.718388552999999,9.644052189,9.648990597000001,9.738487473,9.734002822,10.77206652,10.914395800000001,10.86416986,10.44726832,10.26991361,10.45440117,11.18679152,11.3184016,10.73365257,10.42293149,10.36905021,10.74023228,10.40148728,10.88579833,10.88884567,11.51053188,11.08451806,10.54948168,11.31949521,10.71590917,10.55205979,10.47158499,11.59907998,11.72763533
Ga0242637_113415,6.4743867360000005,6.622160717000001,6.265603366000001,6.569871344,6.349131116000001,6.41146951,6.028808547000001,6.403232152999999,6.147438318,6.386673471,6.497625646,6.3765485029999995,6.5977393829999995,6.446638841,6.247318942000001,7.135810064,7.208805278,7.508854818,7.78580036,7.96180169,7.880775129,8.08150847,8.146747092,7.915906467999999,6.457134416000001,6.456023328,6.254930006,5.888440105,5.8589682089999995,5.891077441,6.639793323999999,6.644781367,6.386063106,6.530574726,6.394143377000001,6.593939392,7.349860838,6.9555306670000006,6.831758237000001,7.361827081,6.824440749,6.745059889,6.7605736720000005,6.3631455610000005,6.193474781,6.466157443999999,7.282181959,7.382624555
Ga0242637_113416,5.419130355,5.7336607939999995,5.48569537,5.778464962,5.9529722860000005,6.213448933,7.292882027999999,7.2864996170000005,7.433528406000001,10.404019400000001,8.357358844,8.220167258,5.834414947999999,5.86354852,6.089636481,9.118162666,9.392859917000001,9.641754694,10.87316239,10.44933083,10.561206,9.301666784,8.063438198,9.301943359,7.380289362,8.596544538,6.8724607870000005,5.647517796,5.428273047999999,5.6980937670000005,10.67142024,11.15829673,9.81805709,7.744489856,9.065281067999999,8.712375404,10.05200788,9.729584357,10.73655967,7.61298344,7.959849271,7.163887002,7.789305858,7.868715542,7.2686738,7.1207127,6.887483154,7.266789509
Ga0242637_113417,9.83354596,9.951785303,9.886191637000001,10.18143492,10.15116765,10.00390991,9.451028137,9.368953169,9.709897356,8.508347986,8.817754008,8.443545728,9.845688846,10.08456134,9.812944549,9.174365372999999,8.924871035,8.905350464,8.231747931000001,7.954067305,7.79688886,7.97960407,7.928692011,8.008301083,9.5281933,9.670784803,9.629091178,9.043528313,9.015308915,9.412230314,8.65607292,8.503428234,9.013896285,8.92055203,8.440256382000001,8.788185162000001,9.439249366,9.646670272,9.558245365,10.33812164,10.34448088,10.02186416,10.28885359,8.880609094,8.746259949,9.038932529,10.02989253,10.35627898
Ga0242637_113418,5.833033812999999,5.568205688,5.674912671,5.519726584,5.586746145,5.669202382999999,5.294594394,5.213102528,5.126023564,4.561592913,4.800700892,4.848771504,5.505452737000001,5.420737316,5.21817652,4.97489283,4.527676153,4.405768825,5.011617463,4.287870375,4.066657595,4.51831327,4.668031599,4.7619335519999995,4.629103398,4.640457153,4.373513282,4.55761586,4.685497855,5.015657664,5.061046701,5.197488063,5.466163537999999,5.179993123,5.254644798999999,5.227094827,4.995296209,5.414567487999999,4.949797315,5.064189077,5.322784787,5.175324517,5.143286713999999,4.9004125730000005,4.603319646,5.007762584,4.818322602,4.871888998999999
Ga0242637_113419,10.9126781,11.08474915,11.09495944,11.23452918,11.17708868,11.26453155,10.96200386,10.98765715,10.95747333,9.895684044,11.367382699999999,11.09308638,10.84166634,11.08871868,11.01868855,9.853451967,9.920067196,9.8939506,10.12067648,9.942058229,10.05483063,9.658913692,9.705898636,9.579965654,9.339766573,9.544186754,9.66010141,10.86031782,10.98578448,11.03925869,10.52967335,10.52407719,10.54489596,10.14168899,10.76166339,10.61982407,10.59031345,10.59495377,10.68200303,9.646137812000001,10.31545355,10.09512602,9.546514963,10.37074968,10.49386952,10.63569113,9.840856278,9.844000777
Ga0242637_11342,11.20306616,11.22711983,11.04783726,11.09358553,11.08388936,11.05636518,10.82222619,10.77312306,10.81992932,10.26077681,10.40997835,10.49550284,10.83384047,10.94873128,10.83151469,10.03034664,10.08974743,10.17974126,9.778899823,9.811201172,9.908651169,9.739054632,10.14729498,9.93566946,10.55485604,10.39977012,10.46365788,10.66772057,10.84902867,10.663092,10.22875975,10.17576366,10.37648068,10.16503757,9.929060442,9.938160198,10.04705634,10.13209768,10.27141473,9.336161959,10.11995955,10.25285685,10.18363633,10.42336546,10.36797381,10.36714978,9.347141179,9.229251286
Ga0242637_113420,11.91112994,11.94540574,12.0716711,12.8890336,12.921619,12.96231003,12.41497701,12.45365356,12.523039500000001,11.59172854,11.11272339,11.17039233,13.01134214,12.5710359,12.29880141,12.70769042,12.37672779,12.1029181,11.22624014,10.92526143,10.96248431,9.878635622000001,9.407978467000001,10.01796929,12.21153683,11.75293587,12.38854029,11.2298391,11.05212453,11.49227464,11.615737800000002,11.40423844,12.04445499,12.18741946,12.11682636,12.03465774,13.54797572,13.63594891,13.37245928,13.3819161,13.51653742,13.1883864,13.50105061,12.98241468,13.38252371,13.24831602,13.27288414,13.72774904
Ga0242637_113421,7.1767666839999995,7.430035208,7.014851951,6.97030553,6.81359109,7.064439127000001,7.390006707,7.2864996170000005,6.988111994,7.672651022999999,7.945531464,7.870338137,7.448517384,7.289961793,7.348989828,8.473886956,8.306288505,8.550248077000001,8.595009061,8.629101995,8.495189478,8.341854891,8.233149926,8.335221727,7.152982271,7.21798099,6.979936432000001,7.322770425,7.44069596,6.94595959,8.025501559,8.304712406,7.729886587,7.307677302999999,7.594795413,7.443509708,8.029896101,8.532500862000001,8.424601709,8.700758286000001,7.367741055,7.176809015,6.965071762000001,7.384833404,7.501364735,7.352297105,8.647160148,8.415134612000001
Ga0242637_113422,9.24623908,9.294733062,9.195440011,9.30840085,9.162803586,9.24521883,9.290548952,9.237523401,9.450770412999999,9.535853525,9.753090297,9.381809664,9.306168989,9.50296233,9.363709662,9.880733407000001,9.961524016,9.892757413,10.02517641,9.811201172,9.916620905,9.210149729,9.096355552999999,9.417635558999999,9.213231604,9.17959557,9.025419587,9.229506866,9.213125352,9.120023801,9.158685786,9.295567444,9.106827483,9.012536617,9.17038764,8.972221361,9.4691726,9.622078113999999,9.727269461,10.07279449,9.406429777,9.19094042,9.230488935,9.065147739,9.020578047999999,9.137232518,10.12750426,9.991116493
Ga0242637_113423,8.461752121,8.635726237,8.552274125,8.178289262,8.231371008,8.183959853,7.719215845,7.797387699,7.606627536,7.57124289,7.336890401000001,7.390066109,8.559943786,8.645596979,8.324970507,7.529850665,7.468190991,7.279659597999999,6.933996844,6.772322245,6.343331071000001,7.594603642,7.440261681,7.12166938,7.943380283,7.687960958,8.097392949,7.781414945,7.861972274,7.710031391,7.5413369470000005,7.561656124,7.4880233160000005,7.358440016,7.588210381000001,7.11807531,7.502405071,7.261955631,7.738597484,6.768474122000001,7.073373025,7.251998535,7.101396765,7.835641186,7.515619491,7.563369917,6.612265337999999,6.832094877
Ga0242637_113424,8.083168628,8.140771751,8.047029495,7.658368229,7.568606315,7.459464064,7.336181452999999,7.345897666,7.378861583,7.146741823999999,6.848869325,7.033786479,7.727333674,7.732521553,7.737439207,6.4284771339999995,6.54174819,6.703463936,6.140935227999999,5.998300844,6.112517617000001,7.403161433999999,8.028718824,7.336571028,7.686219942999999,7.798225198,7.76637347,7.590780566,7.6533668089999995,7.6110524239999995,7.075126026,7.170365951,7.29079221,7.261744339,7.001771409,6.988669603,6.554101254,6.9555306670000006,7.0589899,5.955130093999999,7.006528317000001,6.984418966000001,6.796737374,7.226128397,6.360976475,6.971976664,5.919555579,6.149326563
Ga0242637_113425,9.919061385,9.855637822,9.806645141,9.306829796,9.356138211000001,9.322557124,8.735834909,8.693992956,8.571173586,9.655229773,9.994538087,9.955976044,9.411578603999999,9.577700085,9.45795169,8.926384409,8.710596699999998,8.784454745,8.657846147999999,9.42587472,9.404388819,9.371722136,9.284672253,8.938570136000001,9.120810065,9.33065732,8.942877228,9.063242883,9.41568824,9.136721814,8.813535014,8.744234537999999,8.539158107999999,9.640076244,9.367795538,9.252728575,8.561348185,8.66681444,8.837881761,7.972736822000001,8.172871403,8.31654558,8.109662395,8.226745122,8.552533053,8.359495942,7.870322837000001,7.722575325
Ga0242637_113426,8.264241764,8.423011172,8.484677088,7.963738536,7.913585019,7.764383521,7.222097698,7.306572171,7.236770892000001,8.438092387000001,8.595338137999999,8.680578518999999,8.654802637000001,8.483538138,8.483640936,8.255044623,8.25718709,8.237038114,8.74724963,8.745677843,8.818114341,7.661957976,7.780045832000001,8.078178282,7.70370827,7.579833718,7.7901818039999995,7.714406071,8.194957567000001,7.9717510339999995,7.118163414,7.035832813,6.832548843,8.163747637,7.73850055,7.265027377999999,8.26983383,8.413339672000001,8.283181999,9.175232886,6.723966422,7.111008073,6.606086874,7.324795039,7.501364735,7.18218988,8.604966055,9.315960255
Ga0242637_113427,8.395087658,7.9696329420000005,8.383706629,8.892729301000001,8.583250049,8.741921571,8.54874606,8.688906326,8.868984051,7.98999742,7.762239407999999,7.832130964,8.178390336,8.06150742,8.143329104,8.868506076000001,8.986419083,8.72401326,9.36015812,9.70922971,9.497660855,10.9414062,11.18002621,10.60200954,8.508537386,8.637567639,8.229501098,8.544571676,8.080400002000001,8.094064775,8.568839271,8.58824288,8.955597143,8.502352024,8.425559155,8.712375404,9.603401148,9.465012168,9.079914738,10.59566192,9.438459684,9.158753343999999,9.450559541,8.480096073,8.474432313,8.860135911,10.23130801,10.67923195
Ga0242637_113428,9.678689653,9.701328895,9.608718315,9.769485253,9.753006181,9.901332327999999,9.889111213,9.852203956,9.965698505,10.01389789,10.22604333,9.677657541,9.248466663,9.334435707999999,9.315656106,9.641198924,9.701977634,9.851590473,9.967878432000001,10.42296271,10.45439781,10.23099929,10.27311865,10.24377231,9.609284207,9.618468334,9.438912102,9.924015484,10.18745614,10.04831906,9.458908812999999,9.387180379,9.457080931,10.03947096,9.812464378,9.215637416,9.38534208,9.219382835,9.442231392,8.944987656,9.336759119,9.436230377000001,9.638973991,9.571995900000001,9.453296005,9.364622354,9.286144448,8.911376431
Ga0242637_113429,6.041703224,6.168325499,5.937310685,6.17375179,5.704514842999999,6.170346437,5.689287742,5.971026083,5.946807457,6.261851396,5.787107708,6.187389755,5.631803786,5.959031692000001,6.032977647,5.532382361,5.917530311,6.000784126,5.4401634770000005,5.2661502030000005,5.7682992539999995,5.954705207000001,5.674972682000001,5.809865286,5.694185286000001,6.480315367999999,6.254930006,6.240598138999999,6.066362448,5.935518384,5.752690304,5.877376281,6.414086646,6.276822734,6.015773707999999,6.124232647,6.097225568,5.978686848,6.056641552,6.019942892,5.429319039,6.177912815,6.18247369,5.840183939,6.043816337000001,5.986003596000001,5.7224077289999995,6.149326563
Ga0242637_11343,11.31346893,11.33080986,11.28349763,11.44233804,11.45522602,11.60118086,11.871403599999999,11.86158129,11.78042316,11.448545,11.83219358,11.70391439,11.29596798,11.21149218,11.41157123,11.26704408,11.54718109,11.66085537,12.38769858,12.95963236,12.97725226,13.28145762,13.40714335,13.35135381,11.39045252,11.46461258,11.35439554,12.059492500000001,12.00420169,12.15051579,12.06476459,12.22011368,11.95890137,11.25626253,11.49549217,11.74514675,11.32814264,11.39778379,11.69159411,11.01870263,11.51228809,11.43772947,11.72773794,12.32809944,12.24169568,12.19621137,11.1575875,11.06832719
Ga0242637_113430,4.349151887,4.011185824,4.601966904,4.514300356000001,4.384900493,4.268645649,5.590140635,6.231640139,4.920335663,4.042654659,4.609972668,4.624800024,5.451604304,4.712183976,4.77092408,6.299413316,6.320261717999999,6.7983644110000006,6.62779767,6.272086056,6.319441296,6.87677085,6.6735829429999995,7.278369412000001,4.979232842,4.918013547,4.715826794,8.219495756,5.02395314,5.444430189,5.540362097,5.520822417000001,6.0352413689999995,4.998011383,5.582545822,5.776699099999999,6.661800464,7.833018665,8.4596226,9.855396248,6.045169324,4.351588736,4.8271728110000005,5.341992759,4.7081409160000005,5.635402322000001,9.778952827000001,10.09473574
Ga0242637_113431,4.963023044,5.500861604,5.29665076,5.917178237000001,5.770785618,6.227533759,6.938752195,7.54487703,6.434961866,5.712555859,5.562780417000001,6.125419706000001,6.5977393829999995,5.805987266,6.1837078839999995,7.150837057,7.208805278,7.149767216,7.124127892000001,6.6814841320000005,6.270436562,6.458368144,6.71788509,6.352505232,6.185187692,5.946890464,6.072413452,8.505473873,6.541554465,6.632456863,7.057544569,6.898553529,7.70744627,6.707550805,7.640067287000001,7.408526134,8.145612062,8.76742588,8.925658732,10.26001085,8.988621226,6.125463892000001,6.287979027,6.853622617,6.9704850060000005,7.18218988,10.07179991,10.42541315
Ga0242637_113432,9.825130915,9.844423134,9.929586967,11.03690788,11.13490071,10.92506631,11.383816099999999,11.59958159,11.3416506,10.341891,10.72445268,11.14594649,10.33954474,9.717448182,9.515806903,11.51207407,11.51968966,11.334683300000002,11.37790845,10.97004228,11.06643385,10.054314999999999,9.829538037999999,10.25512853,9.768676433,9.504821802,10.04351879,9.253301833,9.090238452000001,9.682979473,11.29571425,11.07625649,11.34399632,11.00277719,11.54392215,11.08128041,12.35456756,12.11749989,12.06032528,11.89614414,11.09158538,10.69797263,10.78783699,11.00648125,11.196403199999999,11.18452262,12.01437281,12.08611066
Ga0242637_113433,6.598235477999999,6.752799575,6.444722903,8.071302793,8.126034202,7.654202221,9.480261229,9.453862002000001,8.975423049,7.62283831,9.197124797999999,9.559880839,4.801831877,4.12786471,4.997345056,4.389752078,4.960642513,4.098857669,4.103569772,4.287870375,3.64741757,4.257192719,4.470928413999999,4.577747215,5.259413193,5.400857691000001,5.477976466,4.7182830000000004,4.76808594,5.773543117999999,9.265853925,9.285019595,9.080880927,8.453588027999999,8.703501434,8.247534207000001,5.29418298,5.414567487999999,5.530609974,5.12479833,5.146328175,5.579486505,4.418181822,4.567563977,4.7081409160000005,4.470605637,5.117265012,4.871888998999999
Ga0242637_113434,7.389652676,7.550907812,7.422235864,7.534931842000001,7.511824857000001,7.435436021,7.69090841,7.719695249,7.900713398,8.009510013,6.971043474,7.2030792020000005,7.219321368999999,7.517025436,7.768068062,7.651029716,7.910705882999999,8.111349962,8.201934847,8.202767064,8.264839517,7.936736853999999,8.146747092,8.2317106,7.903580203,8.1055989,7.760359455,7.485094512000001,7.513164933,7.562429187999999,7.78507701,7.913611619,7.607975449,7.407475702999999,7.196234926,7.259428184,7.559172932999999,7.600976356,7.890070091,7.7902185820000005,7.959849271,7.717510206,7.833463707000001,7.461182346,7.108587705,7.411244971,7.870322837000001,7.844290987999999
Ga0242637_113435,6.415724062000001,6.265896937000001,6.009251455,6.214626687000001,6.290235789,6.155686639,6.2651973110000005,6.403232152999999,6.1285911010000005,6.658239547999999,5.92822546,5.92163303,5.770013193,5.99808365,5.943559798,5.280820142,5.117168106,5.052757096000001,4.476506155,4.385771447,4.859361138,4.51831327,4.572983816,3.967222743,5.911134035,6.015082574,5.770229216000001,6.187582506,5.638247326,5.797834247999999,5.816996737,6.446752199,5.77880057,5.951967002999999,5.471842435,5.8681085479999995,5.751330366,5.414567487999999,5.795807193,4.353666799,6.141944919,6.301223246,6.038661895,6.10164103,5.582626785,5.567606414,5.17014544,4.639364039
Ga0242637_113436,6.153735218,5.568205688,5.559620534,6.367405363,6.259857714,6.295958527000001,6.130898437000001,6.378130116,6.272867711,6.2940877,6.876928753,6.340656,6.101750028,5.99808365,6.018456382,6.73823992,7.054421832,6.725100089,6.115517037,6.1952876660000005,6.245292997000001,5.954705207000001,6.604463303999999,6.461263513,5.989481926,6.468220627000001,6.072413452,6.2054726460000005,6.017256918999999,6.0810380120000005,5.918146994,6.181002964,5.492797981,6.9420648289999995,6.9513276920000004,6.933467245,7.443309957,7.344481926,6.954771168,7.244976904,7.859303392999999,7.5488898110000004,7.7157140779999995,6.194199727000001,6.29629906,6.253235265,6.839728414,7.081100124
Ga0242637_113437,6.338861621,6.265896937000001,6.715522807999999,6.880146112,6.864899694,6.880836341,6.277961762,6.522563167,6.509635371,5.638974087999999,6.585311029,6.411566827000001,7.170418827000001,7.300388865,7.103401978,5.8968195439999995,5.612513862,5.5684664370000005,5.2654368069999995,5.161685736,5.4081854620000005,6.038401672000001,5.37497316,5.07047746,5.29084043,5.34875458,5.4481850220000005,5.389372969,5.638247326,6.213153341,6.651566065,6.35275835,6.883512183,6.209178631,6.182766912999999,6.520876953999999,6.437684056,5.560550526,6.092871324,5.292467671,9.740329297999999,8.116554507,9.940899532000001,6.490193576,6.7469474510000005,6.683843897,5.117265012,5.823730594
Ga0242637_113438,5.156181191,5.075358701,5.40772777,4.514300356000001,5.1934255810000005,5.2925842,4.708165356,5.154750768,4.51177886,4.042654659,4.968531455,4.9960046369999995,6.136177626,5.715059651,5.746021878,4.753392565,4.211803736,4.098857669,3.5826343030000003,3.261710257,3.2608517239999997,4.393970655,4.360694114,4.845648752,3.752046685,3.652763928,4.664329848,4.439115107,4.6422935160000005,5.315375734,5.638641911000001,5.233337442,5.492797981,4.67152528,4.733613761,5.359496609,5.751330366,4.966460517,4.824724139,4.934560538,8.632130314,6.43645996,8.335244314,5.28672757,5.636034024,5.678876289,4.750068729,4.798593744
Ga0242637_113439,5.561794167,5.772197826,5.955637003,5.4977389389999995,5.704514842999999,6.48362421,5.569458109,5.425134765,5.0473067160000005,4.326727,5.663258026,5.992826981,6.81492712,6.704099144,6.455494326,5.860616327000001,5.612513862,5.592302132,4.392404915,4.71973642,4.561457885,5.442018557999999,5.259079827,5.724953022999999,4.011281094,3.453203863,4.6108539319999995,4.7182830000000004,4.955471727,5.315375734,6.579440329,6.269445075,6.053191622000001,5.7185231739999995,5.5282672889999995,5.96786824,6.172077286,5.560550526,5.901816212999999,5.000863439,9.748017619,7.335032292999999,9.1314049,6.2670219220000005,6.003829894,6.295634727,5.17014544,5.071312206
Ga0242637_11344,15.63932904,15.52795682,15.91209052,16.1907326,16.15262808,15.94607411,15.17193176,15.46990847,15.51808638,12.80859823,13.79042385,13.80166681,15.11918064,15.27422771,15.26982166,11.19189189,10.77233339,9.838016247,7.541038381,6.543835915,6.752916,7.914815751,7.065098646,7.560646587000001,15.42466118,15.47544999,15.47536438,15.67752304,15.48653576,15.73836834,13.7005233,13.29358934,14.76065859,13.531077,13.40097795,12.83155432,12.36056685,11.64361162,12.16082934,7.91442691,14.55726783,13.92819741,14.94102595,14.21343443,14.18231518,14.48195202,6.82345168,7.065773967
Ga0242637_113440,4.472236948,4.076708291,4.601966904,3.9066627169999997,4.441439466,4.268645649,4.149254746,3.956726771,4.251042272,3.450563658,3.795137545,3.82092602,5.180370997,4.945647534,4.839425193,3.063272146,3.465611188,2.728466907,2.957841924,2.654240015,1.764951351,2.8057856639999996,3.1110896560000003,3.1138557000000002,2.9697458610000003,2.4340741830000003,3.349279727,3.8225672999999993,3.743072834,3.73698757,4.063137997,4.676454802,4.205940684,3.8587559139999996,3.889328561,3.70695293,1.764951351,3.347410348,4.01929759,3.52051745,7.849805467,5.323171115,7.1991722629999995,4.470215957,4.230481,4.128480148,2.638270533,3.045854701
Ga0242637_113441,5.641014178,5.136062347,5.60685945,5.8144227,5.990495546,6.11078736,5.670000819,5.29636356,5.271436136,4.852780008,5.757135615,6.146374915,6.26618501,6.298275335,6.296254961,4.97489283,5.041072829,4.34968863,4.103569772,3.942535777,4.384474106,4.737776482,4.572983816,5.48758844,3.752046685,4.235484963999999,4.904712457,4.767968562,4.99012813,4.92963042,6.200885698,5.54945943,6.189243906000001,5.439406105,5.076266476,5.792344933,5.934684068999999,4.464627463,5.331952749,5.394172671000001,10.12587266,7.786556685,9.043922882,6.117487743,5.737211476000001,6.607421062,5.062331788,4.941547642
Ga0242637_113442,9.24623908,9.041362629,9.146573618,9.342538116,9.676161167,9.414509104,9.441150636,9.429672432,9.265235843,9.96352316,11.26435792,10.79678266,9.833966814,9.31529169,9.748592643,8.730358949,8.746617938,8.747966775,8.571886932,8.946106151,9.513512406,8.753507822000001,8.714795439,8.769364023,9.462953495,9.741481778999999,9.762919136,10.19813356,9.933998982,10.06710731,10.11445169,9.726600658999999,9.791639868999999,10.77777166,11.39676397,11.21739916,9.38534208,9.026731547,8.897840533,10.13793702,11.65406323,10.14197875,10.47595234,9.928514508,10.46111145,9.661507487,10.12418878,10.20020306
Ga0242637_113443,8.24333884,8.038182545,8.328689465,9.553316617,9.803804882,9.900235907999999,10.09391007,10.0722715,9.724058887,8.390519905,10.81599423,10.68780984,10.27454299,9.70475376,9.770363789,10.444061,10.50078306,10.19434241,9.142031948,9.339472772999999,9.497660855,7.835356363,7.800773156,7.906332902000001,7.464780629,7.661679789,8.25965504,9.058339441000001,8.67457656,9.52161911,9.611197884,9.165899957999999,9.763371102999999,9.711347362,10.39379845,10.70618199,10.46226304,10.14941019,10.5444279,10.92373234,13.71067131,12.50671513,12.39878818,10.64473971,10.71374805,10.59037358,11.0180787,11.03332149
Ga0242637_113444,4.349151887,4.076708291,4.021383903,4.831518636,4.984562088000001,4.47645793,4.669329099,5.1842268439999994,4.625687201,3.874070482,5.663258026,5.433484136000001,5.702577075,4.774297383,4.997345056,5.16625283,5.416603517,4.787419622,5.218180433000001,5.659621767999999,5.047435514,5.442018557999999,4.7570015539999995,4.577747215,4.899551132,4.725536827,4.497285518,4.309413512,4.685497855,4.837999339,5.461940492999999,4.728067906000001,5.065064829,5.3156082389999995,5.5282672889999995,5.7608803889999995,5.845938526,5.628299527999999,5.65727789,5.534287024,6.4242548479999995,5.98529092,6.262320027,4.936962314,4.896774386000001,5.107153384,6.247439525,5.748692192
Ga0242637_113445,3.79986984,4.076708291,4.021383903,4.271266876,4.646911621,4.993760535,4.669329099,5.030295955,4.51177886,4.11950463,4.800700892,4.684252222,5.040895261,4.613495265,4.661434729,4.4900135830000005,4.636168732,4.656285493,4.476506155,4.926323084,4.859361138,5.442018557999999,5.259079827,5.202656485,4.414305016,4.235484963999999,4.6108539319999995,4.309413512,4.113784807,4.634514988,4.328871157,4.5671028389999995,4.554766425,4.711795822,4.957334987,5.2500364930000005,5.29418298,5.489425957000001,4.949797315,5.394172671000001,5.575530368,5.275578888,5.303788803,5.007333227,4.80563102,4.973014093,5.117265012,5.449890901
Ga0242637_113446,8.280748695,8.219283052,8.253140093999999,8.365018176,8.455289072000001,8.360177617,8.587643862,8.563895772,8.517975796,8.390519905,8.47208943,8.387570867,7.897201269,8.13905297,8.064448387999999,8.431464882,8.698386921,8.797265677,8.896158796,8.969309479,9.109884594,9.379744678,9.824487103,9.309225419,8.508537386,8.629455822,8.389999644,8.744026952,8.318034266,8.285939982999999,8.553250971,8.591670859,8.497265385,8.142186266,8.17622753,8.374644634,8.384200191,8.344850504,8.359338167999999,9.033734682999999,8.749130111,8.557805437999999,8.842614002000001,8.391848752000001,8.545605168,8.421327364,8.779508541,9.18740345
Ga0242637_113447,9.473232776,9.603606743,9.624506562999999,9.994024565,9.916215031,9.87031312,9.991278903,9.966955245,9.801783126,9.599997019,10.17332324,9.66684596,9.961546485,9.869554758,9.854304462,10.79298263,10.95596968,11.05375568,10.88634192,10.78737133,10.79749474,10.28111532,10.47839152,10.47664664,8.674385564,8.565701664,8.603218595,9.46818068,9.431351607,9.376523556,9.193290315,8.997807086,9.192114207000001,9.862917099,9.789692617,9.614560566,10.72971409,10.85271173,10.86095771,11.02166449,11.52128875,11.047352199999999,11.23890072,9.52683712,9.617549904,9.531795575,11.08270268,11.16582822
Ga0242637_113448,6.370101353,6.182676609,5.89993998,6.505497762,6.486607947,6.459972556,6.606046514,6.5676554000000005,6.220447202000001,7.517732323,7.16554577,6.559383887999999,6.5977393829999995,6.631578901,6.466221329,8.069890601,8.117439011,7.978161755,7.550534334,7.6244042929999996,7.552769873,7.43432001,7.769569364,7.806930249,6.327582362999999,6.59597934,6.148225393,6.13253494,6.275628467000001,6.100672285,7.2243926489999994,7.422251985,6.521020299,8.724137877,8.899696402,7.967591627000001,7.766227193,8.140674108999999,7.727143962,8.705678075,7.313481831,7.391543735,7.824739651,6.640175935,6.817725212,6.756413277999999,8.701565101,8.804698132999999
Ga0242637_113449,7.7806132120000004,7.594413991000001,7.851083455,7.95974454,7.9661851210000005,7.915317135,7.566586481,7.516438056,7.565261907999999,8.212559792999999,8.624572416,8.374339174,7.871943181000001,7.632926266,7.8107249439999995,8.108871842000001,7.93692849,7.856113086000001,7.841008769,7.96180169,7.913009391,7.726305915,7.625959592,7.722159712000001,7.336111008,7.462935151,7.327875679,7.130498997,6.933804968,7.019879774,7.515821665,7.170365951,7.3997942320000005,7.985535908999999,7.869173102,7.815684137000001,8.088914303,8.093742981,7.9355627360000005,7.5377125110000005,7.709815247000001,7.597740665,7.989918049,7.226128397,7.6248512260000005,7.18969335,7.954886124,7.964810581
Ga0242637_11345,12.50570332,12.56856906,13.15114717,13.00813205,13.25817003,13.22752388,12.36174148,12.62604796,12.53268156,9.696438365,10.94325885,10.88260831,12.70505702,12.51116658,12.1055245,9.475123457,8.704504729,7.826418178,6.089640734,5.2148792639999995,4.790629011,5.56032048,5.1328806060000005,5.07047746,11.93139876,11.74075093,12.39655798,11.91372921,12.01567632,12.39218595,10.94842726,10.654353599999999,11.73597924,11.19737886,11.07114786,10.3009484,10.47337887,9.946485389,10.40855714,4.632733889,10.89785425,11.09745492,10.92269294,12.35959609,12.26032663,12.54140752,4.250125233,4.359912367
Ga0242637_113450,11.007454800000001,11.00792319,11.0323196,10.63207373,10.68308531,10.51940253,10.66137415,10.66395581,10.63411125,11.51275601,12.97481228,12.048781300000002,10.79674776,10.82380109,10.79693078,9.96599512,10.07801506,9.967198886,9.744159364,9.791809261000001,9.908651169,10.62106027,11.20161402,10.82667712,10.30955033,10.37086884,10.40320177,10.29822867,10.52915439,10.38121797,12.2186814,12.44094631,11.36788561,12.18500549,12.86838648,12.46170581,11.04739287,11.49240099,11.0376311,11.69438476,10.40408773,10.01468883,10.71890172,10.01228582,10.09657779,10.03067044,11.53810221,11.94517512
Ga0242637_113451,8.284846078,8.046037116,8.452871742000001,8.85237329,8.903164869,8.741921571,8.794646806,8.861587466,8.894253173,8.82147972,10.20684356,9.723593455,8.732626092,8.492656625,8.31611566,10.00163957,9.881439375,9.704302691,10.83385778,10.93314993,10.84941883,10.55705851,10.64522868,10.23996695,8.186638471,8.355559219,8.334417327,7.386781772999999,7.695497566,7.760167301,9.097668399,8.833803565,8.631428191,9.338999603,10.10538234,9.771228514,9.996583076,10.16934897,9.742989616000001,11.03930906,9.190198302999999,9.2348289,9.497963966,8.197292386,8.481709724,8.531675474,10.91728475,11.13221749
Ga0242637_113452,7.621213357,7.641838784,7.801428541,7.95974454,7.94251354,8.044018078999999,7.95170728,7.862095919,7.878371494,8.233452678999999,7.9120453060000004,7.9557382610000005,7.951259302,7.926704492000001,7.449611943,7.672008443999999,7.867731953,7.770336597999999,8.1403937,8.403510888,8.331939121,8.938683366,8.978518145,8.726490927,6.524365303,6.733658247,7.252737269,6.38883245,6.985684795,6.632456863,7.883115257,7.846319316000001,7.773745964,8.263645007000001,8.521977068,8.216094549,7.640341822000001,7.496584004,7.732882095,7.0727992660000005,7.781508475,7.335032292999999,7.566706922000001,8.077119502,8.237054337,7.873894766,7.183644889,6.67929411
Ga0242637_113453,8.77597325,8.839259911000001,9.064772023,8.649157277,8.703597743,8.576054174,8.206209024,8.241434738999999,8.15883583,9.332069508,8.728247391,8.9026541,9.082257452999999,9.027614165,8.907673697,8.443713318,8.051766425,7.909014762000001,8.465501344,8.648398891,8.684463267,9.612010556,9.672556582999999,9.450937524,8.079092407000001,8.147862198,8.280814023,8.156643382,8.370980472000001,8.315576746,8.854811732,8.84820559,8.622462293,9.805786631,10.04657025,9.582422125,8.743793816,8.081767639,8.563079559,7.323919898,8.020365826,8.10983512,8.389488927999999,8.467815075,8.974895908999999,8.729878414,7.183644889,7.096264975
Ga0242637_113454,4.28318584,3.942239546,4.860393744,4.422193692,4.1996928989999995,4.4273871830000004,3.8963039360000002,4.660392731,4.387612859,5.638974087999999,5.020303588,5.211674346000001,4.66504715,4.351503758,3.8582441469999997,4.389752078,4.138748662,4.405768825,5.355480453999999,4.926323084,5.104939347,5.669565534,5.429562132999999,4.924648265,4.227785699,3.824681115,3.915202194,4.375801711,4.29486285,4.459612024,5.858317548,5.899744585,5.134643458999999,5.7185231739999995,5.975869282000001,5.995141107,5.29418298,4.122987674,4.780426735,3.860946852,4.3167515430000005,4.351588736,4.510207018,4.251984307,4.896774386000001,4.863306925,3.442297762,4.252491295
Ga0242637_113455,6.060992991,6.292599391,6.1270713279999995,6.414924732,6.164668731,6.213448933,6.277961762,6.378130116,6.202539906,6.810732279,6.262407139,6.060653995,5.85525438,5.959031692000001,5.943559798,5.93213082,6.287974557999999,6.1036337529999996,6.476448887999999,6.824195716,6.698428825,7.2884756070000005,7.529903699,7.433090161,5.828255202,6.015082574,6.03295117,5.910445054,5.983560667000001,5.86832935,6.45056443,6.368856881,6.189243906000001,7.054123276,7.08834486,6.988669603,5.422921493,5.489425957000001,6.145557275,5.534287024,6.615950569,6.301223246,6.522144706000001,6.053023475,5.831705172,6.102121777000001,6.247439525,5.962955225
Ga0242637_113456,5.833033812999999,6.079069939,6.220894069,5.900555853999999,6.02706223,5.844248707999999,5.6504501860000005,5.9541164339999995,5.687892007,6.341125792000001,5.901091802000001,5.6839969660000005,5.813267869,5.891484553,6.144143687000001,4.281559972,5.117168106,5.333866685,5.218180433000001,4.860785042,5.361928221,6.94329072,6.939819689,6.656842683,5.890859337,5.569536649,5.863257924,5.450910518,5.5017513760000005,5.59087327,5.590347098,5.831564123,5.77880057,6.882587632000001,7.134284602,6.231255426000001,5.422921493,4.737982187,5.027402438,5.12479833,5.790192407999999,6.125463892000001,5.809527223,5.741238147000001,5.211812222,5.342441495,4.602649512,4.941547642
Ga0242637_113457,3.4671807360000004,2.686586935,3.0999819539999995,3.024689424,3.8193379060000003,3.055524389,3.155796047,3.54034049,3.3591003539999997,3.1652587430000003,3.914464957,4.116088736,3.9197569839999997,3.43792384,3.787498028,3.892319216,3.798069659,3.4955664389999996,3.7340261939999997,4.5628060999999995,4.066657595,4.737776482,4.994320674,5.138108701,3.652503691,3.824681115,3.718506891,3.917216817,3.904206087,3.502034565,3.907346379,3.8303429139999996,3.409177202,3.931277971,4.524616065,3.962010465,4.377864054,3.91283721,3.6595699839999996,3.042219942,4.198123123,3.9122902089999996,3.6742944960000004,2.9134069030000003,3.4799555860000004,3.6667322610000004,4.145636678,3.525262858
Ga0242637_113458,3.698529345,2.884693773,3.245552862,2.8641280410000003,3.404506301,2.6922148339999996,3.017944431,3.54034049,3.3591003539999997,2.9887932989999997,3.3486969460000005,3.82092602,3.53504885,2.587354007,3.1287230089999998,3.547978091,3.586637633,2.728466907,3.8692144980000003,3.803921163,4.561457885,5.3129993319999995,4.668031599,5.587314472,3.2934309839999996,3.0702452019999997,3.718506891,3.720385549,3.743072834,3.36495514,3.6315993030000002,3.8303429139999996,3.634407682,3.040752658,3.889328561,3.775624263,5.540984152,4.122987674,3.2994000619999997,4.453106302,1.764951351,3.445576453,3.6742944960000004,3.351217807,3.9089009,3.3514834060000003,3.442297762,3.866371795
Ga0242637_113459,5.666474096,5.632516237999999,5.89993998,5.965919447999999,6.275127016,5.915669562000001,5.88587872,6.084121432000001,5.968181014,6.2940877,6.479428548,5.992826981,6.399630557999999,5.959031692000001,5.780895195,6.569465856,6.826406529,6.670387515,6.535085897,6.841079783,6.905001625,7.82363899,7.965873042999999,7.088175727,5.989481926,5.799928989,6.202568198,5.820322182000001,5.802066796,6.283527792999999,6.012628252000001,5.8546532970000005,6.1397226,6.7651576470000006,6.930645001,6.8687259229999995,7.3816884279999995,7.344481926,7.247219808,7.591875435,7.933115492000001,7.778104527000001,7.340555848999999,5.656840735,6.360976475,6.238819485,7.418403562000001,7.80792223
Ga0242637_11346,13.69667257,13.805639499999998,14.07264599,14.01429096,14.04299185,14.02637618,13.07708134,13.28701349,13.344810999999998,10.68296096,10.97440916,11.4417314,13.85514319,13.74618392,13.33126063,10.45620232,9.916118839,9.076961646,6.904664781,5.998300844,6.167109247000001,6.228496762000001,6.580665552999999,6.869002875,13.176471300000001,12.79325953,13.548481900000002,12.91500369,13.15035117,13.38766624,12.15504864,11.72495588,12.86505846,12.29492059,12.1148239,11.54376573,11.58883943,11.13064034,11.63451035,6.5448917589999995,11.55162413,11.71120282,11.40389896,13.42249095,13.668147400000002,13.70226977,6.222800831,6.1198970479999995
Ga0242637_113460,4.786832832,4.310766793,4.820505525,4.720850415,4.693851334,4.77845092,4.502119858,4.742600255,4.51177886,4.978420755,4.218583159,4.7960525910000005,5.180370997,4.804349092,5.055868844,4.389752078,5.041072829,4.94510423,4.834070366000001,4.182356513999999,4.384474106,5.0133739969999995,4.994320674,4.365241902,4.979232842,4.7662066030000005,4.904712457,4.375801711,4.807619143999999,4.329301877,4.742474206,4.622854853,4.448064936000001,5.3156082389999995,5.804121743,5.40102619,6.018255341000001,5.560550526,5.632826815,5.778988445,5.867785784,5.98529092,5.773584463,4.9004125730000005,5.139386515,5.169734368,5.408498381,6.027805793
Ga0242637_113461,3.79986984,3.3131841189999998,4.092030704,3.9748242310000004,4.0603926580000005,3.880786982,3.155796047,4.025988985,3.618475267,3.450563658,4.023771416000001,3.4363628139999998,4.342851821,3.666205171,4.412551724,4.035114441,4.409928452,3.9532778719999997,3.991602028,4.182356513999999,3.8028251330000002,4.105023658,3.7987871739999997,4.672884133999999,4.227785699,4.348487282,4.436793403,4.1660224,4.4034040480000005,4.106914192,4.444466537,4.3849201980000005,4.137988429,4.401735515,4.872076946,4.700706096,4.995296209,5.414567487999999,4.867664457,4.864979065,5.082266081,5.010237392,4.418181822,4.567563977,4.489924871,4.36583428,4.818322602,4.552351294
Ga0242637_113462,6.598235477999999,5.500861604,6.20567637,6.214626687000001,5.87484486,6.016542807,5.76393575,5.792220714,5.989240719,6.473656714,6.34516328,6.42876132,6.048509266,5.617958245,6.04735343,6.157606328,5.87462932,6.245288737,6.5728903370000005,6.66260788,6.52137848,6.656513704,6.506815658,6.7668268760000005,6.511168131,6.573578405,6.416854532,6.606282247,6.330218,6.685357821,6.477279767000001,6.067140458,6.632524185,7.165238766,6.8990532479999995,6.981883888,8.575173557000001,8.364752917999999,8.413927461,6.6508413310000005,6.398391844,6.7275943510000005,5.976844206,6.10164103,5.962696894,6.003178382000001,6.554245461,6.67929411
Ga0242637_113463,7.506571901,7.610396206,7.652545107999999,7.142348804,7.155997172999999,7.234249299,6.703809415,6.812041242,6.822350273,7.273245809,7.253762881,7.299602771,7.334776408,7.57828372,7.416845485,6.871251902999999,6.902944475,6.877770592,7.314541569,7.209359308,7.367425752999999,6.94329072,6.82302007,6.982753397000001,6.893183402000001,6.931520365,6.756313597999999,6.795147653,6.951306668,6.73638347,6.294039204,6.162641865,6.298558283999999,7.413489522000001,6.971717625,6.912208501,8.547389017999999,8.422863671,8.413927461,6.78717803,6.824440749,7.239736213,6.778769051,6.514310011,6.392255812,6.573383941,7.007591466,7.1981723639999995
Ga0242637_113464,11.63482774,11.49615304,11.63586714,11.27847455,11.3161889,11.34046197,11.62601639,11.60768983,11.59509471,11.10522458,11.65582182,12.05639509,10.85912084,11.09658904,11.10860032,11.20184086,11.287265699999999,11.53189974,11.98217632,12.90853293,12.65372201,13.81181348,13.7726538,13.47750449,11.87881812,11.47860247,11.64856675,12.70419052,12.73006392,12.74451898,11.52276144,11.69618707,11.15590773,10.81685014,11.31240904,11.17603946,10.65357563,10.92820839,10.96759048,11.25936474,9.419327202,9.387065656,10.30618951,11.50826806,11.41170578,11.26836642,11.33798927,11.29212608
Ga0242637_113465,11.76407598,11.49830126,11.98732458,11.50601975,11.4417834,11.60387727,11.63347067,11.87619862,12.03196803,11.690971699999999,12.42903913,12.54874167,11.13492822,11.28811409,11.03406839,11.75441087,11.63026497,11.66225651,12.16362393,13.24810299,13.02664518,13.66075057,13.31651326,13.28480905,11.934795800000002,11.21422192,11.56134545,12.56657881,12.71286434,12.74646296,11.889033099999999,11.82881832,11.8118785,11.45986325,11.75296658,11.86814338,11.23324509,11.13064034,10.90925516,11.16518292,10.02611888,10.13537794,10.69756204,11.79576512,12.46464084,11.99850376,11.54121309,11.30522857
Ga0242637_113466,12.83132655,12.89582126,12.89438382,12.61685823,12.66222213,12.75581575,12.94602076,12.91546922,12.99895988,12.32604672,13.20753318,13.28779953,12.07028705,12.45498664,12.2771046,12.2740852,12.41942538,12.52235772,12.909450699999999,13.59308294,13.48005342,14.33702001,14.27253543,13.87903343,12.90517244,12.44758131,12.79425896,13.56943711,13.74939688,13.78628259,12.83344414,12.87166982,12.59256431,12.28655189,12.597818,12.56810517,11.81393874,12.08787485,12.11351517,12.62441613,11.38822408,11.18874505,11.96501285,12.77068296,12.823300900000001,12.71401711,12.71400454,12.67758209
Ga0242637_113467,13.47087559,13.24861154,13.71079882,13.27169309,13.20569972,13.27397505,13.19102491,13.39392626,13.61093081,13.25006569,14.16801368,14.21547684,12.90813849,13.06990892,12.67885115,13.232861600000001,13.00495357,12.86650229,13.45897372,14.41405914,14.2537829,14.36292398,14.19687019,14.0790523,13.52199479,13.1504198,13.350836,14.10846023,14.22873874,14.30286668,13.31606479,13.221024100000001,13.34264576,13.37145658,13.54071296,13.50029627,12.6829204,12.68574752,12.33169839,12.75443804,12.05152564,12.18704428,12.39842085,13.23911869,14.01842747,13.59065817,12.86663351,12.95670329
Ga0242637_113468,9.116622604,9.183427692,9.09599371,8.964237114,9.036583708,9.115174813,9.167574428,9.138394854,9.16267835,8.685574032,8.724394672999999,9.023409129,9.132035455,9.265625046,9.273589299,9.07156873,8.863316296,8.89823283,8.283906112999999,7.333819682000001,7.490039605,7.594603642,7.301683833999999,7.596812094,9.307729546000001,9.24653465,9.195494901,9.417386477,9.609892607,9.510680042999999,8.950736663999999,8.853926378999999,8.912113182999999,8.858005737000001,8.883656438,8.951545518,8.547389017999999,8.875415135,9.100030056,9.326613076000001,7.7512182,8.31654558,8.322907812999999,9.235994048,8.98004373,9.117708001,9.40292955,9.299685227000001
Ga0242637_113469,12.16393083,12.14849476,12.23367249,12.18710393,12.20537015,12.2367121,12.19375428,12.2518038,12.32564265,11.96336197,12.48589567,12.55241754,12.17259155,12.15321477,12.00190574,12.47204569,12.31958579,12.2737418,12.16902653,12.18180016,12.16711498,11.91909614,11.96835761,11.83663253,12.13708208,11.79554586,12.12226193,12.22178075,12.55202478,12.50350529,12.13136248,12.01233846,12.22409594,12.22507642,12.16407013,12.30584605,12.1687579,12.37894408,12.26050605,12.5579633,11.32452066,11.6219449,11.41483715,12.38103701,12.67248183,12.48080298,12.74347454,12.64896099
Ga0242637_11347,12.57216235,12.58567571,12.72132359,12.40540863,12.39321096,12.38359517,11.36117173,11.47879577,11.57222785,9.875890548,9.805085813,10.34651255,12.69788942,12.61122582,12.49019632,9.524967794,8.93270969,8.500979559,7.369231856,7.260440233,7.479313968,7.738837951,7.180350701,7.548386974,12.36386796,12.03159044,12.54711869,12.11780348,12.17790049,12.4133867,10.83762539,10.52855509,11.29640712,11.20042429,11.05751065,10.59781783,10.23730424,9.66684828,10.296811,6.945405302999999,9.585881032,9.820566551,9.59091535,12.02886459,12.16523346,12.11213278,7.036116594,6.638418239
Ga0242637_113470,5.94116114,5.8642331620000006,5.353272905,5.6648314410000005,5.256720726,4.9255903089999995,5.590140635,5.26914868,5.236456361,5.017927646,4.800700892,4.9960046369999995,5.30734308,5.381752594,4.997345056,4.281559972,4.347036161,4.656285493,4.103569772,4.860785042,4.642114564,4.393970655,4.994320674,4.672884133999999,5.381157138,5.42621131,4.765490421,5.291771675,5.616384732999999,5.210266287,5.061046701,5.003218235,5.1002818780000005,5.121895423,5.22071963,5.180067749,4.818200909,4.464627463,4.867664457,4.714516113,4.621105128,5.65562299,5.085476312,4.701851081,4.230481,5.041675762,5.221123476,4.871888998999999
Ga0242637_113471,6.598235477999999,6.703946649,6.544798116,6.460924027000001,6.349131116000001,6.41146951,5.998254556,5.902157056,6.238134046,6.013336689,5.210283856,5.712434593999999,6.468742894,6.696219415,6.51868831,5.485497969,5.7134700160000005,5.6838572439999995,5.011617463,4.643484469,4.066657595,5.442018557999999,5.482136618999999,5.264394062,6.1684584639999995,5.819144914,6.354255845,6.13253494,6.458258782000001,6.300595808,5.730596441,5.9648286420000005,5.439022045,5.508829662999999,5.7811300789999995,5.2500364930000005,5.845938526,6.421034542999999,6.777230907000001,6.111983072,4.944709092,5.539840324,4.677691172,5.840183939,5.469417836,5.8969019629999995,6.119789277000001,6.261361596
Ga0242637_113472,9.100441943,9.123452005,9.432404466,8.505879681,8.561660642,8.671688941000001,8.915758195,9.130912666,9.113319343999999,10.813555599999999,10.97359798,10.64070187,8.981960741,8.838526581,8.833085459,9.297569232999999,9.562434523,9.617401322000001,10.84257782,11.76649996,11.55413604,12.16810856,12.442245199999999,11.94051854,9.178221682,8.629455822,9.642229452999999,9.605607616,9.999558667999999,9.302344028,8.475988612,8.553507444,8.604361558999999,10.2114936,10.09148455,9.967632723,7.8595768679999995,8.007749132,7.662469789,6.226187843,9.422533622000001,10.39502963,8.593257868,9.377288386,9.504207787,9.357981124,6.452022828,5.786702919
Ga0242637_113473,12.40531615,12.19603234,12.20603741,12.29919684,12.27737626,12.24407684,12.33379661,12.40872823,12.55133334,13.38022506,14.38731296,13.67565541,10.97690937,11.2864767,11.25553633,11.93063037,11.83651801,11.91147517,12.21936669,12.64084456,12.45087043,12.56762108,12.8012596,12.51267469,13.39960671,12.91462281,13.49878818,12.49739207,12.90137587,12.47119009,11.98626305,11.97180991,12.09204673,13.14078267,12.88106518,13.19858557,8.164026599,8.549990094,8.050295653,8.69582166,12.30967988,12.93477809,11.98472251,12.10294384,12.37075932,11.75139192,8.356363806000001,8.714267077
Ga0242637_113474,10.04879696,10.2173527,10.3146578,10.71021391,10.93592749,10.85832015,10.58397727,10.54654981,10.66461701,10.84171883,9.589058632,9.845258086,10.50473386,10.09507586,10.16490253,10.88117663,10.74810665,10.81702404,11.839908900000001,11.74537418,11.8530055,10.78558483,10.14931624,10.91762446,10.67863961,10.586630099999999,10.79453349,10.08937116,10.14818629,10.38021668,11.12592488,11.43985741,10.75841712,10.06928657,10.72687493,10.17729733,11.69077323,11.39415743,11.98270366,9.520551409,10.10207339,10.07457092,10.21734846,10.90709598,10.76086576,10.82154571,9.660357661,9.503851733
Ga0242637_113475,9.832146857,10.00210708,9.817924376,9.942345765,10.00686756,9.98851637,9.917885335,9.785863713,9.879756131,9.381572057,9.291280375,9.465295355,9.78474986,9.841281956,9.922004356,9.448021117,9.415412386,9.384278489,8.509975131000001,7.772487125,7.888901494,8.148785899,7.984110162,7.9811988739999995,9.781082771,9.625282556,9.912743536,10.10728614,9.991128529,9.924657586,9.238824889,9.299765084,9.472130732,9.171744042,9.11421632,9.123139327999999,9.061172177000001,9.257138675,9.505599306,8.994070587000001,9.844406928,9.755337109,9.930774277000001,10.05703366,9.542986382,9.89389226,9.099532232,8.928413634
Ga0242637_113476,8.106506909,8.239973755,8.105481066,8.377046985,8.012393603,8.257735197,8.040378666,8.184742846,7.98154183,7.999786717,8.010257741,7.7388354370000005,8.881777269,8.915126759,8.730193209,8.443713318,8.48039859,8.763717624,8.534102857,8.776698997999999,8.457442716000001,8.504787106,8.65913756,8.693478613,8.573381777,8.826818268,8.397767975,8.385310266,8.092273993,8.211323225,7.927326355,8.069267031,8.061599222,7.981494289,7.548055815,7.700599386,8.948848583,8.882334924,9.008399595,8.889859438,8.391545365,8.263043375,8.377609637,8.140393061000001,8.063613718,7.937649907999999,8.516684296000001,8.809304184
Ga0242637_113477,8.787569926,8.75791428,8.743181166,8.644189031,8.780371515,8.806553852,8.807884908,8.815656747,8.553658081,8.575340056,8.657273256,8.485172102,9.374296424,9.256286448,9.461970926000001,8.663859052000001,8.983906332,9.118386236000001,8.968764374,9.247564449,9.432453268,8.981487718,9.113022314,9.164159566,9.57327698,9.877833293,9.590638163,9.328540936,8.891676817999999,9.194827669,8.635494479,8.819256301,8.616453917000001,8.892848869,8.602585383,8.632359447,9.236699391,9.075851164,9.386908708,9.083719515,9.120831134,8.997039101,8.820847394,8.433493027,8.36849434,8.369436739,9.085962172,9.190937511
Ga0242637_113478,8.532380412,8.544418448,8.410447767,8.060154359,7.923292479,8.132592724,7.637522466,7.674080546,7.646839412,7.714868732,7.611831552999999,8.00808288,8.451601992999999,8.413247701,8.283174716,7.279462555,7.409462326,6.9438319360000005,6.609726987999999,5.904829262000001,6.295147771,5.865819405,6.259363603,6.2038558429999995,8.186638471,7.6076351760000005,8.18530017,8.061819152,8.209566813,8.184038327,7.395061376,7.497299404,7.4880233160000005,7.695980573,7.464227319,7.196357119,7.813657267999999,7.403416726000001,7.476601722000001,6.823872422999999,6.499165323,6.599016019,6.5647277939999995,7.641520806,7.931656771,7.658346193,7.0640879089999995,6.970226897000001
Ga0242637_113479,9.81241559,9.884394454,9.811669025,9.431731803,9.487879392,9.459865851,9.209741499,9.204043547000001,9.354929366,9.360835602,9.317090585,9.450662118,9.617052869,9.637496245,9.471305825,8.99872847,8.725715012,8.766326126000001,8.429936983,8.464662951000001,8.689123674,8.28318048,8.088939997999999,8.246960536,9.547687646,9.399053132,9.46502595,9.510082472999999,9.566576804,9.402400095,8.945969559,9.078204156,9.018460004,8.988575176,8.703501434,8.724613424,8.629186868,8.97588027,8.923151856,8.300003086,8.296870846000001,8.298931105,8.371633101,8.861960887,8.974895908999999,8.977434601,8.470430952000001,8.485895869
Ga0242637_11348,5.3261307989999995,4.684705087,5.207248198,4.720850415,4.646911621,4.268645649,4.745949426,4.5271795930000005,4.625687201,5.507235187999999,5.118479175,5.171089211,4.88611688,4.351503758,4.77092408,4.163986673999999,3.979426665,4.34968863,5.06615415,5.048901257,4.924884106,5.771053014,5.960243686,5.538322247999999,5.717420712000001,5.592084812,5.4481850220000005,5.888440105,5.6809942520000005,5.56276213,4.910764331,5.160708887,4.914692706,5.884102434,5.68528209,6.172785315,4.377864054,3.662028972,3.551058527,3.306485327,4.526930893,5.762726817000001,4.510207018,4.936962314,4.896774386000001,4.744292858000001,4.032303163,3.866371795
Ga0242637_113480,7.9029621,7.620953435,7.541984447999999,7.399929143,7.180497923,7.606583463,7.607547632999999,7.522170906,7.098590852999999,7.190155406000001,6.602224679,7.2030792020000005,7.153742127999999,7.341358828,7.636709623,6.5916770510000005,6.6599263660000005,6.7569566210000005,6.238335006000001,6.344987747,6.52137848,6.298008836,6.198069137999999,5.680529589,7.836466595,7.718878834,7.209236527000001,7.739134719,7.7212175610000005,7.772433565,7.135024789,7.197630121,7.260276941,7.158091777,7.344288572000001,6.988669603,6.900325658,6.817827167999999,7.3920831510000005,6.710858849,6.20301847,6.228513816,6.849335065,6.693940546,6.29629906,6.80609677,6.295484655,6.4385855670000005
Ga0242637_113481,9.943887414,10.0241419,9.961580291,9.719584585,9.737961155,9.701832000000001,9.544935662,9.599210517000001,9.668187623,10.25568014,10.31069917,10.06567474,10.04751651,10.08832533,10.00790116,10.13223488,9.892199042,9.899901775,9.70005648,9.554180723,9.40721996,8.911270968,8.618858484,9.042722922000001,10.04729535,10.06288293,9.839062446,9.853589982,9.716013234,9.597678543999999,9.754398074,9.772628671,9.76472987,9.730736274,9.48759995,9.41380777,9.675761252000001,9.721889931,9.864247659,9.506524404,9.072661119,9.24099109,8.938715381,9.350783875,9.456992751,9.459187117,9.531132811,9.605331123
Ga0242637_113482,8.796206659,8.290438057000001,8.387076509,8.450036166,8.372683156,8.180350829,8.091799133,8.024368228,7.928162658,8.5049153,8.078254131,8.23975644,8.845910186000001,8.755737282,8.786835534,8.349209651,8.180251015,8.14782074,8.465501344,8.745677843,8.779302934,8.341854891,8.146747092,8.384318647,8.194905471,8.25368786,8.121050873,7.944458356,7.824495429,7.753994817000001,8.043466941,7.9407490229999995,7.882905672000001,7.425442414,8.257314676,7.472834422000001,7.443309957,7.567011883999999,7.476601722000001,7.654294432,8.254313086,8.345433286,8.628768887,7.625021996,7.877505654,7.732121531000001,7.737730732,7.345037764
Ga0242637_113483,10.41680053,10.39311495,10.33573634,10.12816779,10.12722329,10.19037535,9.904597258999999,9.9243097,9.902072502000001,9.847715331,9.679386832,9.816198023,10.65959307,10.62824749,10.53922923,10.22029794,10.0030641,9.694749348,9.60303278,9.318545291,9.384413718,9.159790143,9.216901343,9.283575746,9.904657517,9.876691559,9.980259294,9.766079526,9.844410027,9.676468483999999,9.899528145,10.00632409,9.895765432000001,9.346874266,9.635407163,9.422598152,9.922815629,10.02986424,10.18616917,10.05748251,9.591589685,9.593795663,9.79670634,9.917269332,9.820577278,9.93128018,9.894385502,9.935322269
Ga0242637_113484,11.42486503,11.45176411,11.38809627,11.37121226,11.350314599999999,11.40720234,11.47099831,11.44826783,11.37444173,11.44003309,11.27229573,11.28559176,11.31717265,11.36770111,11.39695054,11.43977938,11.49828165,11.675499900000002,11.56223796,11.84019434,11.79149439,11.81792173,12.12446086,11.78598964,11.65819426,11.75914486,11.48227382,11.47399045,11.32373589,11.24686489,11.14736581,11.17267255,11.24913724,11.13325989,10.95378645,11.04595778,11.52616929,11.66383182,11.85273522,12.02718851,11.42865066,11.28059551,11.71245214,11.45521723,11.33543639,11.31153971,11.83891284,11.78779979
Ga0242637_113485,8.301120197000001,8.319890317,8.289609869,8.132899423,7.903811771,8.121343365,7.947725524,8.14071193,7.98677267,7.75009687,7.991143042999999,8.085909685,8.123802748,8.198778053,8.261813692999999,7.980232375,8.302259964,8.179482672999999,8.266728775,8.564542309,8.271070117999999,8.597141235,8.547078875,8.785118519,8.165761254,8.243093537,8.00377787,8.066711391,8.241906417000001,7.982349519,8.083089044,8.136530396,8.087894854,7.744489856,7.836209586,7.788734392,7.8819997310000005,8.334795358,8.359338167999999,8.233424735,7.327239317,7.288171693,7.340555848999999,7.71611328,7.689144099999999,7.658346193,8.310421271000001,8.359688193
Ga0242637_113486,8.040183736,8.002297794,8.413755818,7.975654582000001,8.034954245,8.121343365,7.947725524,7.987552752,7.94975199,8.770932016,9.044804574,8.234884031,8.234954588999999,8.008452718,8.112974434,8.045985893,7.611854076,7.759901405,7.871632687000001,8.297489625,8.349709953,10.81694338,11.70053785,9.752818298,7.754935539,7.783676522,7.946665883,7.701880875,7.795734456,7.677787486000001,8.235426635,8.079070287,8.196607976000001,10.07688193,8.910291477000001,8.267190237000001,8.430568203,8.069692029,8.351900967,8.02878047,7.577956478,7.346513211,7.696713934,8.230384782,8.279430421,8.336030796000001,7.830182136,7.948197971
Ga0242637_113487,11.73405102,11.69405271,11.76902866,11.96779814,12.00000299,11.87394649,13.33503929,13.87878577,12.42169318,11.67807635,12.59039095,12.32117355,12.25328293,11.71163886,11.98478124,13.36188718,13.34713309,13.35682057,13.43450863,13.43834741,13.32138899,13.29185753,13.05331127,13.27577735,11.90393059,11.75573322,11.61938302,15.50390383,12.34040129,12.56912079,12.37447568,12.32216783,13.96549775,12.28429835,12.1968929,12.48632034,13.73123257,15.07414763,15.137692699999999,16.22649825,13.8963846,11.75168658,11.96996557,11.80219825,11.959762300000001,13.23297283,16.14363488,16.52132007
Ga0242637_113488,11.56495345,11.53399093,11.6552103,12.01233653,11.9307217,11.88174433,12.37180429,12.7112949,12.3243522,11.51061827,12.78788907,12.05259322,11.65508381,11.55887551,11.37509314,12.42069361,12.2330987,12.10549543,11.71883702,11.47853715,11.37557194,11.46044089,11.110144400000001,11.35855751,11.17547164,11.09361793,11.2129698,14.38675114,11.20163816,11.25398842,11.94445415,11.82554683,12.52761902,11.52586177,11.49152898,11.82546045,12.6424578,13.93632414,13.70459427,14.77956395,12.2088281,11.99896658,12.20949419,11.49773731,11.67556934,12.19318318,14.56761425,15.00704699
Ga0242637_113489,9.808152122000001,9.951785303,9.830354293,9.822123236,9.83241727,9.690460378,9.908698949,9.776303796,9.828245157000001,10.03665891,10.00727734,9.955976044,9.815541094,9.889538949,9.777906728,10.17877116,10.21501747,10.34065715,10.00287536,9.999537393999999,9.826434379,10.01622473,10.07683102,9.91672504,9.78519462,9.952341628,9.818954442999999,11.70605007,9.793202311,9.651787163,9.818392278,9.717216171,9.843999257,9.90512778,9.604751226,9.760372745,10.08136549,11.20427722,11.39865017,11.91059648,9.591589685,9.444264032000001,9.473061661000001,9.732015800000001,9.62414113,9.623249876000001,11.79319542,12.03688608
Ga0242637_11349,11.55946819,11.50686229,11.53467891,11.11439072,11.10216287,11.09999339,10.09120575,10.2100148,10.2626784,8.525389941,8.425388887999999,9.150439373,11.74615146,11.62618738,11.56331865,8.275746805,7.675539722999999,7.235139867999999,6.089640734,5.872266967000001,5.6193236120000005,6.87677085,6.901929214,7.26344423,11.25865564,10.93538391,11.454147500000001,11.17596736,11.30515348,11.547282899999999,9.413012716,9.257228709,10.0261176,9.944063457999999,9.932962445,9.30392024,8.849961667999999,9.087874116,8.967622302,7.361827081,8.188025139,8.671677001,8.266049365,10.46874775,10.76086576,10.73193027,6.341975574,7.16978384
Ga0242637_113490,8.325192181,8.609465718,8.403808816,8.774942199,8.835383952,8.732095279,8.961887006,8.872845222,8.880269454,8.904585958,8.595338137999999,8.549372314,8.508429682000001,8.543997909,8.652598981,8.99872847,9.156719851,9.27312439,9.094149938,8.910585996,8.975184534,8.843274473,8.903858142999999,8.938570136000001,8.817774,9.093761099999998,8.832578995,8.665588194,8.645324952000001,8.759368192,8.75477921,8.615441282,8.689817608,8.397062118,8.357502965,8.425511762000001,8.8836828,9.123353194,9.298764555,9.38604857,9.068573393,8.891309547,9.173233704,8.731925808,8.633171772,8.589518307,9.459274352000001,9.59736383
Ga0242637_113491,8.239121655,8.061619078,8.185076534,8.845896804,8.895789027000001,8.959659378,8.915758195,8.951406983,9.004077018,9.005197747,8.89519191,8.662549761000001,8.774113405,8.604130122,8.446255962,9.643855336,9.381450078,9.520299297000001,9.782932477000001,9.683738887,9.732490925,9.326782485,9.157887211,9.234695813,8.343594737,8.438378238,8.572661971,7.063520165,7.893984128,7.802650352000001,9.121117751,8.947861327,9.157361182,9.206782503,8.997339687,9.283385305,9.520089691,9.146530239,9.253585031,9.157388752000001,10.51788568,10.22670243,10.50899473,9.446196647,9.392822246,9.307172762999999,9.375305026,9.222360406
Ga0242637_113492,5.4779191560000005,5.330128456000001,4.899179735,5.9498557629999995,5.749034568,5.769079584,6.102463161,6.0995742129999995,5.968181014,6.568905718,6.384820797000001,6.08256884,5.631803786,5.86354852,5.268396495,6.9592605270000005,7.110817937,7.3920649439999995,7.5599681510000005,7.9462912160000005,7.928860299,7.881296366,8.26332862,8.008301083,6.563245716,6.443721711,6.110819759,5.450910518,5.913695955,6.139153197000001,6.308994211,6.320010186,6.2053787279999995,6.508247295,6.182766912999999,6.629125069,6.809599865,7.174415403999999,6.810194429,7.602468065,6.593339468,6.014442298,6.8144842489999995,6.036444639,6.082718732000001,6.309494405,7.407530735,7.30644456
Ga0242637_113493,7.194306599999999,6.983131162,7.461136563999999,7.873209267000001,7.848841867999999,7.773994779,7.709841645,7.83010473,7.976291947999999,8.645606731,8.327191322000001,8.25908313,7.5347489439999995,7.485391741,7.394579961,8.986222655,9.011308758,8.871830197000001,9.544852066,9.845044917000001,9.817949002999999,9.506054671000001,9.543253308999999,9.661886184,8.033723291,8.159176813,7.87054536,7.121119106,7.428255544,7.40587083,8.167425136,8.26231998,8.034815233,8.541308557,8.330144527,8.53842894,9.279548484,9.051500411000001,8.750084474,9.413369794,9.197703835,8.88345243,9.169793923,8.077119502,8.29603829,8.208926505,9.424654516,9.729595976
Ga0242637_113494,6.206635294,6.048040816,6.009251455,6.538044532000001,6.419511637,6.7209691639999996,6.69432655,6.390735909,6.450209912,6.682777196,6.568196225,6.207466191,5.505452737000001,6.060897007,6.42282479,6.452955864,7.04480408,7.350933274,6.764734549,6.969467544,6.905001625,8.031456136000001,8.725673877,7.925416898,7.092291181,7.210746651,6.681844582999999,6.886583612999999,6.652759546,7.030136858,6.76428305,7.170365951,6.822136133,6.958616792999999,7.0214645120000005,6.861349465,6.761999476000001,7.51451613,7.214774531000001,8.112671933,6.744630009,6.414785426,6.386266174,6.252749753,5.962696894,5.9686206770000005,7.67565381,7.82622126
Ga0242637_113495,5.388800592000001,5.194270186000001,4.97368299,5.475407059,5.511124041,5.237648343,5.5484716160000005,5.60965673,5.5526919029999995,6.261851396,6.081057114,5.794506029,5.146769223,4.99841835,5.084245838,5.705893862999999,6.203932956,6.018445817000001,6.645644281,6.7898218539999995,6.698428825,7.580746799999999,8.240754003,7.608668442999999,5.694185286000001,5.451121643,5.840561032999999,4.309413512,5.1819052469999995,5.015657664,5.662190797999999,6.162641865,5.594626205,6.574216312000001,6.0924001,6.196459699,5.540984152,6.302017581,5.9421174489999995,6.40650764,5.941392431000001,5.499061404,5.143286713999999,5.471438399,5.831705172,5.287173358,6.037371072999999,6.288056674
Ga0242637_113496,8.612808366,8.676773327000001,8.465678159,8.377046985,8.307467974,8.261155913,8.248900232,8.292632882000001,8.397472217,9.045920444,9.180348277,9.054157847,8.315847352999999,8.46512639,8.473058019,8.241076225,8.117439011,8.198924134,8.557833631,8.604612092,8.707616179,8.715976365,8.553198836,8.687902355,8.746455385,8.773830755,8.603218595,8.161224811,8.884866842000001,8.586082947000001,8.716103361,8.920862632999999,8.726541398,8.933160847,8.66960195,8.649577713,8.145612062,8.230189429,8.181958543,7.398762882000001,7.482835688,7.588102011,7.446732691,8.311658021,8.12067013,8.230903706,7.878218619,7.466693744
Ga0242637_113497,10.09735874,10.03700601,10.15384739,10.05705863,10.11139054,10.18768179,10.038836300000002,9.973244725,10.10808397,10.88988358,10.77747112,10.45313306,10.03619401,10.05332048,9.893519948,10.07236379,9.89888331,9.92696535,10.21473035,10.45070536,10.33161328,10.12283324,10.05543395,9.977406166,10.49167785,10.41872091,10.40897838,9.883006234,10.29152947,10.32716769,9.966961713,9.883056202,9.982405737999999,10.55591977,10.19800899,10.13284246,9.991437252,10.06069218,9.963955534,9.297581236000001,9.954827853,10.02007367,9.920577456,10.09345821,10.11775041,10.16513831,9.669484742,9.360577127
Ga0242637_113498,11.1354796,11.06990037,11.29609888,11.01734939,11.10055978,10.98937616,10.70270906,10.72858453,10.71511958,10.83421665,10.71671702,11.03681669,11.45279512,11.31599021,11.23767414,10.86077059,10.49196829,10.27165062,10.01835119,10.0530051,10.08343198,10.18366915,10.25446116,10.13528406,11.18846613,10.97433246,11.20136627,11.15372756,11.25057662,11.24521599,10.60720165,10.54456141,10.58851626,10.95102164,11.03590323,10.85831919,11.00716636,11.009462199999998,10.75992612,10.58768953,10.5446181,10.53325405,10.63532697,11.03849035,11.33644017,11.22431766,10.68837816,10.84653435
Ga0242637_113499,10.33322151,10.330993099999999,10.31642616,9.966427752000001,10.040700099999999,9.997772193,10.01620431,10.0286492,9.842739223999999,9.796693668,9.893515222000001,10.51873751,10.1403305,10.12836271,10.16982539,9.317672415,9.189802738,9.0895144,8.958103776,9.065755765,9.056782975,10.05931856,10.36120686,9.909556251,10.35174839,10.06288293,10.21158806,10.78885323,11.01985389,10.90507106,9.568416181,9.769605406,9.549847645,9.97589519,9.963804248999999,9.689308076,9.227974701,9.465012168,9.257570341000001,9.271275345,8.011874528,8.680772676,8.508648877999999,9.748606781,10.02864715,9.65745665,9.286144448,9.442912045
Ga0242637_1135,6.080026936,6.094336532000001,6.143140283999999,6.99394573,6.990330323999999,6.680625696,7.4016997589999995,7.2864996170000005,7.330295445,8.156778023,9.758751732,8.843071832,6.693208625,6.446638841,6.032977647,6.613550644,6.568861414,6.714322657,6.680687091,6.954031085,6.6609235479999995,6.85389689,6.939819689,7.202148141,6.550401957999999,6.743722994,6.202568198,5.566548676,5.240463367,5.86832935,8.931572988,9.231091541,7.872858324,8.510788879,9.440865192999999,8.980749592999999,7.3816884279999995,8.117399427999999,7.945480242,8.768153722000001,8.062088204,7.518764527999999,8.01314056,6.672675063,6.228573506,6.323221721,8.400888047999999,8.73378201
Ga0242637_11350,12.52747803,12.49266137,12.66743848,12.28888878,12.28515953,12.28602449,11.29964024,11.39186964,11.47973866,9.33593829,9.554757322999999,10.217863000000001,12.66739045,12.58175635,12.47486394,8.769808627,8.380767556,7.841342066,6.476448887999999,6.141708631,6.319441296,6.602629057000001,6.229043205,6.945825704,12.12226052,11.91464042,12.25620481,12.14233829,12.12084437,12.39912278,10.38308584,10.10076519,11.01401124,10.8140125,10.65309939,10.19792464,9.822067701,9.451117542999999,9.816420092000001,6.253374702,9.163617089,9.547312109,9.535866178,11.45443949,11.89923312,11.90051078,6.09283893,6.31426495
Ga0242637_113500,11.30492086,11.21149228,11.43727641,11.1260188,11.1359445,11.13723126,10.81787079,10.96469305,11.07323774,11.07139656,11.29779608,11.76517421,11.15181312,11.20907414,10.90568678,10.36898573,10.13574544,9.74586606,9.523319016,9.826105598,9.882441195,10.55351673,10.56573469,10.15158027,10.89954667,10.54267478,10.93927409,11.42006446,11.73245408,11.68339333,10.7021351,10.50874752,10.7767155,11.24492936,11.05512574,11.01888643,10.16601549,10.09683667,9.960292394,9.996564355,9.24193502,9.67796228,9.538535752,10.641326600000001,11.16284475,10.97427484,10.20644082,10.04092188
Ga0242637_113501,11.93674246,11.84994071,12.08625522,11.83431132,11.83627535,11.90461478,11.6725891,11.79627307,11.900630099999999,11.5754582,12.45571571,12.5781301,11.84744167,11.81611223,11.49925041,11.22508738,10.83501689,10.498806,10.307232,10.79496682,10.72899759,11.44523123,11.41741449,11.22151461,11.63370042,11.33884408,11.58832451,12.04097037,12.21524954,12.27909375,11.5402618,11.41249933,11.76919104,11.86902716,11.88236365,11.79749437,10.87370215,11.08638268,10.69160854,10.61147572,10.62892233,11.05786201,10.79007905,11.55472768,12.18709904,11.92430614,10.67371173,10.67671359
Ga0242637_113502,8.583170907000001,8.490758109,8.543240771,8.293835388,8.03942433,8.304902361,8.579947763,8.613060522,8.602175305,9.099247557,9.029273915,9.571521168,8.227008533,8.261472806,8.166504384,8.467902513,8.294168967000001,8.056986409,7.938247507000001,8.861822926,8.641827856,10.04172966,10.36120686,9.76610925,8.740820467,8.788475992,8.73170171,9.097108077,9.390267647,9.30656672,8.568839271,8.67158932,8.646248614,9.065037519,9.262163299,8.82654026,8.182208989,8.174896694,7.8589242960000005,8.609206083,6.723966422,7.2148940679999995,7.01196139,8.167225647999999,8.429979521,8.163941216,8.400888047999999,8.214439829
Ga0242637_113503,9.13489525,8.874971711,8.969085717,8.562277783999999,8.77502114,8.545521102,9.033131683999999,9.037961881000001,8.822938271,9.052988972,9.618417499,9.964830153,8.468549675,8.379235232000001,8.66891907,9.353816058,9.129696193,9.241602755,9.834356269,10.06022686,10.14917049,11.33814513,11.48138913,11.2128047,8.984405586,9.175887217,9.163957486000001,9.819220138,9.773674504,10.01645111,8.945969559,9.435669933,8.997808603,9.100869669,9.466218028,9.007705991,8.780058266000001,9.099797691000001,8.84319564,9.966138026,7.367741055,8.026661495,8.152121767999999,8.321929085,8.202233589,8.223615118,9.521083872,9.15520115
Ga0242637_113504,11.97083602,11.79332877,12.19502569,11.66775071,11.76520109,11.62659553,11.73974505,11.83563909,11.89264193,12.59398197,13.167482500000002,13.0329645,11.79466482,11.53093543,11.34820236,12.05658654,12.04974475,11.81776932,12.14572872,12.77993193,12.70437784,12.43339185,12.575235099999999,12.32066332,12.23025659,12.55622378,11.92372348,12.67124943,12.639244099999999,12.40134542,11.86271794,11.75469194,11.65366564,12.43115464,12.38073154,12.35751086,11.9233641,11.652745800000002,11.32792339,11.28916711,11.21321205,11.54869794,11.22156278,11.18070541,11.781817199999999,11.47888609,11.65471503,11.35648003
Ga0242637_113505,11.53688686,11.38638135,11.67945963,11.25504079,11.27414312,11.18618208,10.971838400000001,10.93868169,10.95146735,11.42512883,12.32157773,12.28038106,11.45789568,11.32845634,11.25630796,10.67197122,10.57861518,10.33187957,9.865114092,9.791809261000001,9.95000953,9.652305885,9.262433832000001,9.279873992,11.50748223,11.61699093,11.45786759,11.30109832,11.51742408,11.35376691,10.97674737,11.09871453,10.84895448,11.8591505,11.72548384,11.64890387,11.6748117,11.37588762,11.0629015,10.03811113,10.58524162,10.74099982,10.36902984,10.74482231,11.04621399,10.91499583,9.94975019,9.952080022
Ga0242637_113506,12.04094258,12.03222832,12.10171918,12.07158834,12.14469734,12.077290699999999,12.13653997,12.213576199999999,12.16825219,12.594587599999999,13.41640817,13.02610721,11.85648234,11.75561903,11.73229477,11.92244906,11.95157483,11.86294779,11.70349481,11.91479536,11.90950712,11.53686607,11.72174658,11.55358597,11.99490906,12.06053608,11.9563056,11.56106117,11.78795387,11.67198321,12.47303059,12.5891337,12.14230609,12.14649918,12.42481021,12.22578145,12.3989657,12.62361612,12.39004338,11.7561519,11.69175725,11.51604026,11.92985944,11.87491487,11.88626821,11.92879443,11.7143602,11.73612626
Ga0242637_113507,11.24572613,11.22841451,11.21736658,11.44162238,11.34941498,11.35173514,11.55157245,11.55170339,11.60533148,11.72750846,12.78742756,12.25021908,11.01835383,10.97945893,10.84593983,11.40026404,11.44492863,11.35908,11.16266568,11.37447474,11.29990044,10.56938673,10.78698809,10.71460499,11.01492145,10.90714499,10.99025585,10.81670428,10.91735893,10.80714226,11.75578622,11.91957896,11.59185516,11.31604942,11.52982076,11.3754729,11.56479014,11.69952901,11.55942147,10.57295808,10.88163691,10.91776116,11.03943223,11.34581695,11.53487156,11.48765869,10.69733011,10.54345641
Ga0242637_113508,9.455168339,9.478611726,9.288470805,9.192373365,9.032105362000001,9.172608621,9.349071007000001,9.221761337,9.09406257,8.843389087,9.047890742,9.332492347999999,9.289099332000001,9.370742257,9.472634464,8.755141136,8.676767925,8.891079904,8.581180307,8.528544263999999,8.679787755,9.241304968,9.324573127,9.156104995,9.452649483,9.424278829,9.317220752999999,9.390327389,9.549453918,9.414188345,9.591492611,9.924420777,9.379382745,8.820038908999999,9.444514418999999,9.298472775,9.080687212,9.202894283,9.194525533,8.388333507999999,7.7512182,8.012320642,8.109662395,9.08739242,9.207744278,9.115740937,8.268984942000001,8.200480342999999
Ga0242637_113509,7.4924651529999995,7.746783156,7.595413269,7.321155451,7.341246087999999,7.417148458,7.261137606,7.231564604,7.192166986,6.8437422660000005,6.635467096,7.044970404,7.219321368999999,7.673593547,7.819106962,6.096716606,6.485939074,6.070162842,5.73610727,5.2661502030000005,5.213380113,7.047755337000001,7.098979065,6.6103830089999995,7.485151752,7.407070677,7.391528032999999,7.611018937000001,7.48341096,7.597326585,7.075126026,7.284956502999999,7.1563890489999995,6.707550805,7.031211031000001,6.7297982560000005,6.172077286,6.665550105,7.214774531000001,6.994507531,6.449660959,6.478853096,6.646290509,7.080408665,7.2686738,7.18969335,7.077872535,7.319424115
Ga0242637_11351,13.18563765,13.18812835,13.30324068,13.06441881,13.05520571,13.00169161,12.09237095,12.21711367,12.30380843,9.705438147,9.890080186,10.67527748,13.29696121,13.2933483,13.17945475,9.4079519,8.866047922,8.143813677,7.03219648,5.76988924,6.193646105,7.067769123,6.695904429,7.233122031000001,12.84193714,12.48702069,13.07649101,12.87565184,12.88880927,13.10300498,10.98838529,10.73018018,11.67514017,11.11169985,10.9525056,10.55162762,10.45853865,10.05457906,10.39776408,7.458294252000001,9.600110531,10.01108773,10.1955254,12.2847861,12.63258663,12.59586904,7.105052362,7.081100124
Ga0242637_113510,6.968265904,7.271531015,7.099501157000001,7.289673395,7.605255127,7.494771512000001,7.47547666,7.4815538120000005,7.3547830439999995,7.714868732,7.356944218,7.4161339260000005,7.5218136520000005,7.6815911539999995,7.476359663999999,8.663859052000001,8.48039859,8.577239552,8.653447441,8.549224447,8.679787755,8.644525014,8.509803598,8.445082934,7.152982271,7.203475815,7.335987645,6.864263078,7.08415517,7.2826234460000006,7.633188597999999,7.540521484,7.552397882999999,7.681103747000001,7.588210381000001,7.619891268,8.399822399,8.304202369,8.4596226,8.786845041,8.210461335,7.86047623,8.159078377,7.71611328,7.501364735,7.6798128310000005,8.679145201,8.823034744
Ga0242637_113511,6.29069105,6.331745354,6.405323735,6.267378167,6.670945735,6.140875653999999,6.606046514,6.522563167,6.2899247229999995,6.670560655,6.442328847000001,6.207466191,7.119798335,7.0203130410000005,7.040248395,6.99301164,6.837592718,7.109223944,7.098454785,7.437327184,7.141135131,7.958329732,7.9097357310000005,7.655142282999999,5.870293714,5.546626726,5.745996002,5.748802145,6.204339683,6.549270762999999,5.540362097,5.710180182,6.070920132,6.563429375,6.496275108,6.242669221,7.349860838,7.759743187000001,7.8693811479999995,7.203822392999999,6.843720942000001,6.893391251000001,6.980871821,6.3894689520000005,6.193474781,6.295634727,7.246015427000001,7.050283032
Ga0242637_113512,5.260571412,5.381033025,5.176150348,5.2829045180000005,5.2254260210000005,4.77845092,5.216699757,4.857499627,5.464967174,5.507235187999999,5.377795913,5.8208499179999995,6.066476507999999,5.300425582,5.292855855,5.437019741,5.189379758,5.769901987000001,5.558442277999999,6.141708631,6.084423183999999,6.899287208,6.506815658,6.352505232,5.321587674,5.321969697,4.2374047710000005,5.5940514310000005,5.5716295989999995,5.381364859,4.697037544,5.003218235,4.914692706,5.84892586,5.734008437000001,5.679052574,5.751330366,5.560550526,5.839156551,5.578091949,5.266368163,5.4570823410000004,5.447991032000001,5.10671788,5.139386515,4.658919033,5.451725904,5.748692192
Ga0242637_113513,12.09385677,11.87578338,12.1805351,12.14156083,12.07783433,12.13435597,12.06506772,12.18043673,12.36508455,11.79791799,11.673412800000001,11.87336612,11.97980647,11.74897609,11.67746705,11.98977172,11.86615383,11.73063322,11.62311239,11.21861153,11.32407055,12.05618194,11.72852212,11.61216532,12.38321155,12.05196378,12.17151823,12.38977102,12.69626777,12.63272245,12.61811412,12.71704872,12.51051048,12.02292704,12.00605156,12.20918489,12.66121164,12.54676044,12.39638287,12.2251796,10.893239300000001,11.22650042,11.26411993,11.98994543,12.36536014,12.09825339,12.35318916,12.32837732
Ga0242637_113514,12.03973092,11.99239425,12.13767008,12.22606764,12.28398294,12.27422384,12.27563324,12.36813774,12.44729009,10.935855,11.34057881,11.74347059,11.91637723,11.72306289,11.57542687,11.84434368,11.70157798,11.56111022,10.78744322,9.475336291,9.732490925,9.96914782,9.236048164,9.477036437999999,12.07350142,11.63364561,12.04708108,12.47571925,12.7099777,12.69484677,12.45846057,12.36285696,12.41574382,11.58098281,11.69784962,11.95942159,12.59829109,12.58808265,12.57386751,12.30474148,10.29635508,10.77960952,10.9031472,12.17930014,12.43073479,12.16183168,12.48471715,12.40682836
Ga0242637_113515,11.83459321,11.75820389,11.76417784,12.311979199999998,11.99742103,12.13924343,12.23741635,12.30076139,12.31710429,11.33376909,11.20200541,11.30489692,11.28739807,11.48997705,11.33182397,12.42301516,12.58462416,12.64577117,12.59857702,12.73945474,12.58412374,12.16056179,12.04960214,12.33812224,11.35077558,11.31375398,11.29688361,12.16817066,11.8747168,12.09819344,11.91792287,11.80612946,12.15971072,11.29096249,11.40895564,11.77315438,12.78904491,12.673333999999999,12.51702864,13.42803921,12.27373621,11.92674144,12.32995791,11.86294944,11.98814271,12.1699114,13.226291199999999,13.37052379
Ga0242637_113517,12.63549373,12.50695715,12.41852659,12.21522158,12.16605823,12.13342314,12.22636737,12.05460353,12.10653137,12.238596800000002,12.62463969,12.62170315,11.78792986,12.00617389,12.12762092,11.40261867,11.60146036,11.70842522,11.28499993,11.74649381,11.69285236,11.37071127,11.37831167,11.39151995,12.939705,13.02926401,12.75322021,12.95198937,13.01371233,12.93401551,11.87091452,11.83714523,11.94368605,12.40235059,12.41972111,12.19312925,11.46993207,11.54131033,11.52305124,10.93424939,11.02564355,11.17995182,10.80123741,11.81406991,12.00149358,11.68163546,11.09799384,10.7952177
Ga0242637_113519,6.060992991,5.673836388,5.82214174,5.562710944,5.658564936,5.825823053,5.689287742,5.792220714,5.661855816,6.371650663,6.746118336,6.679129400000001,5.896045455,5.932393488,5.864534518999999,6.127484201000001,5.586119897000001,5.790628498999999,6.165911317999999,6.086052777000001,5.996681476,7.403161433999999,6.6735829429999995,6.8085711820000006,5.466084075,5.760705767,5.745996002,5.773041302999999,5.594182435,6.100672285,5.662190797999999,5.831564123,5.882929632000001,6.474092676000001,6.855823267999999,6.654961094,5.540984152,5.814182763,5.5826326360000005,5.62059316,6.078158097999999,6.845625117999999,5.536607461,5.678411545,6.1205945879999994,5.951024488,5.612616484,6.08985168
Ga0242637_11352,11.91840014,11.91356547,11.96128242,11.62363234,11.62355459,11.618618099999999,10.71388621,10.77911853,10.85252348,8.848814827,9.075373113,9.683033099,11.79062762,11.896239999999999,11.77411191,8.515096954,8.436965394,7.927780541000001,7.761476855,8.129123632999999,7.872602712999999,8.194989582,8.65345181,8.320881511,11.26652014,11.10292372,11.64367556,11.48773277,11.46016686,11.61694268,9.638045242999999,9.447068865,10.17661581,9.754611618,9.573429684,9.417581637,9.27107988,8.936529785,9.217212957000001,6.805642102,8.702407642999999,8.867608633,9.344716639,10.95076699,11.17074517,11.224774,6.855823241,6.776677321
Ga0242637_113520,2.493146696,1.764951351,2.4500833419999997,2.669405787,1.764951351,1.764951351,2.4060372180000003,2.693612905,2.802740674,1.764951351,2.58606159,2.545388166,1.764951351,1.764951351,2.392844266,1.764951351,1.764951351,3.1044040639999997,1.764951351,3.00415308,1.764951351,3.208116214,2.733434557,3.1138557000000002,1.764951351,1.764951351,3.19503281,1.764951351,2.7038793560000003,3.209420395,1.764951351,1.764951351,1.764951351,2.681282262,2.491398329,2.606994275,3.19781202,1.764951351,2.476742168,1.764951351,2.713663973,1.764951351,2.667729675,2.439497919,1.764951351,1.764951351,2.638270533,1.764951351
Ga0242637_113521,4.06343774,3.710259249,3.783277731,3.590839983,3.9047313960000003,3.880786982,3.824625541,4.091802658,4.177226698,5.05635864,4.914784288,4.848771504,4.458824889,4.543578041,4.366319211,4.671023263,4.582983929,4.745062231,5.011617463,4.988943819,4.384474106,6.364313645,6.166412467000001,6.002435286,4.159436799,4.112162506000001,4.6108539319999995,5.033966346000001,4.807619143999999,4.973300362,4.328871157,4.728067906000001,4.332374654,4.998011383,5.634836862,5.081055200000001,4.995296209,4.856866072,4.4232196539999995,5.064189077,4.068024151,5.010237392,4.5964761439999995,4.365453725,4.896774386000001,4.19184173,4.145636678,4.359912367
Ga0242637_113522,3.00145839,2.686586935,3.0999819539999995,2.669405787,3.1258350760000004,3.4349120319999997,3.277942678,2.8930991230000003,2.506512943,3.316819254,3.516347495,3.086552422,3.416771273,2.350359106,3.632975974,3.3312073310000003,3.17815798,3.4955664389999996,3.409865375,3.4707135389999997,3.8028251330000002,4.835778512,4.668031599,4.845648752,2.9697458610000003,3.0702452019999997,1.764951351,2.7970937510000002,2.434624694,3.502034565,3.275786601,3.2023231739999996,3.278155795,3.040752658,3.889328561,3.2906310889999997,1.764951351,3.347410348,3.149291978,3.52051745,3.35606442,3.9122902089999996,3.4946380269999997,3.224071216,3.4799555860000004,2.9136076980000003,3.442297762,3.310755737
Ga0242637_113523,2.7843994210000003,3.0479219410000002,2.930832432,2.669405787,2.4640428340000002,2.6922148339999996,2.4060372180000003,1.764951351,2.506512943,3.450563658,1.764951351,1.764951351,3.136324976,1.764951351,2.836309725,2.697953195,3.798069659,3.2503850360000004,2.957841924,3.00415308,3.64741757,5.094429967,4.7570015539999995,4.577747215,1.764951351,3.3393896030000003,2.501599896,2.7970937510000002,3.071269312,2.8067615000000004,3.127659418,3.2023231739999996,3.129829243,3.180771594,3.176288832,3.2906310889999997,3.19781202,3.347410348,3.149291978,3.042219942,1.764951351,2.984995328,2.667729675,3.0803301339999996,2.792585865,2.4396198080000002,2.9824992530000003,2.685057094
Ga0242637_113524,4.28318584,4.2559482730000004,4.503928157,4.271266876,4.598331827,4.376496604,4.4102561080000005,4.617394197,3.927618893,5.05635864,5.25404949,5.171089211,4.216089736,4.30963189,3.989110611,4.904869941,4.784519682,4.511487832,4.555764506,5.581083416,4.924884106,7.3551231779999995,6.843156365,6.67952201,4.899551132,5.118838335,4.555234673,5.112534724,4.685497855,5.096740307,4.949863798,5.335755549,5.028947718,5.208172581,5.555664486,5.679052574,4.818200909,4.966460517,4.363716926,4.246408504,4.068024151,5.796717903999999,4.5964761439999995,4.470215957,4.80563102,4.36583428,4.347120349,4.798593744
Ga0242637_113525,2.493146696,1.764951351,1.764951351,1.764951351,2.4640428340000002,2.426167481,1.764951351,1.764951351,2.506512943,1.764951351,2.58606159,2.545388166,1.764951351,2.350359106,2.392844266,1.764951351,2.783394397,2.452468344,2.620112537,3.261710257,2.653701924,3.500516376,4.109167166000001,3.967222743,1.764951351,1.764951351,1.764951351,1.764951351,2.7038793560000003,2.509444961,2.4650293580000002,1.764951351,2.747370773,2.418245537,1.764951351,2.3645287759999998,1.764951351,3.347410348,1.764951351,1.764951351,1.764951351,4.442236701000001,2.667729675,1.764951351,1.764951351,1.764951351,1.764951351,1.764951351
Ga0242637_113526,3.00145839,2.884693773,3.0999819539999995,2.8641280410000003,2.744398912,1.764951351,2.858160055,2.4271808669999997,2.802740674,2.7737677119999997,1.764951351,3.4363628139999998,2.7522056530000003,2.913262576,2.993237353,3.3312073310000003,2.492414675,2.934755081,3.409865375,3.00415308,3.8028251330000002,5.669565534,4.7570015539999995,4.672884133999999,2.473778066,2.703120283,2.501599896,3.0165719139999996,2.905376211,3.0280757019999998,2.955392989,3.0217587530000003,2.747370773,3.3047612,3.176288832,2.940004623,3.19781202,3.662028972,2.476742168,4.129906508,3.761569239,4.03641017,3.022421094,2.710597517,2.792585865,2.9136076980000003,2.9824992530000003,1.764951351
Ga0242637_113527,3.00145839,3.0479219410000002,3.5957216260000004,3.16318366,2.953773423,2.891426793,2.664422505,3.0574123839999996,2.802740674,3.680174811,3.914464957,2.855977779,2.4697179680000003,2.587354007,2.993237353,3.063272146,3.17815798,2.728466907,3.5826343030000003,3.803921163,3.9413868460000003,6.155449891,5.719373603999999,5.724953022999999,3.752046685,2.904468678,2.501599896,3.486982523,3.071269312,3.36495514,3.275786601,3.616358705,2.957319384,3.51860132,3.584336313,3.9028094710000003,3.7220789030000003,3.347410348,2.761863632,3.7022288089999997,2.713663973,3.621276007,2.667729675,2.710597517,3.4799555860000004,1.764951351,2.638270533,3.310755737
Ga0242637_113528,6.041703224,5.523664543,5.973732075,6.159864192000001,6.008895385,6.423749481000001,6.565002964,6.464134765,6.552647097,5.78253743,6.497625646,5.532647821,5.582596577,5.477284507999999,5.268396495,8.509281406,8.906413477000001,9.174452157000001,9.872702165,9.855460309,9.904649728999999,10.11564573,10.3205282,10.28128382,5.381157138,5.375044513,5.721345382000001,4.992980103,4.8834896080000005,5.348752844,6.603886066,6.618106021,6.57164704,5.8666220870000005,6.467827035,6.111833565,8.780058266000001,9.169340796,8.543626267999999,10.44935587,7.137253651,7.09747948,7.364835769,7.539571266,7.701665685,7.31847575,10.65085275,10.54897478
Ga0242637_113529,10.41959796,10.30504829,10.27701266,10.43618343,10.19389233,10.17685699,10.13737784,10.20734939,10.14129493,10.49765641,10.46295984,10.27593421,9.725359023,10.13128471,9.98107863,10.21851707,10.19451786,10.21549362,10.15063477,9.997657863999999,9.800827041,9.598324723,9.524687758999999,9.659039162000001,9.644414562,9.777408649,9.418057232,9.648653707000001,9.487870821,9.645133534,9.681709548999999,9.604664253,9.922795154,10.06165101,9.898789219,9.771228514,10.19316326,10.33738623,9.874664065,10.47982817,10.48145402,10.3741561,10.39577658,9.665020606,9.700972693999999,9.856687799,10.53203866,10.37037339
Ga0242637_11353,3.893771605,3.0479219410000002,3.49008882,3.3965277680000003,3.629237593,3.880786982,3.748712635,3.324328978,3.2040458910000003,4.042654659,4.12472298,4.116088736,4.216089736,3.8590685010000003,3.989110611,4.4900135830000005,4.687392958,4.459643842,4.103569772,4.5628060999999995,4.924884106,6.298008836,5.996728318,6.139804722,3.930480587,3.9026848060000003,4.436793403,4.439115107,4.6422935160000005,4.023757596,4.328871157,4.4483658010000005,4.448064936000001,4.351143767,5.185963425,4.889094575,5.540984152,6.5309503410000005,5.391594002000001,7.972736822000001,4.3167515430000005,4.68310128,4.097700825,3.917653608,4.230481,3.991945537,7.522846399,8.450949116
Ga0242637_113530,8.698233411,8.651256095,8.832400696,8.726406597999999,8.586308041,8.790073393,8.721915526,8.726625903,8.964860677999999,8.386794662,8.411078706,8.185232652,8.765910848999999,8.616695821,8.853627752000001,8.289385002000001,8.306288505,8.296000036,9.010635986,9.574497942,9.727968976,13.99775644,14.20721539,13.81365315,8.940835708,8.882485995,8.691186663,8.855638841000001,8.847993842000001,9.250683438,8.792445126,8.65202096,8.921890193,8.953933683999999,9.034134315,8.935841808,8.31996229,8.413339672000001,8.152294771000001,7.835816606,8.504796282000001,8.333947537,8.72096881,9.46330808,9.475335707000001,9.227438803,7.702586096,8.021492483
Ga0242637_113531,8.329165408,8.513595705,8.342641741,8.312746143,8.504614172,8.318100162999999,8.363915292,8.223956709,8.329109811,7.903990985,8.922351393,8.50554331,8.461794478,8.331753913,8.470400113,7.682384446,8.007912331,8.069714952,8.366852038,9.118598816,9.012847821,9.173699842000001,9.062432991,9.077256441,7.953161015,8.082013302,7.925324042000001,8.128844927000001,8.027785487000001,8.142118057000001,7.7743585710000005,7.793705788,7.7683359439999995,7.936272454,7.852785529,7.8270816110000005,7.904079276,7.666595349,7.625930777000001,7.9889727520000005,8.225227221,8.310697957,8.058493022999999,7.941581458,8.29603829,7.887795859,8.01341443,8.172149388
Ga0242637_113532,4.06343774,4.2559482730000004,4.503928157,4.1604384130000005,3.8193379060000003,4.376496604,4.259752279,4.091802658,4.016152236,4.326727,4.540104715,4.2014779110000005,4.402065233,4.078302471000001,4.0499543110000005,4.4900135830000005,3.465611188,3.9532778719999997,3.991602028,4.182356513999999,3.64741757,5.56032048,5.8843656179999995,4.999446763,4.227785699,4.293160833,4.163851932,4.1660224,4.237162325,4.023757596,4.601460261000001,4.509011222,3.9907369210000003,4.826076093,4.872076946,4.733919193,3.7220789030000003,3.347410348,4.167803702,4.002277801,4.198123123,4.754924248,4.510207018,4.4188348369999995,4.3663536910000005,4.128480148,4.602649512,5.007921351999999
Ga0242637_113533,4.472236948,4.600275824,4.284017681,4.271266876,4.441439466,4.0230464239999995,3.8963039360000002,4.5271795930000005,4.251042272,5.017927646,5.070243604,4.848771504,4.92643527,4.743585868,4.108128152,4.83117596,5.041072829,4.511487832,4.476506155,4.643484469,5.264641359,6.574910802000001,6.481331944,5.634681831,4.292841717,4.502186862,4.373513282,4.815949237,4.846067195,4.92963042,4.9879069110000005,4.917352993,4.554766425,5.121895423,5.500333825,5.131426844,5.29418298,5.69298164,4.236306217,4.545835038,4.7922398369999994,4.754924248,4.418181822,4.743881537,5.211812222,5.0747936430000005,4.678308878999999,4.252491295
Ga0242637_113534,4.412075361,4.011185824,4.3423987539999995,4.271266876,3.629237593,4.088802371,4.311789794,4.326831004,4.569903974,4.852780008,4.6764910319999995,4.116088736,4.342851821,4.2664301039999994,4.108128152,4.035114441,4.736800533,4.787419622,4.103569772,3.942535777,4.066657595,6.038401672000001,5.762437974,5.768038651,4.7708554219999995,4.595882851,4.08603391,4.767968562,4.72740258,4.023757596,4.742474206,4.960939729,4.790327679,5.179993123,5.320156877,5.15595604,3.7220789030000003,3.91283721,4.480248635,4.791768251000001,3.761569239,3.445576453,4.75442959,4.365453725,4.489924871,4.658919033,4.602649512,5.190157933
Ga0242637_113535,5.003826086,5.106036055,5.674912671,4.7587211819999995,5.2254260210000005,5.237648343,5.670000819,5.323067096,5.0473067160000005,6.341125792000001,6.283547148999999,6.358714253,5.631803786,5.321197417,5.495905865,5.966593307999999,5.475376129,5.9647947,5.632178636,5.315634683,5.658047511,7.925817953999999,7.272294658,6.982753397000001,5.740284804,5.179903711000001,5.61826134,5.773041302999999,5.762836374,5.672033075,6.216836744,6.416098498999999,5.842181737000001,6.595550601,6.961558734,6.30931133,6.097225568,5.978686848,5.65727789,6.40650764,5.20761762,6.177912815,5.4929873360000006,5.78164062,6.082718732000001,5.859650562000001,6.341975574,6.414566467
Ga0242637_113536,5.787389618,5.136062347,5.176150348,5.256901236,5.6110890179999995,5.445701935,5.5055496470000005,5.792220714,5.811407347,6.386673471,6.730822255,6.358714253,6.066476507999999,5.959031692000001,5.88069198,6.477024963,6.096128741,6.214995012,7.018571166,6.6814841320000005,6.905001625,7.96900613,7.625959592,7.523550500000001,5.381157138,5.875292813,5.770229216000001,5.389372969,5.548714865,5.56276213,7.04867273,7.437577271,6.342976361,6.707550805,7.328569452999999,7.20220628,6.71277151,6.342794463,6.12820921,6.500226678,5.867785784,6.692014487000001,5.809527223,6.2670219220000005,6.7469474510000005,6.069892649,6.197732221,6.390139383999999
Ga0242637_113537,3.5882946430000002,3.710259249,3.3742476210000003,3.7585457030000002,3.629237593,3.196938321,3.667967475,3.956726771,4.016152236,4.852780008,3.6635147669999997,4.3575869030000005,3.9197569839999997,3.666205171,3.2488538360000003,3.7318454780000003,3.798069659,4.405768825,4.954887797,5.2661502030000005,5.16019695,5.669565534,5.581806815,5.434983135,3.652503691,3.741635782,3.19503281,3.8225672999999993,3.904206087,3.625076574,4.551085283,4.825903146,4.066401976,5.151242104,5.185963425,5.055180197,4.377864054,2.910528862,4.095618047,4.002277801,3.761569239,4.254488025,4.097700825,4.365453725,4.3663536910000005,4.567961712,4.145636678,4.359912367
Ga0242637_113538,4.412075361,4.2559482730000004,3.867591407,4.373715198,3.522085263,4.96008775,4.745949426,4.2144303910000005,4.780754992,6.325616824,6.585311029,6.015794089,4.801831877,4.469935846,3.989110611,5.105299126,5.25809114,5.086891291000001,5.801422745,6.4143704,5.9350564210000005,6.899287208,6.82302007,6.849139407000001,4.525876352,4.549828091,4.715826794,4.439115107,4.9199410210000005,4.520405555,6.030800039,5.899744585,5.800240818,7.077042443,6.981805377000001,6.362579332,5.152609088,4.737982187,4.587683268,4.791768251000001,5.377048301,5.539840324,6.18247369,4.972586967,5.211812222,4.520141599,4.602649512,5.071312206
Ga0242637_113539,9.079367944,8.950139369,9.324065859,9.955440051,10.12512227,10.08141129,9.531698839,9.623406401,9.709897356,9.94210898,9.947391763999999,9.137445078999999,9.444499461,9.432455904,9.193665885,10.00163957,9.559062426,9.351648495,9.661150311,9.533573275,9.513512406,8.933242401000001,8.490798403,8.984780647000001,9.008054279,8.838594194,9.444547858,8.337536207000001,8.080400002000001,8.676957955,8.950736663999999,8.759554274,9.054459129,10.26400533,9.836271893,9.306636278,9.780905811,9.514843918,9.082163674,9.868616609,11.87962264,11.73541092,12.430753,9.119148034,9.292944526,8.981761045,9.611469507999999,9.918367568999999
Ga0242637_11354,4.140753994,4.310766793,4.159119162,3.8347331430000002,4.13185483,4.088802371,3.581642131,4.2144303910000005,4.321039304,4.326727,4.466516375,4.848771504,4.458824889,4.774297383,4.457275895,5.577775439,5.224151297,5.120220928999999,5.632178636,5.659621767999999,5.538577275,6.80702934,6.781882584,6.380475612000001,4.93995569,4.045959163,3.820616643,3.720385549,4.176888662,4.259162309,5.290825408,5.233337442,5.1002818780000005,5.179993123,5.287778339,5.8681085479999995,6.097225568,6.495236836,5.362085789,7.771567846,5.20761762,5.98529092,4.097700825,5.314628667,5.469417836,5.342441495,7.183644889,7.914387389
Ga0242637_113540,10.38661884,10.17411134,10.42531677,10.27117425,10.06720624,10.11298708,9.687828938,9.843075059,9.896525689,10.258740300000001,10.10385153,9.947067257999999,10.2531865,10.34143338,10.06978425,9.738854482999999,9.633091057,9.452272417,9.476776628,9.327551411,9.600189346,8.938683366,8.681659063,9.060093015,8.933444384,8.977149022999999,8.838298867,9.415470427,9.566576804,9.418096452,9.854451944,9.888640487,9.724796557000001,10.13806312,10.29619636,9.954704299,9.804570499,9.39416082,9.302627152000001,8.619670257000001,10.25378674,10.1825633,9.948948879,8.641878666,8.799644278999999,8.869505387,8.604966055,8.64895614
Ga0242637_113541,10.28494834,10.09019646,10.23181461,10.56334044,10.5648285,10.69405371,10.62069643,10.59357643,10.71669424,10.529255699999998,12.27591805,11.18056267,10.49979649,10.26434002,10.18530455,11.059878900000001,11.08055537,10.83949224,10.7048345,10.71943267,10.73577031,10.03919936,10.07257692,9.959005422999999,10.04043132,10.07686938,10.33100188,9.84649681,9.840895781,9.727751711,12.43292295,12.70443909,11.60746316,11.16656568,11.63256728,11.46784644,10.54537301,10.65275153,10.08102423,10.79693173,11.07334184,10.94538228,11.20233143,10.38469711,10.69352167,10.44754544,10.59446657,10.94922252
Ga0242637_113542,3.1795039910000003,3.188618776,3.0999819539999995,2.669405787,2.953773423,1.764951351,2.664422505,2.4271808669999997,2.506512943,2.485405011,2.58606159,3.7054419960000002,2.4697179680000003,2.587354007,2.993237353,3.3312073310000003,3.17815798,2.728466907,2.957841924,3.4707135389999997,3.2608517239999997,3.9332210489999997,3.963144162,3.613718618,3.425532893,2.904468678,3.349279727,3.917216817,3.214162602,3.0280757019999998,2.955392989,2.505573503,3.278155795,3.180771594,3.6943890839999995,2.940004623,3.7220789030000003,4.3045167,2.974604675,2.682367728,2.713663973,3.775076592,2.667729675,1.764951351,4.079391123,3.080556652,3.2361992219999998,1.764951351
Ga0242637_113543,3.698529345,4.011185824,2.930832432,3.677498875,3.9848634689999995,3.5378787089999997,3.388118941,3.54034049,3.8326399510000004,4.561592913,4.609972668,4.429408888999999,3.7419712460000003,3.154430736,3.357279135,4.281559972,3.586637633,3.698969074,4.206860836000001,3.942535777,3.469757717,4.393970655,4.240772454,4.577747215,3.844348227,3.5570608089999998,3.915202194,3.8225672999999993,4.047550568,4.459612024,4.063137997,4.2484376169999996,4.700824776,4.67152528,4.781305918999999,4.889094575,4.377864054,2.910528862,2.476742168,3.7022288089999997,3.923781767,4.149880037,3.6742944960000004,3.839256689,4.3663536910000005,4.19184173,4.250125233,2.685057094
Ga0242637_113544,3.5882946430000002,4.310766793,3.867591407,4.514300356000001,3.8193379060000003,4.268645649,4.090398034,3.8835986489999996,4.016152236,5.299605908,4.6764910319999995,4.7960525910000005,4.8446072760000005,4.30963189,4.268871987,3.892319216,4.281103862,4.1660756469999995,4.392404915,3.803921163,3.9413868460000003,4.632374016,4.109167166000001,4.365241902,4.815079697,4.725536827,4.859823026,4.7182830000000004,4.113784807,3.8398030480000003,5.378952529,5.197488063,4.746292825,6.063511547,5.804121743,6.124232647,1.764951351,3.91283721,3.759391237,3.52051745,4.3167515430000005,3.9122902089999996,4.319533971,4.1281220880000005,4.230481,4.252354428,2.9824992530000003,3.707348591
Ga0242637_113545,7.397244614,6.974920926,7.2178236479999995,7.128177693,6.971730011,7.040738219,6.83040131,6.97146084,6.967081941,8.004656558999999,8.210843254,7.913670263999999,7.119798335,6.915655835,6.959101068,7.105277632999999,7.0639758089999996,7.109223944,7.411537556,7.437327184,7.511254419,7.509391607,7.358723352999999,7.053884947999999,7.518476725,7.666974484,7.235494209,7.4777655020000005,7.317938900000001,7.030136858,7.429633076,7.467747577999999,7.335386934,8.280190497000001,8.349739076,8.233328353,7.142552369,7.303809337000001,6.661560741000001,6.961959372999999,7.213317131,7.60731531,7.171906731,6.971473851,7.199709733,6.96324555,6.963715988,7.081100124
Ga0242637_113546,10.68594058,10.69169554,10.72600065,10.32105498,10.18786573,9.98851637,9.669816363999999,9.754559508,9.720923872,10.31568302,10.56557521,10.79015588,10.65367795,10.80150354,10.69361622,9.174365372999999,8.722703999,8.565305651000001,7.578652599,7.491774135,7.726079061,8.637850455,8.240754003,7.999323485,10.17709067,10.10736514,10.16796786,10.42744003,10.40693449,10.23601929,9.336763779,9.339045048,9.39526077,9.957497859,9.716121807,9.583542348,8.145612062,8.505862875,8.041075592,7.835816606,8.92673738,9.152228844,9.253419685,9.396852018999999,9.610928425,9.63977038,7.805550201,7.712772836
Ga0242637_113547,7.131959527999999,6.579456316,6.556831896,5.9818052029999995,6.008895385,6.170346437,6.226209227999999,5.829811382000001,6.419550429,6.013336689,6.34516328,6.445752672,5.607412015,6.223424592000001,6.144143687000001,6.9246996339999995,7.453731597999999,7.041884187999999,7.149351592,7.992330987999999,7.928860299,8.777997045,8.918154404,8.583657855,6.4844049560000006,6.639761566000001,6.744166521,7.272824524,6.933804968,6.890736153,5.837806122000001,5.784238267,6.088432338,5.935299644,5.70985271,5.940066684,4.615431697,5.25189535,5.064661065,6.253374702,5.015163076,5.539840324,4.896326773999999,5.95054898,5.636034024,5.496430504,5.856806806,6.08985168
Ga0242637_113548,7.513573847999999,7.424018648,7.554029801,7.80360629,8.065957739,7.987312752,8.151869771,7.970883721,8.177254376,7.98507774,8.382025251,8.107395754,7.716022082,7.649331073,7.411311262000001,7.9633146560000005,8.103615872999999,7.875575335,7.777738027000001,8.309662011,8.413058227999999,8.291710092,8.378099462,8.086679602,7.928583672999999,8.000486818999999,7.819399872000001,7.4480710839999995,7.357845273,7.444717836000001,7.827171406000001,7.669422381,8.096554592,7.588467645,7.773746999,7.875455499999999,8.088914303,8.240998087000001,8.135066034,7.1470552089999995,8.823787585,8.785669283999999,8.833946731000001,8.159609997999999,8.27105422,8.230903706,7.317463146000001,7.293347061
Ga0242637_113549,5.9822274239999995,6.032270997,5.48569537,6.073594029,6.062720152000001,6.155686639,6.434342163999999,6.2175516570000005,6.552647097,8.883593266,6.262407139,6.445752672,5.955134826,5.932393488,6.04735343,8.124174041,8.140187176,8.292384695,8.557833631,8.496957217,8.245984578,8.877673323,8.978518145,8.636721584,5.989481926,5.946890464,5.794059029,5.995235512000001,6.0338128410000005,7.070450204,8.456008614,8.966464188,6.747059475,8.156596268,11.89874966,11.92581017,8.069508682999999,8.186126118999999,8.764159979,10.17919719,7.634370053,7.690740897,6.685401651,6.4779820379999995,6.29629906,6.350289248999999,10.0457508,10.38433144
Ga0242637_11355,2.7843994210000003,3.425456982,3.245552862,2.669405787,3.1258350760000004,3.5378787089999997,3.748712635,3.324328978,3.2040458910000003,4.561592913,4.540104715,4.116088736,4.000280065,3.154430736,3.7126032810000003,4.389752078,4.409928452,4.701380336000001,4.834070366000001,5.581083416,5.4081854620000005,5.865819405,5.8843656179999995,6.072762742999999,5.090900202,5.678879229,5.031380373999999,4.309413512,4.047550568,4.259162309,4.498806175,4.509011222,4.205940684,5.7185231739999995,5.185963425,5.499843621,5.29418298,5.69298164,4.587683268,6.859655011,4.7922398369999994,4.6073727060000005,4.677691172,3.839256689,2.792585865,3.466003933,6.222800831,6.885458696000001
Ga0242637_113550,9.637631846,9.822872018,9.610160772,9.227673751000001,9.195211236,9.035522504,8.973681893,8.991207181,8.772348621,8.712608965,8.720531637999999,8.533588151,9.473331376,9.603180143,9.751879334,8.555162231,8.622874911,8.589075531,8.121407385,8.087311004,8.056990951,8.74732,8.52856164,8.291766141,8.656539493,8.453773909,8.694343926,9.065688368,9.598838238999999,9.447074588,8.223656977000001,8.308883919,8.176328182999999,8.982522106000001,9.362018462,8.666592875,9.192538505,9.418166654,9.890148998999999,9.663940849,9.140436744,8.798260853,8.812047947,8.417617965,8.407228607999999,8.205230859,9.689811967,9.551365334
Ga0242637_113551,11.45880506,11.64286274,11.67980311,11.33120192,11.37527888,11.18753088,10.83251787,10.76468731,10.7447481,9.060023033,10.44082674,9.544212841,11.33021108,11.41911766,11.45658046,9.481077673,9.470297709,9.374053792,8.24350273,7.554507195,7.4355951739999995,7.580746799999999,7.426988232,7.596812094,9.120810065,8.929493106,9.311063857,11.03270748,11.41637037,11.5074861,8.599519421,8.374037743999999,9.108968777000001,10.47344028,10.96462803,9.568911151,11.430551,11.49353118,12.22863196,12.18479184,12.013757400000001,11.34708876,11.25684353,9.301466989,8.917023228,9.055446065,12.22325187,12.27318498
Ga0242637_113552,12.71791487,12.9145754,12.99124632,12.82283683,12.94324553,12.65167628,12.07011215,12.04468349,12.14680295,10.30486768,12.22160953,11.14659514,12.71928628,12.66527155,12.62714235,10.52121236,10.43975244,10.25224334,9.623416423,9.324555614,9.40721996,9.371722136,9.441356054,9.39385816,10.03583709,9.653555926000001,10.33100188,11.99648385,12.71238364,12.78612603,9.609691612999999,9.589314328,10.0238497,11.67029865,12.24894767,10.39135734,12.56056846,12.7078262,13.33417151,13.05473366,13.7819935,12.75619289,12.99059765,9.960638425,9.678983021,9.727398818,13.036522900000001,13.18893188
Ga0242637_113553,13.62546465,13.71287446,13.94650683,13.97896761,14.12360445,13.72167093,13.15705492,13.12180536,13.14951602,11.19369233,13.52573042,12.52324455,13.48847606,13.20345277,13.16678815,10.59581899,10.13007526,9.88917192,8.201934847,6.969467544,7.113649792,8.333617555,8.088939997999999,7.560646587000001,9.796102599,9.411721116,9.985423395,12.24084094,12.91146262,12.92700453,10.45194998,10.15968765,10.78745046,12.41270389,13.19381758,11.87913294,13.18976383,13.38626156,13.853135199999999,13.2469033,14.99858246,14.00669433,14.48816725,10.06724419,9.791592846,9.705331767999999,13.26650741,13.37596738
Ga0242637_113554,10.33223212,10.25680004,10.36165867,10.24434131,10.31403986,10.19395896,10.45599256,10.39472672,10.31038793,9.988315992,10.38944563,10.40080755,9.78474986,9.706714032999999,9.982011894,9.382729068,9.420995843,9.46356748,9.897091337,10.13223745,10.09225485,10.19280495,10.32946947,10.28128382,10.34804704,10.42576377,10.23345602,10.45101444,10.35860102,10.456302800000001,9.910580518,10.01273095,9.988233532999999,9.883635588999999,10.26764139,9.904491708,9.329341951,9.674841118,9.852438594,10.66170529,10.3343025,10.31551105,10.62154435,9.730731632000001,9.848990833,9.828140957999999,10.54449421,10.68926164
Ga0242637_113555,8.301120197000001,8.482099922,8.373549491,9.026651801,9.097863164,9.139538928,8.724244771,8.691451883,8.473958209,7.898768433,7.791999483,7.675506492999999,8.896880016,8.567921104,8.716799895,8.599628583,8.948260363,8.994819077999999,9.405329032000001,9.199316939,9.099419494,9.963820949,9.922291358999999,9.833314838,9.440534373,9.387876652000001,9.696769556,8.483692517,8.354642595,8.795871814,8.768344504,8.842462022000001,8.781274791,8.824557808,8.388147246,8.630192641,10.00681999,9.985567536,10.16404681,10.06324356,9.412892903,9.040082456,9.259904933,9.167407739,8.922381377,8.973095142,10.11252422,10.26030686
Ga0242637_113556,7.237244581000001,7.130844258,7.171653802000001,7.321155451,6.943371332000001,7.241197184,7.413298725,7.238547087000001,7.1554624460000005,6.013336689,6.15177356,6.543690071,6.669928354,6.606570158999999,7.337363377999999,5.746170234,6.203932956,6.467076724,6.797026275,7.029610664,7.02790072,8.490038924,8.922888512,8.356468223,8.140303028,8.308913039,7.957219522999999,7.944458356,7.942895347,8.146836489,7.725114535,7.874740337,7.533385517,7.221173444,6.930645001,7.086797081,6.661800464,7.056937216000001,7.632085278,7.311059351,6.824440749,6.7275943510000005,7.01196139,7.151273087000001,6.794517034,6.997856923,7.29403857,7.370204206
Ga0242637_113557,9.418346364,9.47716022,9.266684425,9.976344467,9.925903083,9.927399493,9.917885335,9.823482198999999,9.872710872,9.974732691,9.4207169,9.070657667,10.05651097,10.09357847,9.850221423999999,11.38208301,11.37569649,11.52806241,11.27787381,11.07448425,11.02187458,11.29849312,11.90217731,11.44290727,10.48495239,10.31042375,10.69402513,9.354774282000001,9.194887728,9.568086021000001,9.776046424,9.592739565,9.856797475,10.14620854,10.09148455,10.35377128,11.57342526,12.17990781,11.85569592,12.86603458,11.74395278,10.96319631,11.42280611,10.26737891,9.737906593,10.17650598,12.50110504,12.92389696
Ga0242637_113558,8.612808366,8.75791428,8.91875217,9.411407763,9.276971583,9.369265613,9.101022761,9.204043547000001,9.201434495,9.225573266,8.945703587999999,8.644292819,9.112761145,9.093522738999999,8.833085459,10.13034184,10.266578599999999,10.13704652,10.0654632,10.13052319,10.12013083,10.14182669,10.60013015,10.16769445,8.962785133999999,8.896073627,9.103493491,8.037105891,8.150220402999999,8.48537518,8.679237187,8.635508736,8.799951177,9.563749502,9.241335223,9.475451893999999,10.66007625,11.01734145,10.53378689,11.53837355,11.07538033,10.51302771,11.26975409,9.316953426,9.220849543,9.434148847000001,11.35435309,11.68629363
Ga0242637_113559,11.79456673,11.597491900000001,11.85427366,11.97375063,12.00143541,11.93598279,11.90720719,11.99532176,11.95033149,12.18222869,12.77001333,12.52847969,11.58182726,11.49111483,11.49107903,11.80216028,11.68117228,11.54144865,11.67881921,12.11661783,12.00370489,11.74060287,11.61974789,11.66775064,11.89444561,11.6670496,11.68115551,11.88943267,11.98761157,12.01870739,11.12170387,11.05219984,11.53247164,11.80387214,11.77993557,11.46511401,11.46437159,11.4615463,11.10939819,11.47495676,11.91363158,11.97375014,12.12276248,11.36498111,11.50393544,11.66087676,11.54493732,11.4713672
Ga0242637_11356,7.456582292999999,7.317697041000001,7.313056153,7.592821366,7.518245476000001,7.5235479000000005,7.676543531,7.724675611,7.49356723,8.098751741000001,8.425388887999999,8.287596107,7.6221852729999995,7.198146964,7.319745954,8.021678278,7.987985225,7.722771805,7.87918812,7.96180169,8.027850599,7.82363899,7.890526952999999,7.944251647000001,7.938464928999999,7.975102271,7.876117817000001,8.183916169,7.548077621,7.194184719,7.927326355,7.775732533999999,7.90279277,7.985535908999999,7.847281357999999,8.221862061,8.352438823,7.982207333,7.8693811479999995,8.382200476,8.744012833,8.75154432,8.851229507000001,7.878027682999999,8.12996388,7.873894766,8.417236573,8.514385011
Ga0242637_113560,10.67427559,10.76905712,10.51967099,10.6507712,10.639591000000001,10.74074015,10.96938604,10.80049826,10.9440926,9.865221914,10.48247935,10.60622068,10.63127771,10.60163121,10.69247637,10.53844549,10.43147788,10.48699426,10.31838857,10.11326761,10.05663492,10.0518067,10.23174893,10.0724794,10.77344702,10.56269156,10.82077176,10.51056374,10.78707279,10.83444963,10.30146917,10.38580265,10.4909129,10.24559014,10.37671037,10.25106114,10.18867396,10.29911638,10.52967321,10.60753849,10.69405089,10.644354199999999,10.85255572,10.66773712,10.7075547,10.595322900000001,10.58243685,10.66659598
Ga0242637_113561,11.19546922,11.02391743,11.13609228,11.28167713,11.22054001,11.24825076,11.40502209,11.45127476,11.59423836,11.36060317,11.92491125,11.53930448,10.90091896,11.02886892,11.00635727,10.71933531,10.63575311,10.5058469,10.12385944,10.29565929,10.33459069,10.25736387,10.2202573,10.19546829,11.09328919,11.20059915,11.11270654,11.04329279,10.96441163,10.97372445,11.01252354,10.89669626,11.31553888,11.07471853,10.94737079,11.05204016,10.61059227,10.90461252,10.54197924,10.33970481,11.87084694,11.73213364,11.69580735,11.11971311,11.26337797,11.23523011,10.24968109,10.30990362
Ga0242637_113562,9.422071144,9.299668599,9.466250876,9.359308524,9.341734712000001,9.333970822000001,9.640520111,9.6511314,9.519142478,9.974732691,10.34873395,10.04216289,9.347063776,9.230629802000001,9.320091357999999,9.860320846,9.955124401,9.933942704,10.36486438,10.46709844,10.51076579,10.24643713,10.13510762,10.2380605,9.280801203,9.345589013,9.323351484,9.466330962,9.589095691,9.495964382999999,9.950396514,9.825991261,9.698020932999999,9.657910356,9.871940007000001,9.829989636,9.975888725,9.896095094,9.816420092000001,9.945491353,9.758205389,9.617672067,9.79670634,9.719122394,9.767978585,9.582526441,10.00847332,10.02517045
Ga0242637_113563,8.599711281,8.691869772,8.484677088,8.494882597,8.583250049,8.559479941000001,8.92185931,8.787379537,8.672022178999999,9.132993341,9.329824563999999,9.045836622000001,8.395991197,8.50171783,8.568108358,8.700047147000001,9.066975968,9.047239997,8.74724963,8.672162568,8.739418356,8.452494946,8.607140528,8.642498841,8.324884173,8.450707892999999,8.75002395,8.678428567000001,8.800536313,8.522154624,8.605577916,8.747311529,8.573679589,8.776388228,8.650769945,8.510428559,8.916633635,8.90289733,9.054942233,9.139321127999999,8.210461335,8.207479851,8.389488927999999,8.903585376,8.579916577999999,8.672153162999999,9.126295303,9.176749021000001
Ga0242637_113564,11.77358264,11.73895349,11.885283099999999,11.66131057,11.70704284,11.68442351,11.49233652,11.56460393,11.63186245,10.86332414,11.26170225,11.58261053,11.69918399,11.73727683,11.59660326,10.281282699999998,10.03860701,9.647425643,8.393473527000001,8.094364499,7.928860299,9.524263264,9.561582968,8.95258938,11.58853545,11.28779037,11.56220972,11.79421622,11.88100417,11.83505792,11.02274613,10.85094645,11.19976375,10.97510065,10.89898679,11.008498,10.61728903,10.51484403,10.23144913,10.73572025,9.585881032,9.853113664,10.60253513,11.19660577,11.61812175,11.41353741,10.74775292,10.83979668
Ga0242637_113565,8.635445962,8.413935318,9.068974164,8.707478627999999,8.520688039,8.565025872,8.084564646,8.374120602,8.496134902,8.229298242999999,8.467486831,8.719466038,8.743806563,8.794964251,8.509763434,7.661557234,7.1827353689999995,6.934578079,5.520095341,5.048901257,5.538577275,6.427695064,5.37497316,6.038029805,8.373035785,8.278109456000001,8.116350232,8.662360162,8.677206616,8.660555482000001,8.292876006,7.739099669,8.370907521,8.36018538,8.227968171,8.547642904,8.145612062,7.759743187000001,7.448975807,7.469911105,6.723966422,7.369204306,7.893097561,8.010942136,8.817008873999999,8.597998098,7.886071404,7.702903251
Ga0242637_113566,9.548431154,9.500210869,9.635881361000001,9.20254764,9.327185952999999,9.226093967999999,9.214719711,9.273645326,9.148747262,8.753681357,9.26764965,9.500227229,9.669293299,9.680022917,9.645162018999999,8.497579492,8.13113092,7.656808442000001,6.415319721,5.048901257,4.642114564,7.027459622,6.580665552999999,6.265172641,9.387428249,9.36851319,9.444547858,9.578464797999999,9.79683453,9.590770011,9.067261667999999,8.842462022000001,9.013896285,8.733779796,9.026850086,8.987536063,8.31996229,8.532500862000001,8.186146856,8.539273506,7.137253651,7.487996300000001,7.997700507999999,9.255771257000001,9.26369338,9.047212926,8.286889326,8.485895869
Ga0242637_113567,10.60633086,10.48408447,10.72400355,10.47587051,10.63885487,10.45888141,10.26763915,10.38532447,10.34745116,9.82311929,10.60905563,10.72910389,10.83580092,10.62773029,10.59336301,9.444978074,9.035776268,8.485231533,7.210544355,5.734069421,6.219701615,7.552627071,7.047854924,7.138128712,10.60689039,10.5245649,10.4820424,10.67414514,10.7680784,10.70927305,10.18997542,10.06668615,10.19285711,9.915754988,10.244802,10.09091828,9.756846453,9.501423252,9.200748482,9.728207129,8.598502565,9.007920943,9.152470903,10.21139603,10.59630879,10.28726083,9.606725913,9.545856042
Ga0242637_113568,10.37032424,10.41450613,10.2214705,10.15461055,10.11880078,10.18318133,10.20897616,10.13158317,10.13188384,9.792476595,9.841110591,9.869035503,10.32937637,10.34017115,10.47106906,8.899959575,8.935313138,8.78702605,6.990927757000001,5.659621767999999,6.167109247000001,6.830653764,6.556467632,6.8085711820000006,10.46287553,10.31633088,10.40897838,10.5608347,10.68493034,10.48546191,9.646884471,9.636543031,9.926442097,9.554258458,9.77817051,9.468192181000001,9.156209882,9.364816368,9.464814336,9.404320089,8.417491822,8.671677001,8.702041994,10.04675036,10.02864715,9.724820146,9.295017765,9.460587636
Ga0242637_113569,10.18326807,10.28029383,10.02675803,9.78987204,9.721367451,9.828272975,9.781391474,9.707549529,9.810657844,9.82174047,10.05253641,9.889330286,10.02821504,10.30048405,10.28092563,9.067617109,8.922248656,8.629752985,8.008824996,7.700345853,7.603037577,8.74110552,8.692789312999999,8.418392095,10.3076459,10.25877376,10.16455719,10.13898295,10.27859886,10.27101332,9.698811829,9.844786089,9.752454649,9.497378037999999,9.705515848,9.330853219,9.156209882,9.093848223,9.154477621,9.567248132000001,8.110612266,8.532907026,8.424550832000001,9.292791031,9.288801929,9.449848617,9.485350896,9.403855397000001
Ga0242637_11357,3.893771605,3.710259249,3.867591407,3.285877101,3.273794517,3.3221123230000003,4.588244386,4.857499627,4.099120538,4.1921740110000005,3.914464957,4.624800024,4.66504715,3.8590685010000003,4.318467398999999,6.096716606,5.737633576,5.615746613,5.981201552999999,6.086052777000001,6.245292997000001,7.182343406,6.580665552999999,6.787850294,4.7708554219999995,4.502186862,4.948212928,7.470399041,5.120823571,5.210266287,5.461940492999999,5.003218235,6.342976361,5.3156082389999995,5.975869282000001,6.54871191,5.152609088,6.342794463,5.773630285,8.685897435,6.523292994,4.254488025,4.418181822,4.784684284,5.063055895,4.824748111,8.697108911,9.030566037
Ga0242637_113570,9.279470734,9.36391141,9.22021108,8.90731725,8.796304592,9.013382349,8.735834909,8.686356269,8.790407069,9.258559488,9.016727867,9.017747348,8.960557513,9.126113751,9.100484633999999,8.479846672999999,8.529471073,8.553272193,8.388188391,8.345574697,8.154581216,8.548147925,8.534760502000001,8.571596049,8.926014992999999,8.822080847999999,8.989886995,8.838579956,9.121472706,8.930562102,8.550112992999999,8.362043474,8.610420409,8.679933473,8.905003667,8.730693718,8.561348185,8.75239664,8.835217463,8.418613498,7.313481831,8.075760425,7.807131587000001,8.889843568,8.758295036,8.885756947,8.40635817,8.340722076
Ga0242637_113571,11.27691317,11.1934856,11.32581246,11.28087715,11.20669798,11.13816163,11.28038017,11.29058104,11.30181598,11.31183836,11.36119353,11.24921177,11.10164043,10.98633381,11.1511238,11.42363922,11.42931536,11.25613467,11.24974066,11.53470353,11.42040183,11.32366298,11.23720779,11.25395216,11.29226927,11.42610888,11.12211483,11.32579133,11.24969345,11.24356521,10.98954393,10.96634603,11.20427721,10.74953533,10.88092117,10.89171329,11.50646411,11.60648537,11.44743884,11.60702932,11.10162188,11.034993199999999,11.36231425,11.03641301,11.03265325,11.13002011,11.6478047,11.5234519
Ga0242637_113572,11.86672215,11.79478604,11.85122723,12.22232246,12.2351411,12.31160984,12.60642856,12.55828674,12.57344521,12.07404939,12.90929943,12.58197174,11.79567236,11.87874202,11.79868546,12.36100289,12.45046862,12.47590453,12.68919032,13.09016104,12.99099885,12.88966521,12.85209319,12.75224127,12.11001949,12.12445737,12.20178272,12.21325869,12.30470536,12.32924424,12.64923934,12.59405545,12.68928802,12.21370994,12.39471029,12.67088731,12.62677947,12.82289103,12.81992085,12.62279158,12.62009324,12.47046191,12.57523045,12.95696866,13.030382800000002,12.88515192,12.74994247,12.63637998
Ga0242637_113574,4.921002898,5.165465121,5.353272905,5.406232445,5.346669737,5.4932897060000005,5.982730022,5.792220714,5.946807457,6.228875327999999,5.8452330660000005,5.897093888,5.478782677000001,5.191750273999999,5.516779643,7.237849985,7.409462326,7.634132576,8.108609547999999,8.453735499,8.161305644,9.117237758,9.502721591,9.068700253,5.784945531,6.187447131,5.950613207999999,5.888440105,5.7825859479999995,5.59087327,6.200885698,6.920543805,6.252723646000001,6.222964618,6.015773707999999,6.539493293,7.531068389,7.240564003999999,7.112811265,9.037641765,6.547022713,6.457812702000001,6.337962407000001,6.209062446,5.737211476000001,5.678876289,8.714851665,9.26991932
Ga0242637_113575,7.627681306,8.073196055,7.646932725,7.6924660970000005,7.518245476000001,7.483098179,7.822854266,7.572765867999999,7.698768082000001,7.867029593,7.791999483,7.703996602,7.698886552,7.669578047000001,7.674157782000001,6.656325108,6.815132769,7.322845292999999,7.390539899,7.736867595,7.457620293,8.248548482999999,8.630482015,8.262050918,7.485151752,7.322352171,7.367986553,7.347109007999999,7.598910902999999,7.41372443,7.255563427,7.406762023,7.364368245,7.27501809,7.0214645120000005,7.184587092,6.985673822000001,6.9555306670000006,7.012550107999999,5.955130093999999,7.519245367000001,7.346513211,7.057372902999999,7.311106634,7.199709733,7.332099669,6.17221836,5.89503271
Ga0242637_113576,9.303901554,9.274820302,9.126553958999999,9.635719358,9.518617028,9.552108716000001,9.565865156000001,9.535467407,9.416298927,9.090113747,9.125897707,8.784260822,9.151055635,9.134875892,9.209690056,9.522082965,9.647451611000001,9.692008161,9.461761504,9.942058229,9.866072056,10.04929403,10.15938025,10.07033809,8.852153212000001,8.987763815,8.883259256,9.041044938999999,8.951561765,8.941464924,8.762933685,8.777725749,8.921890193,9.010554962,8.569544254,8.854651818999999,9.713752245,9.626206029,9.686464022000001,9.559116602000001,9.770839756,9.615302131,9.525138204,9.101371593,8.948877596,9.051335369,9.40019078,9.68768535
Ga0242637_113577,7.202997149,7.174510828,7.255199876,7.496844785,7.3980577389999995,7.024718205,6.993885924,6.802645245,7.049420682999999,6.27805993,6.761253622999999,6.6054638070000005,7.4955896,7.525937595,7.075674873,8.375022173,8.5016344,8.390338525,8.095697133,8.189654013,8.435421183999999,7.661957976,7.554524265,7.8673901420000005,5.670566159,6.015082574,5.950613207999999,6.646089727000001,6.6311953379999995,6.7977231520000005,6.168442197999999,5.985883048,6.298558283999999,6.552560966000001,6.7177551079999995,6.73787835,9.245371633,9.329809279,8.96518736,9.53996287,8.626579847999999,8.005096383,8.481157413,5.761581926,6.082718732000001,6.003178382000001,9.303836837,9.682673673
Ga0242637_113578,10.4214599,10.49774951,10.67591345,11.39802036,11.49156014,11.33154226,10.92552791,11.01738006,10.96411744,9.387176103,9.810547213,9.633916394,11.29928702,10.79460829,10.58109705,11.81812394,11.56325966,11.3316045,10.63739218,9.579532851,9.820075031,8.230915579,7.671689705,8.715570552,9.284679021,8.771375361,9.446421561000001,9.718696637999999,9.960149572,10.27317251,9.552824236000001,9.231091541,9.870745609,11.00277719,10.47721951,10.24328524,12.78756132,13.0878716,12.68290653,13.36102052,13.05580132,12.33983437,11.93442744,9.882998122,10.18616247,10.13535042,13.18651205,13.703985300000001
Ga0242637_113579,8.297068849,8.191225477,8.289609869,8.754340864,8.934698104,8.829775469,8.987321802,8.93860689,8.790407069,7.7442849570000005,8.795892615,8.422273217999999,8.8792447,8.381691472,8.237007323,9.337499300000001,9.163397401000001,9.138660832000001,8.831433998,8.857683942000001,8.847595209,8.071636004,8.255842937,8.559432531,7.101119415,6.931520365,7.459930078999999,7.624355066000001,7.795734456,8.054435042,8.258681686000001,8.169021152000001,8.513522274,8.493865532000001,8.733642743999999,8.44042856,10.10538191,10.43002304,10.13184312,10.07849484,10.56652285,9.867125338,9.535866178,8.44293487,8.593415834,8.569536088,10.097387,10.33567416
Ga0242637_11358,4.28318584,4.2559482730000004,4.398382944,3.9748242310000004,3.629237593,3.632791763,3.155796047,4.379729396,3.0232919369999998,4.978420755,3.6635147669999997,4.024865287,4.616297193,4.351503758,4.217393007,3.892319216,4.830665175,4.028070049,4.630727353,4.287870375,4.384474106,4.257192719,4.240772454,4.24518793,4.292841717,4.235484963999999,4.436793403,4.499638053,4.503972568,4.259162309,4.387889002,4.3849201980000005,4.605178942,4.401735515,4.781305918999999,4.223785943,3.7220789030000003,3.662028972,4.095618047,5.394172671000001,3.35606442,4.03641017,3.4946380269999997,4.251984307,3.712631568,4.567961712,5.062331788,5.669500702000001
Ga0242637_113580,7.7806132120000004,8.084680843,8.021234957,8.322109349,8.307467974,8.337673164,8.413834169,8.558328129,8.514358535,7.027335533,8.148949247000001,7.759341735,8.399530396,8.159237382999999,8.010577943,8.87304164,8.755484436,8.500979559,8.201934847,7.672334383,7.983005427999999,6.656513704,7.358723352999999,7.322239463,7.10989389,6.456023328,7.030809605,7.470399041,7.36439023,7.489993287000001,8.047923536,7.863439055,8.113719625,8.101799929,8.113419726,8.079826453999999,9.786858475,9.972657436,9.70701101,9.826329624,9.985503822,9.406384864,9.055152688,8.3523106,8.193395446,8.319033138,9.740494267999999,10.04678461
Ga0242637_113581,7.678406204,7.812729564,7.765623889,8.427079006,8.613542095,8.294924151,8.901421102,8.892890399,8.684951266,7.584315871,8.047743495,8.080487779,8.153452526,8.036783434,8.088915491,9.01523601,9.111395022,8.910076117000001,8.519674705,8.496957217,8.30789888,7.738837951,7.682899153999999,7.655142282999999,7.614065048,7.5854370620000005,7.76637347,7.9067577479999995,7.746486816,7.944908966,8.644349782,8.333662769,8.513522274,7.8634697529999995,8.028426845,8.638840406,10.01698477,10.1608375,9.70701101,10.25833771,10.901305800000001,10.31551105,10.71654618,9.19560716,9.337744835,9.201706202,10.19384462,10.42240986
Ga0242637_113582,8.045023593,8.173408216,8.063973066,8.185147247,8.322217188,8.413412557000001,8.745040435,8.678678938,8.564192886,7.806962874,8.697133624,8.644292819,8.008008761000001,8.088824503,8.356980973999999,8.013483836,7.915988688,8.285126712,8.049570958,8.149583991,7.952314707,7.635392603,7.965873042999999,7.817184574,7.563874289,8.144070849,7.848037672999999,8.646110748,8.524922465,8.623799771,8.571936817000001,8.187263879,8.532791736,7.997593253,8.33408479,8.70415866,8.26983383,8.847399187,8.469965183,8.845971496,9.056240254,8.789878697999999,8.648675172,8.692890241,8.613430763,8.6451308,8.787914568,8.795441674
Ga0242637_113583,11.23359004,11.1540611,11.10164052,11.02596872,10.78041344,10.860012900000001,10.75490345,10.72299703,10.85610001,11.20853912,10.91057368,10.89886936,10.83449425,11.14762795,10.91353453,11.17086514,11.13535829,11.15277067,11.97514418,11.80139552,11.84571941,11.75069073,11.443181,11.71374791,10.70997837,10.61155117,10.69638892,10.69166661,10.78463591,10.9783637,12.73463795,13.20222772,12.01849179,10.71283533,11.20032743,10.96446086,11.0449113,10.85271173,10.87788455,10.88196724,10.23749412,10.11539236,10.22067675,10.33401157,10.33420269,10.41911639,10.61350788,10.76944926
Ga0242637_113584,10.09502742,10.22861064,10.080818699999998,10.62263333,10.57178747,10.58364664,10.86084417,10.78687559,10.8596677,12.01343979,10.48589673,10.39754145,10.2764689,10.15085488,10.19419084,11.16532912,11.38905182,11.7633171,13.08587989,12.53305133,12.63934617,11.72179175,10.65379692,11.74764337,10.64660495,10.99025572,10.48112871,9.769083699,9.647929166,9.835418244,13.89962866,14.43694619,12.94304183,10.34565573,11.45400454,11.56802094,12.2377427,11.70344139,12.44655668,10.04782934,10.90245449,10.43185741,10.67711388,10.81618165,10.40671818,10.40227032,9.585184573,9.97480864
Ga0242637_113585,4.739094285,4.55605399,4.693531291,5.333525783,5.704514842999999,5.34547524,5.935121981,5.792220714,5.7134626829999995,6.742351611,6.056689091,5.794506029,4.92643527,4.804349092,4.457275895,6.096716606,6.848692689,7.28694767,8.965219588,9.07291435,8.880566003,9.033266649,8.028718824,8.693478613,5.126244417,4.725536827,4.6108539319999995,4.767968562,4.237162325,4.329301877,7.003475093,7.343082005,6.455123949,5.439406105,5.892566548,6.341508384,7.066247163,6.697321291000001,7.164694511,7.37424447,6.172806286,6.301223246,6.386266174,5.63493947,4.896774386000001,5.287173358,7.4399062439999994,7.319424115
Ga0242637_113586,7.4924651529999995,7.751594948999999,7.541984447999999,7.721064489,7.568606315,7.740071312,8.120379563,8.03643413,8.172671744,9.19394829,7.856795602999999,7.711032034,7.56027648,7.534794999,7.51299185,9.07156873,9.298949856,9.686510112,11.00502201,10.84808765,10.85772156,10.49931931,9.898454861,10.47664664,7.4510381820000005,7.438373363999999,7.47469963,6.98295477,6.916088004,7.308130413,9.662950387,10.03430388,9.11962783,8.415152858999999,8.797816762,9.090414701,9.827853259,9.575873953,10.06064086,10.00257337,8.210461335,7.923145217,8.613656797,8.304769784,7.750692193,8.205230859,9.90987195,9.947908798
Ga0242637_113587,8.830245597000001,8.922675096,8.534150488,9.093784412,8.963206317000001,9.141396156,9.090228157,9.059798235,9.146412278,8.721509174,8.47208943,8.533588151,8.633921592,8.736676093,8.769642815,8.78432848,8.903757298,9.072753003999999,9.420939926,9.047702327,8.847595209,9.330926251000001,9.157887211,9.195935528,8.354705671,8.537078657,8.728625249,8.27550364,8.266567516,8.67041933,9.726872657000001,9.975168755,9.370485516,8.546788874,8.72166169,8.452742458,9.192538505,9.369748749,9.478537841,9.132030239,8.890145527,8.648683683,8.546277381,8.489238686,8.36849434,8.525761543,9.181569921,9.169602099999999
Ga0242637_113588,13.647804999999998,14.30213497,13.72709336,14.58980009,14.60037304,14.88817152,15.21096502,15.21608472,15.18652016,11.82707241,14.78019571,13.93942613,9.719707943,8.415646747,9.484537476,8.005242568,7.85128073,8.183391986,9.097391992999999,9.811201172,9.67492153,9.77599629,9.20529007,9.54028987,10.89954667,10.91161134,12.79370712,15.03152529,14.20831474,15.76615759,15.58195752,15.64012364,15.480924100000001,13.292620600000001,13.20475202,13.51878703,7.317314586,7.759743187000001,7.413681873,7.723857513,7.121547025,7.558793295,7.14411537,8.668951581,8.911645103,8.489759543,7.036116594,7.034623732999999
Ga0242637_113589,11.56789843,12.29656075,11.71843366,12.85463576,12.89149757,13.13699365,13.37542472,13.40569681,13.23207207,9.392758464,12.37600183,11.46843747,4.92643527,5.4013783470000005,5.112064538,5.664450563,5.117168106,4.745062231,5.73610727,4.926323084,4.2866031719999995,5.5023955010000005,5.1328806060000005,5.07047746,8.305927699,8.033652462000001,10.46087988,12.36392434,10.62625709,13.31013659,13.27923199,13.26005356,13.1855195,10.34879618,9.854216179,10.44040797,5.152609088,5.335555734,4.587683268,5.44242395,5.015163076,5.829920795,4.8271728110000005,5.761581926,5.962696894,5.590564405,4.250125233,5.007921351999999
Ga0242637_11359,7.335359154,7.441993517,7.2178236479999995,7.077451646,7.053602979,7.302265447000001,7.317783595,7.339417472999999,7.522674315,7.960224408999999,7.595046579,7.563355333,7.771713046,7.637044999,7.674157782000001,7.672008443999999,7.637666857,7.733478177,7.442471472,7.285317455,7.25871707,6.783010875,6.289057454,6.656842683,7.7605167239999995,7.475060878,7.951952357000001,7.322770425,7.582164827000001,7.230214011,7.449985000000001,7.318457523999999,7.097184052,7.599059396,7.773746999,7.645869407999999,7.349860838,7.303809337000001,7.29455802,8.332174178999999,7.482835688,7.424416872999999,7.867841542000001,7.772129252,7.515619491,7.658346193,8.40635817,8.262260759
Ga0242637_113590,12.63709701,13.41097265,12.56350054,13.88891239,13.61795866,13.90781973,14.21306447,14.07485265,14.08068645,10.09032159,12.46613441,11.54669494,5.505452737000001,6.121076189,5.814939232,5.386834068,5.503878168,5.7058584020000005,6.036445229,5.454529617,5.264641359,6.364313645,5.532841605,6.038029805,9.354600126000001,9.523909422000001,11.12562719,12.11396887,11.07673419,14.29730775,14.441998499999999,14.66027051,14.03168075,10.651847199999999,10.60009765,12.02664949,9.312934355,9.678820992,9.483650684,9.098757407,7.285566544,6.87764457,7.752979389,8.698156421,8.148373627,8.578133812999999,8.683657145,8.827582707000001
Ga0242637_113591,7.4047967770000005,7.216893082,7.262560199,7.429116265,7.236096697000001,7.453494495,7.441894287999999,7.259293829,7.254232976,7.462158831,6.497625646,6.941044889,7.8094552639999995,7.689544647000001,7.888453042999999,7.4348482979999995,7.585570735,7.7011175860000005,8.121407385,8.667441047999999,8.660932668,10.16754098,10.27682137,9.899942114,7.251423521,7.315624371,7.319717803,6.759304812000001,7.010940497000001,7.147843249,7.603216876,7.846319316000001,7.533385517,7.2280150679999995,6.991822982,7.022126875,7.3816884279999995,7.496584004,7.496979202,7.4347758829999995,7.623262539,7.4671131729999995,7.587486987999999,7.6739626329999995,7.543713017999999,7.352297105,7.471570599999999,7.489839742999999
Ga0242637_113592,7.1855633260000005,7.223837178999999,6.819036941,7.142348804,7.0447323829999995,7.429365907,7.686136,7.499101443,7.346666646,6.968699735,6.931459089,6.841918981,7.2112853139999995,7.361415236,7.737439207,7.651029716,8.012851382000001,8.376745852,8.553118606,8.794130385,8.516323693,9.43468696,9.638425669,9.537192207999999,7.50523903,8.045895548999999,7.796072971,7.238539037000001,7.220288616,7.157231528,7.553927226,7.73290268,7.2447735579999994,7.046401815,6.991822982,7.196357119,7.692022105,7.774699189,8.017764217,8.394440572,8.442979782,8.019508894,8.716260336,7.989623096,7.145730761,7.663742888,8.280945859,8.221369232
Ga0242637_113593,6.68769462,6.466798012000001,7.023544206,6.801936051,7.01778812,6.9072941629999995,7.032014072999999,7.167151527000001,7.201198889,7.0836779729999995,7.777196217999999,7.0670811339999995,6.716118402,6.802794400000001,6.738081898,8.146827168,8.167019672,8.494700965,9.516069311,10.28491103,10.17929428,11.33505403,11.0701625,11.00989621,7.152982271,6.886816532,7.0506663210000005,6.659117934,6.833548883,6.7977231520000005,7.752679678,7.9407490229999995,7.632005207000001,7.4894684410000005,7.44976946,7.534396141,8.47549197,8.46956262,8.219222591,8.477330746,7.354366525,7.027862944,7.752979389,7.796889059,7.809720408,7.762619492000001,8.470430952000001,8.607243716000001
Ga0242637_113594,5.764010054,5.54610883,6.15903142,5.965919447999999,6.097513609,5.825823053,6.226209227999999,5.866440742999999,6.070517943,6.430822582999999,6.791055116,6.303844391,6.312057136,6.223424592000001,6.320112005,7.26572476,7.1914778429999995,7.227584355,8.505100775,9.272651508,9.042286094,10.16754098,9.973385247000001,9.644719159,6.400991392000001,6.015082574,6.288807021,6.055693177,6.129327664,6.061131447999999,6.367305328,6.461837488,6.313517332000001,6.439107343,6.5783923589999995,6.539493293,7.215019439,7.549724815,7.189952047999999,7.581204406,6.20301847,6.457812702000001,6.932942053,6.785929515,6.620656288999999,7.174647137999999,7.62961768,7.610898412
Ga0242637_113595,7.220222591000001,7.494611288,7.718243094,7.485775365,7.709923288,7.500572924,7.69090841,7.499101443,7.463860347000001,7.616488955,7.870807737000001,8.112717627,7.760745592999999,7.591078592000001,7.523289472,7.911337117,7.942116276,7.9691314779999995,8.705366814,9.142611742,8.95210534,9.387722852000001,9.306573058,9.060093015,6.798636423,6.895868983,7.0895771729999995,6.951542017,7.043940484,7.099961851000001,7.768969326000001,7.554645612000001,7.614020537999999,7.084601861,7.296607400000001,7.5889797539999995,7.8819997310000005,7.650468439,7.915520741,7.458294252000001,7.887427509,8.333947537,8.447460723999999,8.093200029,8.004206773,8.163941216,7.481972697000001,7.443170052999999
Ga0242637_113596,7.1855633260000005,7.4179768720000006,7.240365497000001,7.566795722,7.259283455,7.3480363429999995,7.372287339,7.371530984,7.463860347000001,7.28129734,7.316553644,7.3545591120000005,7.145330844,7.54359832,7.240812927,7.7231575370000005,7.624818231,7.851206205,8.350640063,8.374833661,8.064184962,8.888959707,8.855154005,8.534793396,7.3509880789999995,7.19616811,7.244141526,7.339041722999999,7.3313641579999995,7.239082336,7.330662785,7.367292872,7.335386934,6.8385480770000004,6.888366787000001,7.20220628,7.443309957,7.303809337000001,7.469744716,7.5377125110000005,7.709815247000001,7.735084245,8.051032628,7.796889059,7.163949333,7.642033844,7.572360982999999,7.523876547
Ga0242637_113597,5.043482011,4.802471659,5.176150348,5.333525783,5.3173146,4.96008775,5.319638257,5.473550621,4.920335663,5.13022099,4.739976276,5.32689956,5.1123508730000005,5.074048457,5.268396495,3.892319216,4.211803736,4.230088347,3.991602028,4.71973642,4.987490939,7.675059347,7.492166087999999,7.336571028,5.321587674,4.988179731000001,5.322368268,4.815949237,4.807619143999999,5.056780545,4.202547268,3.7278747230000002,4.605178942,5.415492675,5.5282672889999995,4.6666824469999995,4.615431697,3.662028972,4.095618047,4.353666799,4.7922398369999994,5.413829457,5.252278774,5.10671788,5.280719161,4.658919033,3.442297762,3.525262858
Ga0242637_113598,4.689666095,5.165465121,4.553815786,4.46901742,4.984562088000001,4.816707948,4.887640704,4.47976412,4.679316307,5.688446836000001,4.968531455,5.086255088,5.423897621,5.214161193,4.9362872310000006,4.83117596,5.079632359,5.276034084,5.981201552999999,6.480559145,6.54216127,8.784054937,8.664800986,8.184968804,4.677973662,5.321969697,4.948212928,4.7182830000000004,4.551631663,4.578634773,4.786479382,4.5671028389999995,4.605178942,5.151242104,4.998102894,4.829070251,4.377864054,4.464627463,4.98913372,5.344228856,4.425862026,5.618061775,5.536607461,5.199576963,4.603319646,4.470605637,4.347120349,4.639364039
Ga0242637_113599,7.1767666839999995,7.108504531,7.298808348,7.224568059,7.114213524,7.133288811,6.938752195,7.068712767999999,7.227959864,7.558050286,7.253762881,7.271318325,7.282045953,7.415173425,7.3315147960000004,6.777513377999999,6.769133834,6.906454373,7.314541569,7.47024148,7.500686035,8.350045451,7.861225356,8.034903358,7.409006884,7.62406232,7.060492991,7.255783728,7.2907073229999995,6.534926592000001,6.78580492,6.67097133,6.932733707000001,7.069443157,7.213456654,7.148689,6.900325658,6.5309503410000005,6.697247925,6.38209156,7.699276052,7.4671131729999995,7.556203486,7.047758907,7.31831415,7.104924672,6.721727367000001,6.261361596
Ga0242637_1136,7.1855633260000005,6.916100485,7.140031105,8.125787824,8.250774937000001,8.055884487,9.324718863,9.295561562,9.212637987999999,9.910028601,12.28150035,11.34388081,7.297309666,7.203712822000001,7.383316891000001,8.952333885,9.040620362,8.859667368,8.608706498,8.942202383,9.038638995,9.122028261,9.530902861,9.414262687999999,7.836466595,8.128804994,7.614625707,7.485094512000001,7.227487346,7.697220222,10.93285187,11.18690653,10.11082688,10.32427696,11.38494324,10.95886049,10.04208774,10.72573963,9.974889472000001,11.13905418,9.291880341,8.703264068,9.643940901,8.223096253,7.952760422999999,8.065457841,10.85963903,11.34224863
Ga0242637_11360,4.585211685,4.198816504,4.503928157,5.175905001,4.867262772,4.739118302,4.8185851060000005,4.963699583,4.875333574,6.1429633710000004,6.219170611,6.060653995,4.801831877,4.774297383,4.997345056,4.83117596,5.001430864,5.0177777,5.011617463,5.2148792639999995,5.314116753,4.51831327,3.963144162,4.475591067,5.57198214,5.266836838,4.715826794,4.375801711,4.76808594,4.739959922,4.742474206,5.197488063,4.953816253,5.575031186,5.70985271,5.7448849079999995,5.751330366,5.25189535,4.867664457,4.791768251000001,5.867785784,6.414785426,6.287979027,4.9004125730000005,5.636034024,5.342441495,5.612616484,5.5856647520000005
Ga0242637_113600,7.202997149,6.611602823999999,6.943358729,6.661334644,6.433183635,6.853883387000001,6.468136681,5.884410158,5.946807457,7.801376132000001,8.029122406,6.125419706000001,8.588131931,9.800561873,8.839278921,7.618977966,8.007912331,8.507230942,10.44467007,8.518091916,9.174456762,9.187476701,6.531855815,9.701165564,8.723782427,10.36110497,8.629847069,9.910474848,8.598917886,8.663850932,6.994262888,6.563224607,6.559156367000001,8.322341041,8.391932406,8.275532935,10.18417064,9.230271425,9.558245365,10.23640848,6.954277387,7.380417295,8.213555346,7.128036692,7.963197561,8.097710091,8.80043247,10.42391229
Ga0242637_113601,7.7213722979999995,7.746783156,7.560014947999999,7.716337306000001,7.479285707000001,7.74984544,8.095402814,8.060267253,7.94975199,10.50282787,9.432571867,9.029048775,7.86171476,8.306121457,8.396720327999999,8.461893137,8.911711207,9.267611561,10.51545237,10.65530698,10.72446472,9.953107835,9.277297471,10.10003107,8.913547008,9.592276716,8.465862115,8.27550364,7.857340587,7.256656938,9.936044791,10.32840565,9.42650197,8.692348968,9.334748597,8.882226008,9.938943567,9.446456103,10.11327012,8.293481856,8.268638982999999,7.538917829,8.253103884,8.027773331,7.963197561,7.8969893639999995,7.6482088820000005,8.282279841
Ga0242637_113602,8.871694951,8.755521355,8.904714463,8.91352435,8.905615126,8.879584134,8.903478003,8.94288622,8.87181369,10.10739738,9.550411741,9.467373753,9.432457952,9.326808559,9.088402109,9.823303007,9.870598856,9.97849106,10.95138794,11.32286789,11.34857898,10.68558248,10.218333099999999,10.74714079,9.184461966,9.192500246,9.154818695,8.381388979,8.516135036,8.197745295,10.02687616,10.24161065,9.446959793,9.302212019,9.604751226,9.433821934,10.30108229,10.06373905,10.29390337,9.370643512000001,9.701260814,9.465470931,9.707001172,9.28406258,9.546460563,9.332800614,9.464527506,9.344800465
Ga0242637_113603,6.968265904,6.983131162,6.470401914,6.828480807999999,6.5631991439999995,6.5745242610000005,6.970515075,6.867165116000001,6.786779111,7.16426451,6.515595442,6.559383887999999,7.508761252,7.709238535,7.674157782000001,7.237849985,7.1827353689999995,7.425466942999999,6.697893701,6.874265449,6.998144841,7.479830403999999,7.413591428999999,7.350761500000001,7.394719635,7.640304413,7.367986553,6.523203402999999,6.8799865989999995,6.698284781,6.674826565,6.931414317000001,6.822136133,6.856325821,6.363579272000001,6.637788707,7.904079276,7.344481926,7.662469789,7.336666713,7.242652929,6.969641547999999,7.278004095,7.276305848,6.9704850060000005,7.1594421729999995,7.282181959,7.1981723639999995
Ga0242637_113604,6.817922597000001,6.733456866,7.187208681,6.99394573,7.062419296,6.933274745,6.812983992,7.028985796000001,6.834014716,6.670560655,6.61894186,6.816033568,8.058137516,7.759218282000001,7.814922042999999,7.319907353,7.348239052,7.125578391,6.115517037,5.2148792639999995,5.4964242720000005,6.117484336,5.532841605,5.138108701,7.358369428,7.239468641,7.146041514,6.993275294,7.130976557,6.761233785,6.93771718,6.99496906,6.736007398,7.061803577999999,7.272161968,7.362262535,7.559172932999999,7.7446304360000005,7.362772033,7.4347758829999995,7.1527909229999995,6.9990463389999995,7.252202963999999,7.448735033999999,7.73859095,7.2266356389999995,7.407530735,7.280129452000001
Ga0242637_113605,7.335359154,7.465616597,7.4482859470000005,7.838827674,8.007838813,7.720322026,7.765193941000001,7.915339023,7.666532472,7.678758332,7.870807737000001,7.578822514,8.370970621,8.06150742,8.021514212000001,8.394082873,8.476828693,8.281483978999999,7.578652599,7.914760661,7.583140307000001,7.4946867720000006,7.242293719,7.2931416229999995,7.336111008,7.444553155,7.641052142,7.092607425,7.220288616,7.050434521000001,7.359640132999999,7.489968043999999,7.5958087,7.919470107,7.847281357999999,8.060644369,8.838543814,9.099797691000001,8.582273987,8.994070587000001,9.212598757,8.956421653,9.298215848,8.178574252,8.36849434,8.227264016,9.072263247,9.201488043
Ga0242637_113606,9.655145267,9.568595768,9.715770948,9.676437507000001,9.536117679,9.675157422,9.794750628,9.692380278,9.692397879,9.866559816,10.13610852,10.03657455,9.311814285,9.483656837,9.445826354,9.469144563,9.641086784,9.588213819,9.844038719,9.745521289,9.714317461,9.520639885,9.991525156,9.450937524,9.57327698,9.737713626,9.65200523,9.640474755,9.600224676,9.562800211,9.639522214,9.572065084,9.759287107,9.79200887,9.719137814,9.610170016,9.589845744,9.759958125,9.800118603,9.178775378,9.687999279,9.83693189,9.908245367000001,9.837192601,9.590879662999999,9.871918011,9.155821945,8.628250697999999
Ga0242637_113607,8.284846078,8.407852867,8.22328543,8.397858999,8.258464002,8.382336337,8.302886033,8.040433768,8.28732911,7.806962874,7.356944218,7.752538652999999,8.026439627,8.548377196,8.368447233,7.586197478,7.718503021,8.115448113,7.809720379,7.789972286,7.761918562000001,7.958329732,8.002119537999999,8.043662846,8.52502381,8.504923126,8.194249386000001,8.52693121,8.579366486,8.323933735,7.78507701,7.857755028,7.800495736,7.599059396,7.44976946,7.423623168,7.502405071,7.422538112000001,7.744290309,8.198946452000001,7.543017475,7.518764527999999,7.815962494,8.151953921,7.750692193,7.937649907999999,8.069659839,7.981234003
Ga0242637_113608,7.678406204,7.712643373,7.422235864,7.68280585,7.748660294,7.897841558,7.632569735,7.632286067000001,7.378861583,8.085022902999999,7.677083132999999,7.838569539,8.182505037,8.064568328,8.283174716,8.779504748999999,8.876922991,8.958782687000001,8.986358812,9.179556865,9.137425962,9.033266649,9.397812722000001,9.390429168999999,7.7881031489999994,7.909614462,7.68616405,7.834014922000001,7.771320867000001,7.664685287999999,7.515821665,7.114239575,7.197236939,7.936272454,7.8582687710000005,7.834630186,9.070962694,9.246451745,8.910551708,9.749802481,9.284850294,8.61111458,9.227183156,7.864036823999999,7.472425286,7.642033844,9.66720838,9.823656468
Ga0242637_113609,6.060992991,5.846293105,5.629905762000001,5.62485469,5.6110890179999995,5.807157282,5.834883106,5.587854455,5.580774831,5.759588345,5.454693014,5.36332174,6.547519883,6.846160434,6.711291715,7.042200507,7.308610488999999,7.515073851,7.072315947000001,6.7898218539999995,6.936723275,7.253959365,7.671689705,7.071132346000001,6.266030728,6.287257392000001,6.338170869,5.9321173179999995,6.218883214,5.8452143020000005,5.378952529,5.520822417000001,5.383136995,6.123562943,5.995960243,6.073980565,6.761999476000001,7.51451613,7.476601722000001,8.412608139,7.2570999039999995,7.027862944,6.965071762000001,6.295147957999999,6.228573506,6.3899584,8.09019893,8.347071866
Ga0242637_11361,7.412309581000001,7.534248465,7.718243094,7.550951808,7.54992654,7.579432853999999,8.252132422,8.095294361,8.428554976000001,9.751063148,9.942425451,9.690169492,7.646223174,7.77798923,7.798059847999999,7.682384446,7.70635786,7.937072647000001,9.215483595,9.606915066000001,9.663126746,11.15278573,11.19966479,10.96565044,7.074470767999999,7.3943567660000005,7.367986553,7.289666196000001,7.582164827000001,7.2826234460000006,10.19400163,10.59581528,9.314063117,10.13897044,10.26041346,10.58221127,8.719100914,8.67480788,8.310296422999999,8.868082366,8.404576934,8.194836226,8.638756368,7.731607435,7.598309286,7.619992937999999,8.674619101000001,9.050156301
Ga0242637_113610,7.319463545,7.483083294,7.554029801,7.550951808,7.823145632,7.568427817000001,7.778706276,8.148144398,7.620156487,7.564661677,7.4154841760000005,7.2030792020000005,8.566255595,8.334292282,8.371299612,9.188990183,9.226401807,9.284087246,8.722266145,8.480900461000001,8.042494372,8.406112933,8.080489402000001,8.47128884,7.576586728,7.613131712,8.05871406,9.308031745,7.421994843999999,7.374021431,7.3452242739999996,7.075569456,7.74097713,8.064077142,7.836209586,7.868118166,9.643319496,10.18901595,10.05148831,11.08155299,9.12477363,8.747221373,8.598384709,7.928196592999999,7.931656771,8.238155648,10.92778209,11.28883178
Ga0242637_113611,4.28318584,4.363461633,3.946745494,4.422193692,4.384900493,4.4273871830000004,5.438643431,5.449548256,5.236456361,7.248817774,7.769737205,7.661047521,4.88611688,4.221805808,4.500591236,5.386834068,4.409928452,5.305244467,6.214597157,6.624096125,6.788127941,9.276106063,8.547078875,8.826308225,4.525876352,4.235484963999999,4.497285518,4.767968562,4.9199410210000005,4.884561763,9.431887725,9.964632313,7.93694863,7.307677302999999,8.727664656,8.752771395,5.650022798999999,6.633061821,6.196378494,5.489094956000001,5.479739868999999,5.369221982999999,5.660000498,5.368840404,5.063055895,4.78509857,5.7224077289999995,5.5856647520000005
Ga0242637_113612,2.493146696,1.764951351,3.0999819539999995,2.669405787,2.744398912,2.6922148339999996,2.664422505,3.0574123839999996,2.802740674,2.7737677119999997,3.152346767,3.5782764410000003,2.963087176,3.518874686,3.456396836,3.892319216,3.798069659,4.291204563,5.169295709,4.860785042,4.561457885,5.37897011,4.360694114,5.264394062,3.143822338,3.2130425060000003,3.4852798330000003,3.720385549,3.6541520239999996,2.8067615000000004,3.7303142510000002,3.493771372,3.527022611,3.781920535,4.208962548,4.018654177,3.7220789030000003,3.347410348,4.363716926,5.064189077,1.764951351,2.984995328,2.667729675,3.224071216,1.764951351,2.7107655210000003,5.062331788,4.552351294
Ga0242637_113613,9.865356434,10.13966154,9.975077462,10.01822626,10.07919401,10.02619409,11.06068578,10.93439004,10.92378589,11.66121529,12.45658682,12.05328521,9.635177781,9.902424545,9.850221423999999,9.726376511,9.856932642,10.09512603,10.97007805,11.190914999999999,11.1009413,12.10539024,11.59919288,11.79897965,9.80557989,9.719997588,9.841912275,9.575035754,9.584900088,9.798417135,13.17487749,13.64707123,12.1542781,10.9101519,12.35817667,12.07145284,10.69214708,10.81884848,11.05204354,10.94052301,9.998453583,9.70496088,10.61270454,10.21599219,9.933676206,9.922305021,10.64276576,10.97712161
Ga0242637_113614,11.1779531,11.13761714,11.28485304,11.39838921,11.44894039,11.25512824,11.21646475,11.28595676,11.32522931,11.41327666,11.91438213,11.70259169,11.45874403,11.2670138,11.09529313,11.55715942,11.53264152,11.46322684,11.26207133,11.41306144,11.34119605,10.69042823,10.56118726,10.78157909,11.046667,10.76134859,11.05493072,10.97663576,11.05516061,10.67212,10.9620667,10.904986,11.04621324,11.04984859,10.80772511,11.1215545,11.168606,11.12627517,10.93561179,10.89709933,11.91306179,11.83806161,11.9026616,11.30282412,11.71005568,11.35470992,10.87845553,10.88849072
Ga0242637_113615,5.003826086,4.725074123,4.223012272,3.285877101,4.0603926580000005,3.632791763,4.259752279,3.956726771,4.177226698,4.561592913,5.020303588,4.497658663,4.8446072760000005,4.431583664,4.904735846,4.671023263,4.470061133,4.34968863,4.630727353,5.161685736,5.047435514,8.333617555,8.088939997999999,7.827366495,4.677973662,4.502186862,4.30716112,4.088157498999999,4.176888662,4.634514988,4.444466537,4.917352993,3.910455573,4.5432024019999995,5.185963425,4.59603204,4.090071432,3.91283721,4.587683268,4.791768251000001,3.35606442,5.499061404,4.5964761439999995,3.917653608,3.4799555860000004,3.080556652,3.908340615,4.459495233999999
Ga0242637_113616,6.022150627,6.063639229,6.110820507000001,6.343043483,6.305187387,6.563470881000001,6.479227353,6.378130116,6.2899247229999995,6.5288542739999995,6.031900167000001,5.84671801,5.935707702999999,6.132815137000001,5.864534518999999,7.541297577999999,7.85128073,8.031187269,8.910975203,9.20258413,9.187690262,8.938683366,9.401209269,9.033958807000001,5.890859337,6.20213732,6.184681404,4.992980103,5.428273047999999,5.315375734,6.294039204,6.303352024,6.23711471,6.138191375,6.165142749,6.287438859,8.029896101,7.969264771000001,7.9003043129999995,8.571971858,7.432813335,7.176809015,7.524226103999999,6.704456636000001,6.722560023,6.629673327000001,8.651773092,8.569728879
Ga0242637_113617,8.602996718,8.310139567,8.708584638,9.610470466,9.278862881,9.007284682,8.109728162,8.237956036,8.329109811,8.617273728999999,9.576291025,8.729892274,10.04864389,9.667999818,9.339154757000001,10.47422483,10.499903999999999,10.16301265,10.17998359,10.58694832,10.43233137,9.867268303,10.17136512,9.961318391,7.883260531,7.703502762,7.155240818999999,8.076446362999999,7.8803516810000005,8.008509901,8.355333662,7.902612039,8.147448719,9.634940025,9.448154438,9.674665197000001,11.66837731,11.52703161,10.85176032,11.11614324,10.434581300000001,9.716062857999999,10.02896436,7.454972124,7.809720408,7.787550809,10.99012187,11.31578741
Ga0242637_113618,9.925636082999999,10.14424169,10.13593386,10.613766199999999,10.64032676,10.5553689,9.775788441,9.818833185,9.80918251,8.724463749,10.23554824,9.076115935,11.99947038,11.65642095,11.48088183,12.23718134,12.25982722,12.28242363,11.69602942,11.25131819,11.28304543,10.14418338,10.15737306,10.53681736,8.49186035,7.831611942,8.668890181,8.935360476,9.262997192,9.300228038,8.752050776,8.658573287000001,9.025278625,10.22693684,10.33603301,9.881905001,13.32477022,13.54130353,13.30390086,13.03556951,12.06902268,11.18635221,11.24871536,9.395231812,9.381195676,9.41667944,13.02412453,13.29022268
Ga0242637_113619,8.129473541,8.423011172,8.141843551000001,8.634200908,8.649072333,8.627317077999999,8.175895484,8.170214719,8.106937383,7.313061093,8.137404756,7.088857682,10.0687875,10.03237149,9.838933115,10.2829878,10.441584800000001,10.50037362,9.563726407,8.303588658999999,8.521559215,6.899287208,6.627873937,6.945825704,7.358369428,7.419673435,7.830923328,8.061819152,8.056354656,8.470396736,7.3233265020000005,7.179511439,7.620040388,8.95599461,8.700452372,8.289331086,11.23324509,11.61896725,11.6318263,11.61031224,10.09405225,9.268399771,9.077353399,7.868715542,7.472425286,8.105661707000001,11.55112308,11.72520014
Ga0242637_11362,13.4517573,13.707545999999999,13.81007844,14.58975971,14.57081607,14.40809702,14.16441926,14.23995421,14.32343485,11.32552328,14.42681661,13.38555365,14.70400022,14.51442504,14.28425494,15.07550622,14.93093838,14.63528978,12.54378298,11.41376637,11.59443915,10.28539207,10.36816579,10.39344677,9.905916862,9.492948797,10.06074546,11.64521989,12.21931531,12.28016772,10.96029494,10.57345291,11.54359597,11.91318447,12.61754999,11.46024353,16.20741075,16.5540865,16.14822803,16.48977874,15.20282539,14.46415387,13.66394538,11.670428900000001,11.78696634,11.77744385,16.38996735,16.73188156
Ga0242637_113620,8.893323738,9.02357364,9.257508755,9.530613484,9.473087666,9.400619262000001,8.971722762999999,8.951406983,8.980675374,8.148001449,8.603751421,7.979237392000001,11.0558403,10.86957713,10.58846913,11.25753621,11.23645203,11.06439261,10.07042086,9.080037587,9.099419494,7.4946867720000006,6.695904429,7.498278656,8.286718766,8.121111042999999,8.562330872999999,8.897423817,8.925252655,9.02327879,8.571936817000001,8.333662769,8.672547602,10.00902613,9.871940007000001,9.626566132999999,12.37446893,12.40860395,12.15763403,12.46164901,10.88280136,10.21735707,9.803381115,8.932917682000001,9.163179728,9.135291915,12.33322711,12.62662706
Ga0242637_113621,7.950168345,8.287128148999999,7.894356432,8.022357944,7.838618253,7.720322026,7.9397288779999995,7.816173937,7.736522999999999,7.8882662429999995,7.821157774,7.675506492999999,8.031010774,8.389035195,8.416186836,8.412894975,8.314311989,8.565305651000001,8.767743672,8.861822926,8.928650894,9.974455095,10.0511162,9.76610925,7.518476725,7.896152325,7.930689183999999,7.570254061,7.800567964,7.467533293,7.4766815289999995,7.714150298,7.441187283,7.725281526,7.52755121,7.362262535,8.145612062,8.240998087000001,8.377765111,8.924033071,8.261493821,7.975831932999999,8.123954856000001,7.404303068,7.031299627999999,7.023280456,8.825147031,9.002684889
Ga0242637_113622,5.534379952,5.523664543,5.652586326000001,5.883738445,5.749034568,5.7496540860000005,5.951167579,5.773048738,5.494812156,6.032587104,6.15177356,5.8208499179999995,5.935707702999999,5.458683587,6.061586635,6.613550644,6.238141675,6.590118555,6.714897079,6.824195716,7.0130996,6.87677085,7.098979065,6.907926396000001,5.410032329,5.720377391,5.417757568,5.647517796,5.402913625,4.973300362,5.488562956,5.632077893,5.518944177000001,5.439406105,5.634836862,5.679052574,6.375740119,5.628299527999999,5.773630285,6.749524052999999,6.4242548479999995,6.228513816,6.522144706000001,5.10671788,5.409254872000001,5.421515594,7.021924626000001,6.659001264
Ga0242637_113623,5.810393549,5.983894141,5.8615688079999995,5.722776012000001,5.749034568,5.769079584,5.344248659,5.565714227000001,5.371488498,6.40154095,5.695239995,6.266065182999999,6.119067012,5.776315209,5.896669307000001,6.815744047000001,6.780772057,6.887395462000001,7.174141366000001,7.247838725,7.220579154,8.631144869,8.471539453,8.026090342,6.045556368,6.3676168429999995,5.794059029,5.748802145,5.402913625,5.59087327,6.118359976,6.446752199,5.882929632000001,7.054123276,6.909661006,6.940484339,7.349860838,7.833018665,7.905394316000001,7.284988808,5.7497599379999995,6.014442298,6.236194534,6.295147957999999,6.1205945879999994,6.514802763,7.29403857,7.280129452000001
Ga0242637_113624,8.239121655,8.201811132000001,8.165585677000001,8.810855719,8.728723429,8.94909466,8.901421102,8.647554365,8.716775904,8.52199762,8.332263263,8.588093223,8.537632389,8.298342044,8.333771324,9.385906145,9.255860262999999,9.176414764,9.191412875,9.360101002999999,9.184393251,10.35418721,10.30610588,9.776654547,8.321112757,8.185237426,8.354514923,8.110010428999999,8.100136022000001,8.45526112,8.369644712000001,8.48879463,8.437175092,9.276055872,9.342592729,9.451109413,10.33803819,10.89095385,10.39595735,10.27663636,10.17041885,9.867125338,10.11196132,9.163605821,8.933038336000001,9.534743042,10.11419637,10.24338833
Ga0242637_113625,10.63549899,10.67723045,10.49020637,11.05152195,11.04607785,11.01289882,11.786744800000001,11.63207596,11.48066572,10.87000998,11.19506269,11.43005674,10.80943997,10.42000184,10.65024314,11.24971017,11.28113892,11.46764105,11.21956105,11.35918559,11.25738785,12.41935293,12.95764994,12.03413149,9.423048652,9.36363144,9.614166171,11.40565891,11.57954132,12.00610549,10.73497566,11.06396986,10.49664835,10.934916900000001,11.527242,11.33547197,11.19122399,11.25846901,11.66107977,11.34777314,11.2924586,11.44775396,11.48155709,11.98806569,11.39059899,11.6882686,11.26384887,11.14046543
Ga0242637_113626,11.15351581,11.13577841,11.26804665,11.78410231,11.76756017,11.73879643,12.35612055,12.405631199999998,12.10021154,11.82225407,12.33237496,12.61398464,11.43566182,10.86607327,11.14071433,12.36221317,12.304561999999999,12.31530244,12.43651412,12.81877225,12.76246447,13.12112452,13.37554839,12.76454435,9.846818136,9.762650713,9.706183832999999,12.32490289,12.28393482,12.66966162,11.29290135,11.48202509,11.1728942,11.74579559,12.20229149,12.04810972,12.22025352,12.29002835,12.33358734,12.01336749,11.55454982,11.91763399,11.81234479,12.57830516,12.27767529,12.70815446,12.06409868,11.59987689
Ga0242637_113627,13.24978774,13.00875286,13.42809609,13.67830446,13.66363876,13.313531,13.87114918,13.96947069,13.65481678,13.60746243,14.47217571,14.53796638,13.25899087,12.75893229,13.0025512,13.38072102,13.27600246,13.08178693,13.03458716,13.44215304,13.41367617,13.66075057,13.81989462,13.48957352,11.24279683,11.311220800000001,11.29688361,14.37681564,14.07406973,14.377143499999999,12.40301734,12.41070113,12.45793279,13.10825976,13.87256408,13.45334988,13.17565488,13.21595657,13.10772528,12.52598828,13.06685757,13.44411941,13.37752373,13.71641086,13.77288575,13.76008172,12.63117408,12.4880712
Ga0242637_113628,11.25828196,11.35708873,10.93496066,11.32694542,11.23229981,11.28525759,12.18384599,11.99557925,11.79353901,11.81291587,12.30200135,12.21137513,11.28739807,11.15051121,11.6020768,12.54028705,12.82661426,13.03496383,13.08567586,13.2465211,13.09759213,14.02837889,14.17595456,13.96554015,9.950536321,10.02319012,9.735596762,12.49285635,12.38833501,12.61899415,11.6302962,12.05455669,11.21872527,11.6564252,11.99271677,12.18300298,12.35556917,12.467305699999999,12.73099445,14.01121578,11.60903936,11.81346321,11.62284293,11.96449648,11.67953002,11.77713275,13.75272387,13.90307463
Ga0242637_113629,10.36549647,10.54423635,10.32611356,10.25334119,10.14806692,10.12053886,10.30779453,10.24422426,10.09118732,10.34669252,10.50959432,10.72128748,10.16132787,10.35336979,10.34108173,10.41946746,10.39695268,10.6950127,11.54334437,12.35328328,12.18866606,13.57644365,13.67834496,13.44832621,9.841562843,9.83262218,9.860300192999999,10.5883077,10.60224132,10.73221324,10.40929661,10.65353384,10.10654675,10.09195372,10.470971,10.37592307,10.20210016,10.38444805,10.36858145,10.27000913,9.877495246,9.814381367000001,10.39282909,10.16461065,9.97551409,10.06369608,10.46022767,10.19493287
Ga0242637_11363,9.161877443,9.239297569,9.411046884,9.227673751000001,9.135925535,8.999114156000001,8.700781325,8.868352657,8.998909362000001,9.921659887,9.120044666,9.04305218,9.537375728999999,9.526459041,9.175831246,9.903080352,9.815139639,9.840493807,9.596173724,9.813339827,9.849515051000001,9.073391945,8.918154404,9.020711986,8.703646978,8.711156075,8.788941358999999,8.468986714,8.664008116,8.29446995,8.369644712000001,8.209747522,8.610420409,9.117537073,8.703501434,8.786240374,9.304660042,8.97588027,9.006032575,8.650614886,9.38686483,9.364665042,9.259904933,8.847814805,9.26369338,9.061590229,8.753992495,8.58054733
Ga0242637_113630,10.14095279,10.15062956,10.05351153,10.24105466,10.26335878,10.32801503,10.2708293,10.26999807,10.32491476,10.34573349,10.09194056,9.980922886,9.981754487,9.955321349,10.07329155,9.71378967,9.770642685,9.71649333,9.188375598,9.125500536,9.177776535,8.765804401,8.825122152999999,8.805860382,10.15289786,10.34798283,10.10293313,9.988587316,9.718568757,9.650126631000001,9.762554322,9.766575792000001,10.0124564,9.869491981,9.696362551,9.710997438,9.713752245,9.991979519,9.936873986,9.817266936000001,10.58237757,10.334365199999999,10.60381023,9.931871038999999,9.826304935,9.89389226,9.731806882999999,9.945818654
Ga0242637_113631,8.483306079,8.345574583,8.403808816,8.572774696,8.478517502999999,8.732095279,8.577373245,8.604981887000001,8.560689826,9.351310496,9.224659261000001,8.974560504,8.281733000000001,8.391474817999999,8.440835266,8.740322972000001,8.85233777,8.779298346000001,8.775860453,8.870065435,9.001651724,9.04340309,8.899061063,8.80070281,8.8070288,8.964307304,8.39388904,8.665588194,8.492436759,8.447633333999999,8.887500602000001,8.937122409,8.773196007000001,8.639470175,8.602585383,8.732714801,8.948848583,8.89607571,8.791905542,8.571971858,9.11291367,8.993393502,8.978581242,8.80939935,8.851123289,8.862483991,8.580980367999999,8.179284469
Ga0242637_113632,7.35108138,7.556418422999999,7.255199876,7.429116265,7.3193508629999995,7.429365907,7.248241447000001,6.9963961679999995,7.1554624460000005,7.092857844,7.221310959,7.271318325,7.153742127999999,7.616332661,7.301910534,5.8968195439999995,6.427877125,6.636533155,6.435986131,6.969467544,6.500291077000001,8.583312121,8.321855295,7.711204221,7.656592956,7.966540483999999,7.647583758,7.563346434,7.519042742999999,7.512108733,7.263251914,7.406762023,7.267966541,7.261744339,6.981805377000001,7.086797081,6.311006991,6.458614121,6.894577552,7.0727992660000005,7.137253651,6.939624022,7.1991722629999995,6.755914837000001,6.422869211,6.746267497000001,6.473056715,6.970226897000001
Ga0242637_113633,8.622553727,8.380159897999999,8.695054172,8.925858993,9.052149336,8.938451998,8.735834909,8.678678938,8.622479036,9.002766115,9.391861077,9.357361741,8.896880016,8.629153002999999,8.931059133,8.750218642,8.539772871,8.324601093,8.662231482000001,8.874169096000001,8.967532423,8.759669214,8.65345181,8.516033857,8.729484163,8.966455545,8.473233452,8.551567897,8.437647715,8.540198547000001,9.051814533,8.969102264,8.983874907999999,9.124883441,9.439037112000001,9.576807922,9.011197379,8.797022606,8.935642898,8.465776958,8.7542293,8.97502602,8.794286368,9.146372095,9.135764854,8.937901365,8.619168331000001,8.288891595
Ga0242637_113634,9.709496112,9.789344703,9.698245412,9.888746734,9.700353262,9.592040237,9.793642078,9.697454438,9.859942048999999,10.35910218,10.68832234,10.31338909,10.05426761,10.16304202,9.851243267000001,10.41013571,10.2118,10.25966741,10.01492644,9.804766121,9.681952388,9.985011427,9.722285074,9.802685403,9.405348388,9.477968796,9.545898406000001,8.953961123,8.973125335,9.03859151,10.02235467,9.993424365,9.837557318,9.921039379,9.91860321,10.081434,9.610131383999999,10.06373905,9.856385699,10.50262068,9.745459395,9.650448759,9.831953509,9.654223415,9.560274219,9.742774800000001,10.48370188,10.45216512
Ga0242637_113635,9.978447412000001,10.09966023,10.02459616,10.210292800000001,10.15426173,10.17050481,10.03508887,10.04466489,10.00617934,10.15416156,9.937441982000001,9.850045024,10.17584628,10.25499328,10.04588425,10.05650121,9.859676261,9.874740167999999,9.324635392000001,9.403335444,9.372873954,8.883327552999999,8.371187717,8.516033857,10.04043132,10.20883949,10.0704977,9.428829641,9.496830999,9.462294833,9.710101741,9.839029101,9.914249595,9.756977564,9.32883738,9.558694228,9.707489484,9.916462903,9.853755496,9.842053615,10.5838103,10.4717039,10.78446734,9.862037678,9.846174528999999,9.97642142,9.736157115,9.819096283
Ga0242637_113636,8.76721415,8.604155752999999,8.692332782000001,8.830670957999999,8.965556765,8.912584614,8.925912431,8.843390292999999,8.747913556,9.385310506,9.120044666,8.989100249,8.743806563,8.576523006,8.701015552000001,9.307655842,9.547197625,9.514104817,9.609859379,9.999537393999999,9.849515051000001,9.847157391,10.17335295,10.03344087,8.79075942,9.008761913999999,8.642979208,8.572355238,8.15400196,8.170199842999999,8.974338713,9.068396166,8.889869577,8.976443531000001,8.634886594,8.740770933,9.439249366,9.528140882999999,9.46653693,9.271275345,9.466690896,9.321702681,9.489710868,8.930682405,8.878948357,8.534623372,9.280198437000001,9.351131849
Ga0242637_113637,9.004328656,8.935415919,8.932654591,9.209290842,9.009502685,8.940586821,9.09383534,8.949281506,8.86046168,9.392758464,9.032393452,9.0869709,8.787681527,8.757629621,8.891870101,9.087267852,9.095188797999999,9.164598867999999,9.305139177000001,9.767748492,9.750438297,9.912209853,10.37681751,10.08313856,8.743640677,8.783610748,8.606574161000001,8.52693121,8.45000417,8.408877355,8.926742025,9.010668272,8.919452146,8.820038908999999,8.666480306,8.581680382,9.165378165,9.389311342000001,9.333161168,8.483073119,9.108938582999999,8.952671813,9.110026707000001,8.734491001,9.121859537999999,8.904108698,8.268984942000001,8.450949116
Ga0242637_113638,8.458128273,8.479202272,8.462487198,8.492120176,8.322217188,8.485372577,8.318387137,8.064201429,8.477678082999999,8.487628254,7.336890401000001,7.172814876,8.296994632999999,8.441776212999999,8.310182084,7.306551457,7.598772296,7.378484378,7.711563245,7.52348185,7.401913389,7.566755489,7.047854924,7.217718295,7.893456155,7.788542408,8.073340473,7.521190894,7.593350461,7.333193838,8.614618212,8.51791487,8.706883296,8.052565185,7.73850055,8.255991042,7.142552369,6.5309503410000005,6.777230907000001,5.578091949,8.338208814,8.547897586,8.51408485,8.633656708,8.245629741,8.586680596,5.7224077289999995,4.798593744
Ga0242637_113639,6.851486391,6.872564913,6.736829553,7.2378265310000005,7.30456706,7.341585958,7.168342905,7.224548127,7.544125355,8.13473563,7.253762881,7.213027705,7.003610338,6.994852872,7.003928826,7.618977966,7.766085853,7.611094382999999,8.00192066,8.080222844,8.027850599,8.213064435,8.41888853,8.15294426,7.92361754,8.170403355,7.614625707,7.013697155,6.755985848,6.711096695,7.56640851,7.3101549839999995,7.571162792000001,7.681103747000001,7.420411337999999,7.453351041,7.586740087000001,7.567011883999999,7.575725505,8.142007279,8.436649891,8.162733579,8.080645417000001,7.240643952999999,6.840565294,7.167064709,8.292808402,8.275637638
Ga0242637_11364,4.689666095,4.51037202,4.452168233,4.55814469,4.325924049,4.61399296,4.7827385,4.9973908069999995,4.321039304,5.05635864,4.6764910319999995,4.948618036,4.216089736,5.074048457,5.268396495,4.671023263,5.117168106,5.442924252999999,5.4401634770000005,5.62089209,5.314116753,6.488400766,6.627873937,6.4348352570000005,4.93995569,5.42621131,5.386665998,4.95076686,5.240463367,5.015657664,5.096243803999999,5.233337442,4.653823782,5.678973714,5.555664486,5.338268365,3.7220789030000003,5.0681414689999995,5.064661065,5.852063284,5.20761762,5.65562299,5.447991032000001,4.51974777,4.7081409160000005,4.863306925,5.317895342,5.7096443489999995
Ga0242637_113640,9.043545696,8.929059573,8.650883558,9.339467894,9.034346272999999,9.187066388,9.572343838,9.452361978999999,9.456436422000001,9.82311929,9.114167781,8.92096951,8.44818843,8.67593312,8.889882422000001,8.637443044,9.19198152,9.506324123999999,9.532928962,9.633787215,9.587764755,9.685046352999999,10.04244171,9.720411348999999,9.531460706,9.790805402,9.361585878,8.900166914,8.751464217,8.315576746,9.284854953,9.371313059,9.368699467,9.036106547000001,8.556112933,8.845342037,9.227974701,9.241078444,9.231466823,9.329803065,10.57807081,10.15834983,10.39430359,9.291049561,9.31348093,9.139170514,9.099532232,9.357435567000001
Ga0242637_113641,9.592068534,9.514432707000001,9.493080394,9.870783016,9.70458066,9.75980319,10.05558031,10.20289608,10.25727862,11.00308963,10.36614608,10.20047571,9.358018602000001,9.428897858,9.161073467000001,10.13034184,10.16043285,10.32658728,10.60586931,10.87495636,10.79100632,10.49193668,10.90293787,10.66438272,9.725107902000001,9.890333093999999,9.706183832999999,9.137189171000001,9.14446245,8.954978584,10.56895823,10.35587854,10.42024771,10.43184362,10.13617135,10.69222977,10.3858847,10.08788509,9.877256457,9.890384833999999,11.07741595,11.00814764,11.05908731,10.29544507,10.64896946,10.34044723,10.01385801,9.775040079
Ga0242637_113642,9.170760512000001,8.937528492,9.158453401000001,9.018996057,8.850724003,9.027510799,9.029369269,9.147693345,9.049771324,10.03189687,9.628759677,9.655952741,9.244536522,9.260296109,9.055087215,9.638537611,9.610464348999999,9.700216145,10.06048845,10.38032204,10.34200745,10.50115908,11.02243951,10.46853927,8.984405586,8.989877432,8.734771623,8.325341288999999,8.331454135,8.653941911,9.623191767,9.572065084,9.468799874,9.676776808,9.685609782,9.829989636,10.23295043,10.36728758,9.84848066,9.633285489,9.551146438,9.465470931,9.723518308,9.388732723,9.700972693999999,9.533270062,9.548551762,9.312719905
Ga0242637_113643,13.00527871,13.1012855,13.03606935,12.77790093,12.79353204,12.65118756,12.87952981,12.86520433,12.79383741,11.8840015,12.23960311,12.8718634,12.88560378,12.91543928,12.90123558,12.51511863,12.50646844,12.47829289,11.92584748,11.8323067,11.89596578,12.35773404,12.62328905,12.34699423,12.49391437,12.03235965,12.52468097,12.71104095,13.08240927,13.14340104,12.33240324,12.1584654,12.67165071,11.8643716,11.86850843,12.39675422,12.19137349,12.32409657,12.41857673,11.40937769,11.54133727,11.61247007,11.82114194,12.99115548,12.94839084,12.83701348,11.65241526,11.31659644
Ga0242637_113644,8.619312583,8.952230506,8.576090104,8.467017392,8.397269088,8.455824265,10.03039086,9.951110526,9.371018311,8.274351869,8.612115917,9.989625661,8.553604238,8.506227176,8.58048569,9.556325908,9.504008522000001,9.778533982999999,10.16151708,10.53346607,10.48285708,11.07339594,11.69570532,11.12887148,7.243472088,7.400727739,7.4299291279999995,9.980834102000001,9.880231278,10.74082016,8.859889256,8.992630333,8.72095208,8.871170733,9.632210729,10.28106193,8.938190002999999,8.76742588,9.28711432,8.685897435,8.823787585,9.559690572000001,9.113611813,10.54962729,10.11775041,10.2229301,8.908458462999999,8.547845477000001
Ga0242637_113645,11.19655695,11.21149228,10.98028427,11.37646411,11.43670995,11.27175599,12.73036768,12.69505601,11.960999900000001,11.13661504,11.96668341,12.68469035,11.11300156,10.63752545,10.96116564,12.31840637,12.35987002,12.42769975,12.11246649,12.35328328,12.33596772,12.00004077,12.35954718,12.15827678,8.895908786,8.829181156,8.863761281,12.90701419,12.54141881,13.25930557,10.63263993,10.92074275,10.66908957,11.33200606,12.15852632,12.38491621,12.33945927,12.48275404,12.47657097,12.11947549,12.20091387,12.77595516,11.94904893,12.6817743,12.78741542,12.55144723,12.10923594,11.85393907
Ga0242637_113646,12.99843441,12.76944409,12.839177099999999,13.36277618,13.02636715,12.77612969,13.80461028,13.90684803,13.5464271,13.01678001,13.92700573,14.18320056,12.67963113,12.46746882,12.41461872,13.66425741,13.56198751,13.31834536,12.70760446,12.96613469,12.96096697,11.96314249,12.05338481,12.16481449,9.165659544,9.000399317000001,9.186554344,14.16564663,13.76562839,14.44485258,11.42551967,11.43509512,11.85270036,12.74794089,13.51089397,13.58005212,13.687753,13.518444699999998,13.45947585,13.017878900000001,13.45073064,13.88384532,12.97860661,13.4100095,13.84466223,13.79022418,12.93965053,12.99864392
Ga0242637_113647,5.764010054,6.279310178999999,6.405323735,6.64150585,6.999541192000001,6.5745242610000005,6.906273113999999,6.812041242,6.661430519,6.917944803999999,7.685035803,7.363518192999999,6.704709085,6.245211299999999,6.234820047,7.752998145,7.598772296,7.684660806,7.314541569,7.554507195,7.367425752999999,7.047755337000001,6.843156365,7.2931416229999995,5.694185286000001,5.636140757000001,6.237687229,6.465026781000001,6.433546437,7.080354732000001,6.477279767000001,6.400523102999999,6.679437376,7.200451515,7.33645044,7.654425807999999,8.235420032,8.093742981,7.692227206,8.01298899,7.656331627,7.786556685,7.884727937999999,7.240643952999999,7.334488155,6.909717462000001,7.909376407999999,8.052909213
Ga0242637_113648,7.419783434,7.424018648,7.368679444,7.31491381,7.543645776,7.360851157999999,7.783182396,7.759064658,7.471344654,9.196078327999999,9.441986195,9.510342374,7.591563135,7.129623935,7.301910534,8.425301438,8.570244042999999,8.72401326,10.16769889,10.11326761,10.10451692,9.655613572,9.04081903,9.483488052,7.243472088,7.362072571000001,7.4965740620000005,7.314565374,7.255927999,7.239082336,9.894588669,10.20403269,9.096073075,8.721717294,9.803967034,9.443725845,9.321161479,8.969395947,9.088889525,9.171681673,8.045543809,8.188472605,8.447460723999999,7.910154642,8.228427643,8.053174842,8.965152055,9.133326533
Ga0242637_113649,10.78977261,10.71897016,10.65160386,11.16686078,10.96910336,10.88295025,12.11916705,12.0892788,12.11013031,13.28912695,13.78523243,13.28706429,10.65737774,10.77792397,10.6313329,12.1613422,12.30052909,12.52062073,13.52170259,13.2193603,13.25575794,12.86237136,12.39319734,12.90513722,11.95987022,12.58656724,11.42260933,10.87712223,10.69079867,11.0612914,14.56114826,14.84430475,13.90100582,12.72077629,13.56689704,13.63956189,13.13598265,13.12407934,13.30606706,13.83342714,11.48417717,11.09064679,11.52056161,11.40578435,11.54532734,11.25457751,13.13945991,13.66179113
Ga0242637_11365,4.921002898,4.802471659,4.737150617,5.3581763460000005,5.0576658430000005,4.211327143,4.953460831,5.0938918289999995,4.7309567139999995,4.042654659,4.968531455,4.5626886739999994,4.88611688,4.833769529,4.997345056,5.16625283,4.830665175,4.907311251,4.769522941,5.2661502030000005,4.987490939,6.117484336,5.804244499,5.724953022999999,5.194391513,5.021994946,5.35488028,4.375801711,4.846067195,5.056780545,4.697037544,4.825903146,4.205940684,4.789010363,4.579888975,4.946659565,5.152609088,5.489425957000001,5.100962576000001,5.62059316,4.7092957680000005,5.796717903999999,5.353497345,4.9004125730000005,4.079391123,4.36583428,5.6501581739999995,6.234161219
Ga0242637_113650,3.4671807360000004,4.2559482730000004,2.4500833419999997,2.8641280410000003,3.404506301,3.3221123230000003,3.8963039360000002,3.54034049,3.8326399510000004,4.665563422,5.491639599999999,5.171089211,4.000280065,4.743585868,4.77092408,4.97489283,4.736800533,4.656285493,4.834070366000001,5.872266967000001,4.718346846,7.067769123,7.358723352999999,7.036428583999999,7.430175713,8.496027584,7.294963429,4.309413512,4.29486285,4.259162309,7.779727749,7.547600844,7.01730402,6.774538626,6.941023467000001,8.658110382,4.090071432,5.0681414689999995,5.064661065,4.864979065,4.3167515430000005,4.6073727060000005,3.283209092,3.224071216,2.792585865,3.5704800810000004,5.0051764169999995,5.7096443489999995
Ga0242637_113651,9.132623787,9.410283104,8.789754191,8.337580876,8.333180958,7.788292609,12.26627341,12.17271486,10.43135893,9.219303491,14.23012313,14.41306276,7.892184919,8.021112903999999,8.116378896,12.49024154,12.87352017,13.05123125,12.19309095,11.93064334,11.75306565,11.17370019,11.17209531,11.08923593,6.327582362999999,6.886816532,6.57615247,6.6975096679999995,6.898150405,7.166559039,7.597147036,8.108086477,7.5205698739999995,9.458656919,8.697396852,8.903912039,12.34350364,13.07207143,13.28523364,13.18989601,10.8628768,11.70953738,7.966315472000001,7.0641762660000005,6.422869211,6.514802763,13.306181599999999,13.15563531
Ga0242637_113652,7.995878227,8.205322489,8.012533227,8.089694123,8.296306236,9.069084412999999,9.550196571,9.297233716000001,9.118093639,7.248817774,11.14550503,10.93686404,8.566255595,8.535199244,8.532875917,7.223707786,7.225926855,7.385290653999999,7.222477175,7.357472189,7.168106025,8.849064881,8.825122152999999,8.790332012,8.247515971,8.085971118,8.144326982,8.534013305,8.480439998,8.529399302,6.984991397000001,6.984569414,7.026401446,7.281609402999999,7.238909425,7.13039894,7.249930782000001,7.403416726000001,7.086151866,7.743131486,8.180468173,7.876400639,7.6871191439999995,7.710911342,7.701665685,7.455482756,7.788892013,7.981234003
Ga0242637_113653,5.810393549,5.8642331620000006,5.9916017,6.214626687000001,5.813320753999999,6.967202294,7.323942343,7.339417472999999,6.509635371,6.160561775,8.68924918,8.839866702,6.610025128999999,6.190112254,6.1837078839999995,5.224692397,5.079632359,5.661512323999999,5.4401634770000005,5.998300844,5.803239861000001,6.192437593999999,6.374626861,6.32397988,6.099521879,6.259440542,5.721345382000001,6.274885413,6.218883214,6.334135596,5.260192441,5.122949492,5.168190876000001,5.884102434,5.608930552,5.131426844,5.29418298,4.464627463,5.136355814,5.44242395,6.261601092,5.762726817000001,5.252278774,4.972586967,5.582626785,5.169734368,5.791183595,5.496599292999999
Ga0242637_113654,8.255916911,8.277152607,8.282389312000001,8.154026216,8.340444111,9.532428529,10.09391007,10.10891217,9.681150301,9.108323898,11.84067085,11.67587982,8.578796954,8.709560066,8.664274998,7.209425436,6.985708971,6.925264389,6.394351991000001,6.824195716,6.734981756,8.808035265,8.850191914,8.553312091,8.3473079,8.329089254,7.864951287,8.609704342,8.53075115,8.610198393,6.118359976,6.446752199,6.4818457920000006,8.894998872999999,7.397993598999999,6.968215809,7.249930782000001,6.495236836,6.9645633579999995,8.494489737,8.486527897,7.717510206,7.64808848,7.485759118,7.515619491,7.2266356389999995,9.058432988,8.859023188
Ga0242637_113655,6.873435421,6.974920926,6.858445215,7.440627635,7.743189742,8.581536866,9.456642207,9.357779071,9.047270369,9.274773997999999,11.70111969,11.31647253,7.399856099,7.599545859,7.507815324,7.7130718410000005,6.54174819,6.692522689,6.165911317999999,5.936668265,5.966199916,7.594603642,7.769569364,7.459520327999999,7.394719635,7.322352171,7.244141526,7.535380139,7.32466716,7.790639511,5.795880545,6.162641865,5.922550923999999,9.055458185,7.359838119,6.620408965,6.437684056,5.8711413839999995,6.3237190629999995,8.932451467,8.317687917,7.5783984879999995,7.807131587000001,7.005877925,6.620656288999999,6.596164566000001,9.685319494,9.628972352
Ga0242637_113656,8.209250978,7.8491019479999995,7.999381388,8.843731498,8.840515449,10.02216794,10.90103115,10.76710256,10.380609100000001,11.10352352,13.0388368,12.54874167,8.458404978999999,8.506227176,8.336693036,9.15959078,8.767222289,8.510346503,8.108609547999999,7.754787341,7.670592123,8.230915579,8.307444757999999,8.144825772,8.563839009,8.371859617,8.18530017,8.480030099,8.468342622,8.813782968,6.90858957,6.984569414,7.2447735579999994,10.95102164,9.03655424,8.241868644,8.588867677,7.956205005,8.283181999,11.04514295,10.45664488,9.304152969,9.519744152000001,8.414421877999999,8.29603829,8.301832778,11.75082697,11.66865924
Ga0242637_113657,6.998537739,6.49004648,6.615536061,7.983544263,7.9708731660000005,9.101883217000001,10.21644082,10.0683599,9.408525436,11.09783878,12.41297268,11.89011843,7.356797727999999,6.994852872,7.259415682999999,8.705143553,8.388388317,7.978161755,6.990927757000001,6.543835915,6.805416191,7.387325894,7.180350701,7.186407929,8.153088311,8.947005227,7.660558892999999,7.3309290339999995,7.36439023,7.939480076000001,6.263654101,6.086755726,6.57164704,10.51317149,8.663351892,7.911592422000001,8.41527722,7.774699189,8.4596226,10.59566192,9.70915961,8.012320642,8.065915025,7.806675157999999,7.637941192,7.26265461,11.15190051,10.95858229
Ga0242637_113658,7.678406204,7.436026762000001,7.589573572999999,8.869503098,9.004939339,10.16868475,11.30315002,11.07309887,10.65232745,12.84162726,14.08838524,13.33778841,11.35639496,9.734842678,11.18717893,11.07963388,10.64214137,10.60898763,10.79145205,11.24657792,11.8530055,10.53387995,10.57779156,10.48470869,12.70214741,12.52541053,11.55571498,11.08607906,10.90843306,11.69592158,10.2218748,9.644816404,10.03852773,12.65918197,12.30747907,11.7351008,11.15486302,11.11603812,10.84117672,12.04476602,11.44766028,10.04494055,10.14211355,10.74863398,11.04375786,9.884680707000001,12.52581426,12.26440651
Ga0242637_113659,6.862502719,6.394709184,7.023544206,7.474620292000001,7.704303491,8.369715925,9.184589445,9.142121446,8.510732181,10.88130528,12.06172774,11.41882391,9.58322062,8.106752615,9.222382459,9.350567437,9.143271299,9.156667491,9.461761504,10.06202666,10.40142815,8.916795279,9.2436363,9.320080049,10.431738900000001,10.02009111,9.288261057,9.023540581,8.793281077,9.124814417,7.78507701,7.589362186000001,7.8163106120000005,10.73999906,10.17512936,9.725277946,10.02707843,9.995174856,9.269460637,11.53492259,9.886811315,8.57254077,8.762667446,8.698156421,9.408179999,8.117507529,11.97258279,12.10309067
Ga0242637_11366,3.893771605,4.076708291,3.946745494,4.039622844,3.629237593,4.323638534,4.3619100589999995,3.956726771,3.7300873130000003,3.450563658,4.023771416000001,3.7054419960000002,4.216089736,4.026822059,4.108128152,4.4900135830000005,3.891911795,4.291204563,3.409865375,3.00415308,4.066657595,5.094429967,4.994320674,4.924648265,3.844348227,4.293160833,4.497285518,4.088157498999999,3.977831842,4.106914192,3.821877488,3.7278747230000002,4.137988429,4.4976423510000005,3.889328561,4.072968604,5.152609088,6.5309503410000005,4.236306217,4.714516113,4.198123123,5.579486505,3.4946380269999997,4.251984307,4.079391123,3.917989517,4.94560721,5.131981726
Ga0242637_113660,9.055585555,9.049198975,9.104206619,9.043730105,9.152525053,9.672591073,10.24834865,10.03266982,9.883966831,10.98841705,11.88879424,11.36521568,9.435908652,9.443077691000001,9.706299852999999,9.522082965,9.381450078,9.506324123999999,9.343871635,9.312509823,9.378655375,9.063464768,9.29930967,9.188056914,10.06881846,10.29084253,9.492490265,9.752482786,9.589095691,9.854290201,8.661898953,8.684488955,8.846894441,10.51107054,9.174788264,9.08567856,9.589845744,9.174987521,9.655084192999999,11.77733569,10.12783832,9.32750546,9.546514963,9.282310534,9.121859537999999,9.036854982000001,12.17199328,12.32637037
Ga0242637_113661,7.008488627,6.9331528339999995,7.049310683,7.5562524820000005,8.052752052999999,9.647980324,11.46125727,11.19873902,10.48223672,12.36016452,15.22910353,14.38976029,10.111490400000001,8.552743227999999,9.723142789,8.948041259,8.648487316,8.979163808,9.71068011,10.8574451,10.97970389,11.66466144,11.95108149,11.56655752,10.373759300000001,10.31380221,9.062543376,8.916516852,8.524922465,9.274591068,8.304096309,7.763624688999999,8.030302472999999,11.76090379,10.83230662,10.51803988,9.583019977000001,9.39899405,9.408576326,11.40106144,11.30293538,8.887386337999999,9.233787157,9.82520952,10.01617277,8.510869757,12.23059327,12.04031845
Ga0242637_113662,4.529878847,4.363461633,4.820505525,5.333525783,5.256720726,5.86244039,4.8185851060000005,4.857499627,5.271436136,5.362081109,5.454693014,5.129307492,6.399630557999999,5.835056992,5.798018383,10.26066276,10.31536138,10.576659,11.98917435,13.126520999999999,12.89367046,14.08467608,14.12910019,13.92404718,4.414305016,3.9026848060000003,4.2374047710000005,3.720385549,3.82616232,4.789837801,4.742474206,5.084155163999999,5.1002818780000005,6.31593178,6.424071346,6.968215809,9.061172177000001,9.995174856,9.237532771,9.718504442999999,8.818928849,7.983203905,8.748901399,6.085617447000001,6.082718732000001,6.164487599,9.464527506,9.855180422
Ga0242637_113663,3.698529345,3.527960989,3.0999819539999995,3.285877101,3.522085263,3.4349120319999997,3.388118941,3.54034049,3.618475267,3.450563658,3.914464957,3.5782764410000003,3.136324976,3.2570464360000004,2.64618703,5.041600655,4.470061133,4.1660756469999995,5.595786167000001,6.4143704,5.837348212,7.96900613,7.790446735,7.419691114,2.757788731,3.2130425060000003,2.501599896,3.0165719139999996,3.454475608,3.0280757019999998,4.134656991,3.925246862,3.527022611,4.127524908,4.058751566000001,4.175373085,3.7220789030000003,5.0681414689999995,4.095618047,4.632733889,4.7092957680000005,5.4570823410000004,5.944906754,3.224071216,2.792585865,3.466003933,4.818322602,4.871888998999999
Ga0242637_113664,7.9241336460000005,8.133417807999999,7.959190565,8.391943288,8.376221194,8.522902125,8.144931124,8.020323723999999,8.04810617,7.5109016660000005,7.4154841760000005,7.261765471,8.615779777,8.591453997999999,8.585407037000001,7.954780788,8.084976486,8.044144527,7.358458542,7.247838725,7.401913389,7.338747958,7.148351292,7.01875812,7.958026618,8.078044596,8.05871406,7.76344643,7.7313784629999995,7.590414352000001,7.965518611,8.014124599,7.837130878,7.8809333939999995,7.640067287000001,7.506309309,8.200165012000001,8.163579152,8.377765111,7.80863117,8.086554298,8.075760425,7.926098597999999,7.89647349,7.650913388999999,7.83136893,7.471570599999999,7.702903251
Ga0242637_113665,8.879843796,9.140057849,8.724655432,8.198766158,8.183707978,8.278138853,7.774216217999999,7.583772084,7.666532472,7.305185537000001,7.453230482,7.772852362,7.841037664,8.776417717000001,8.600071131,6.569465856,6.254945379,6.479865369,6.535085897,6.841079783,6.412707192999999,7.418824905,7.85132434,7.498278656,8.136015956,8.34568982,8.297520527,8.393121005,8.781107334,8.586082947000001,6.918364363999999,6.818830758,7.229101591,7.333282114,7.152258108,7.099389963999999,6.311006991,6.342794463,7.13898638,6.566714891,6.744630009,6.845625117999999,7.458061492000001,7.358457914,6.817725212,7.211972161,6.247439525,6.178165077
Ga0242637_113666,10.43073374,10.43782504,10.53342063,10.44335095,10.26240324,10.29001089,10.10646365,10.289450800000001,10.23767033,9.634960779,11.24499261,11.08566425,10.05875085,10.11513999,10.34833742,8.594144676,8.483959674,8.403804300000001,8.567217695,9.108183927,9.245783158,8.60400639,8.670442264,8.398044766,9.937048421,10.04774543,9.57187886,10.87920908,10.69014781,10.90507106,10.22679597,10.06175133,10.25024494,9.801208649,10.49051875,10.441644,9.137696637000001,9.163671882000001,9.038822564,7.087959745,9.060363027000001,9.398136862000001,8.643724295,10.2049367,10.50104917,10.36714978,7.340513119,7.111271886
Ga0242637_113667,13.00806932,13.17576611,13.12905551,13.48884369,13.54675364,13.46849242,13.25705773,13.27465363,13.3298413,11.81013734,13.24145641,13.03349063,12.41106333,12.65426771,12.55966866,10.98956969,10.97127227,10.84813624,10.65510074,10.53993795,10.57637783,9.889914073,9.839587165,10.14549075,11.28115152,11.0990128,11.60435698,12.76338642,12.90670822,13.02699332,12.13293624,12.15557331,12.39373845,11.54754868,12.1330295,11.70066975,11.51724574,11.4615463,11.67678968,10.45958499,11.788124400000001,11.68714584,11.70474808,12.29024467,12.24169568,12.33117473,10.62058408,10.55035107
Ga0242637_113668,6.415724062000001,6.292599391,6.026686716,6.058697844,6.114599127999999,6.064438497,6.533433323,6.326571788,6.356197963,7.120051687,6.90445196,7.02251506,6.572848694,6.5725344560000005,6.589069072000001,9.792510514,9.729237097999999,9.909372885,10.0819229,10.37018855,10.1576015,10.378411999999999,11.04649833,10.55224333,6.625799302999999,6.456023328,6.184681404,6.015672426,5.802066796,6.383022246,6.151941432,6.006632882999999,6.441574532000001,6.820548133,6.0924001,6.453754603999999,8.352438823,8.929865731,8.824510788,9.545461363,6.261601092,6.692014487000001,6.478262735,6.281153743,5.876712489,6.238819485,9.854926074,9.06178402
Ga0242637_113669,7.295286537000001,7.100980322000001,7.082964497000001,7.753727832,7.5870471639999995,7.606583463,7.607547632999999,7.5278810510000005,7.599815156,8.204117154,8.386908315,8.064098677,7.917093979,7.595318441,7.9316100060000005,11.33847453,11.45584891,11.53992507,11.81698545,12.04971178,12.02505721,11.60688483,12.04091861,11.66987355,7.709490893,7.900653682000001,7.760359455,7.440550915,7.36439023,7.55534719,7.3233265020000005,7.133192304,7.229101591,7.902469684,7.874594502000001,7.6964623560000005,9.623498387,10.08788509,10.4578839,10.96637337,8.028807421,8.054922361000001,8.233465163,7.521856122999999,6.646816487000001,7.211972161,11.30908074,10.56267903
Ga0242637_11367,4.06343774,4.139153812,3.783277731,4.323454215,4.325924049,4.0230464239999995,3.748712635,4.025988985,4.251042272,3.1652587430000003,3.3486969460000005,4.116088736,4.0761650860000005,4.543578041,4.542587383,4.281559972,4.138748662,3.4955664389999996,3.2071134580000003,3.803921163,3.469757717,4.51831327,4.668031599,4.7619335519999995,4.159436799,3.652763928,3.820616643,3.609195169,4.176888662,3.9350153569999997,3.987546693,4.174672094,3.634407682,3.8587559139999996,4.208962548,4.270522828,4.090071432,4.737982187,3.551058527,4.246408504,3.5755614760000003,5.067434938,3.9712646019999998,4.309901821,3.4799555860000004,4.419220102,3.442297762,3.707348591
Ga0242637_113670,6.806558551,7.441993517,6.9705861570000005,7.618385545,7.6873114760000005,7.622631759,8.763277101,8.69652956,8.588478954,9.057682155,11.11787193,10.33517637,7.085035627000001,7.434235255,7.377652181,7.772554242000001,7.942116276,8.14782074,7.916382691,8.279036241,7.847803849,8.413947582999999,9.096355552999999,8.464781863999999,7.01030417,7.000280496,7.26128205,7.306313348,7.269940597000001,7.63139925,9.646884471,9.866172471,8.689817608,9.198102347999999,10.13955214,9.769260804,8.655453538,9.087874116,9.06634699,10.06132577,7.709815247000001,7.597740665,8.058493022999999,7.255014771,7.011311974,6.96324555,9.793636361,10.11719819
Ga0242637_113671,4.472236948,4.51037202,4.503928157,5.2034207839999995,4.783241701000001,4.890225764,5.670000819,5.425134765,5.763272576,6.013336689,7.2749985310000005,6.816033568,4.458824889,5.23622359,4.904735846,4.281559972,4.784519682,5.3619242730000005,5.355480453999999,4.860785042,5.047435514,5.669565534,6.374626861,5.965935097999999,4.414305016,4.175237798,4.765490421,4.2396179919999994,4.237162325,4.739959922,6.567059952,6.320010186,5.734932025,6.250145991,6.961558734,6.40381689,5.152609088,5.628299527999999,6.624966248,7.458294252000001,4.3167515430000005,4.88837244,5.143286713999999,4.613783816000001,4.079391123,4.31027734,6.887483154,6.795387807999999
Ga0242637_113672,7.131959527999999,7.284872882999999,7.305949855,6.880146112,7.062419296,6.924666512999999,7.43052404,7.076528389,7.296984431,8.019168194,7.813923289,7.973398409,7.448517384,7.27417837,7.271685452000001,7.346253517999999,7.1914778429999995,7.599435756,7.777738027000001,8.135976053,7.9981092910000005,9.483896582,10.06188646,9.369682282000001,7.3058881410000005,7.308865021,7.647583758,7.485094512000001,7.741468267,7.53389005,7.708318915,7.897080627,7.649768307,8.07928486,8.277916814,8.141984516,7.249930782000001,7.403416726000001,7.07715465,7.733526702000001,7.213317131,7.176809015,7.556203486,7.0641762660000005,6.840565294,6.80609677,7.909376407999999,7.905809417
Ga0242637_113673,9.309945156,9.249536491,9.279433097,10.20776961,10.19489432,10.25355651,10.41908824,10.31195687,10.22223303,9.776907665,10.33994843,9.427362873,9.967519455,9.681020334,9.666217662000001,11.37730221,11.57290508,11.60220453,11.31594332,11.62452443,11.60310735,11.02178354,11.30767543,11.38291837,9.196862132,9.145872133,9.479738623,8.439117534,8.370980472000001,8.593014311000001,10.16967409,10.19166251,10.17355011,9.79200887,9.801123428,10.24753183,12.33133635,12.78138829,12.36993596,11.889674099999999,12.83896733,11.90167784,12.26776893,10.72754405,10.64735259,10.479255,11.83739517,12.15738649
Ga0242637_113674,6.675250136,6.305766856,6.280202598,6.7286603860000005,6.363485515,6.585493385,7.119604227999999,7.279746162,6.750306935,6.988511357999999,6.699733755,6.559383887999999,6.81492712,6.555209892000001,7.033057359,7.672008443999999,7.700246702,8.210464453,7.78580036,7.8072479679999995,7.5730877439999995,7.43432001,7.492166087999999,7.8673901420000005,7.047319953,7.267629405,6.969542612000001,6.747156146,6.275628467000001,6.672313727000001,6.9756598489999995,7.005294172999999,7.026401446,6.899833195,6.656075567999999,7.0287260929999995,8.384200191,8.929865731,8.632244456,8.394440572,8.528799702999999,8.143123314,8.073299027000001,7.345086954,7.145730761,7.174647137999999,8.117137159,8.396888272
Ga0242637_113675,7.918869827000001,7.697760917,8.021234957,8.129348007,7.928121815,8.083198881,8.422466807000001,8.258703504,8.470228718,9.57402581,8.210843254,7.832130964,8.684117922999999,8.761406868,8.703281061,9.993331525,9.999336764,9.88197409,10.76008827,10.47387429,10.34052715,10.65945996,10.802483500000001,10.68831679,7.972525702,8.045895548999999,8.083009652000001,7.95505138,8.161535458,8.721916791,8.432343351,8.462823065,8.477512131000001,8.849161847000001,8.454805364,8.180996596,9.329341951,9.501423252,9.452698234,9.217179238,8.691816105,8.401528901,9.535866178,8.560365478,8.262629092000001,8.263254097,9.40019078,9.463512627
Ga0242637_113676,10.35773829,10.21648306,10.17251788,10.70902496,10.497394400000001,10.72843741,10.73251734,10.64831886,10.79927046,10.5798865,10.60696476,10.47911602,10.16028523,10.39347378,10.33452026,10.89127243,11.04784909,10.84505504,10.65839703,10.70568268,10.62095886,10.59027876,10.61190412,10.52279154,10.59522812,10.73827609,10.38573184,10.40733541,10.34543385,10.38920342,11.24470871,10.95308228,11.26170229,10.83879422,10.62523508,11.60737797,11.23542318,11.27958831,11.03531169,11.60637184,11.2067174,11.0674292,10.92167079,10.61303031,10.61628247,10.71253859,11.48092781,11.79710472
Ga0242637_113677,10.61204882,10.66006254,10.69234925,10.74775214,10.70786433,10.67366495,10.92096634,10.93921724,10.88229433,11.10975097,11.29909172,11.19317559,10.4262382,10.53423994,10.4265164,10.83891308,10.73993981,10.74215005,10.48977694,10.46709844,10.58515493,10.11804555,10.200898800000001,10.120872300000002,10.56684791,10.7103494,10.5489702,10.51504424,10.53858571,10.52405052,11.32400495,11.26197145,11.30530461,10.67830128,10.62603871,11.34342913,10.76028955,10.90461252,10.74580986,10.51248028,11.28366945,11.07779429,11.01472039,11.06980464,10.77426175,11.00009591,10.67597783,10.74321218
Ga0242637_113678,8.317212741,8.580016012,8.321662388,8.205527692,8.0703329,8.226578098,8.696042488,8.489784223,8.514358535,8.917552929,9.411162281000001,9.281429207999999,8.508429682000001,8.492656625,8.491527478,8.720325621,8.790415291,8.655309771,8.688267154,8.183052507000001,8.092607441,8.158145805,8.26332862,8.069626552999999,8.42315446,8.604843022999999,8.45100546,8.446643015,8.513193956,8.290211272,9.340401049,9.47332125,9.115373655,8.312722747999999,8.525427237,8.894915779,7.836799837999999,8.354836038,8.366737219,7.633786882999999,8.569867899,8.577419286,8.598384709,9.105340887,9.05024842,9.175506243,7.591700293,7.557128287
Ga0242637_113679,11.26296237,11.37122343,11.07316048,10.89041337,10.97261309,10.92990967,11.00430402,10.88576406,10.73545729,10.35529518,10.65733838,10.75825618,10.79002252,11.06255239,11.07881183,9.880733407000001,9.89888331,9.99970569,9.405329032000001,9.069339498,9.20080347,8.728595662,8.763115066000001,8.866354388,10.33408175,10.33640222,10.48842203,10.87224113,10.91457552,10.72670926,10.26748421,10.50329792,10.34412544,9.778098258,9.743041537,9.742430642999999,9.520089691,9.797047559,9.998894443,9.210272332,10.27522791,10.21891884,10.36000292,10.63653465,10.25996609,10.40871109,9.309686408,9.125960658
Ga0242637_11368,5.003826086,4.414199049,4.3423987539999995,5.308440455,4.441439466,5.0266480069999995,4.853537622,5.030295955,4.569903974,4.042654659,4.12472298,4.2014779110000005,4.280950425,4.613495265,5.409213908,4.163986673999999,4.138748662,4.745062231,3.409865375,3.261710257,2.653701924,3.208116214,4.109167166000001,3.390490989,4.979232842,4.84416264,4.436793403,4.375801711,4.176888662,4.396006508999999,3.6315993030000002,3.8303429139999996,3.634407682,3.51860132,3.6943890839999995,3.634319656,4.615431697,2.910528862,3.85194072,5.238749722,3.5755614760000003,4.351588736,4.418181822,3.755778032,4.3663536910000005,3.991945537,4.145636678,4.871888998999999
Ga0242637_113680,9.777949745,10.01716726,9.831591414,10.05050227,10.06720624,10.03221233,10.20147268,10.14278646,10.20998677,9.368410662999999,10.20684356,10.29829013,9.302393149,9.825131582000001,9.741996712,8.730358949,8.945680197,9.093674495,9.693644547,10.18604516,10.08520088,10.48823115,10.65522002,10.23424003,9.515049165,9.709775595,9.882614393999999,10.22354217,10.37812915,10.52767236,10.31076907,10.44005276,10.24927459,9.468795952,9.754846495,9.879170678,8.731500201,8.592807361,9.165124806,8.198946452000001,8.958011119,9.022303542000001,8.697271232,10.43287274,9.890588672,10.21651996,8.531778256,8.098787236
Ga0242637_113681,10.47174372,10.69669307,10.505013900000002,10.52534326,10.52872655,10.62737137,10.80472514,10.792814300000002,10.71669424,10.07188185,11.06477897,10.96949119,9.99585043,10.3313045,10.28924366,9.196247362000001,9.342752059,9.404513015,9.798951301,10.52435638,10.35232728,10.98807036,11.36010182,10.933026,9.998546855,9.987672035,10.26882885,10.6877031,10.81838329,10.88403332,11.08043244,11.23756359,10.88438644,9.631075825,10.19367885,10.20885486,9.353608667,9.334862603,9.731573792,8.544774964,9.594435563,9.549796313,9.557085719,10.818601300000001,10.86331227,10.87136084,8.779508541,8.474340772
Ga0242637_113682,5.419130355,6.168325499,5.739873769,5.703720787000001,5.658564936,5.689743465,6.073453281,6.2175516570000005,5.925110496,6.1429633710000004,6.746118336,7.0670811339999995,5.813267869,6.073136366,6.117148726,4.83117596,5.001430864,5.276034084,6.373073995,7.285317455,7.320119922000001,8.366288349,8.865027272,8.192865056,6.027107316,6.273416267999999,6.129644375,6.274885413,6.482553717,6.685357821,7.553927226,8.122378555,6.8531510860000004,6.1087839420000005,6.565027485,6.82388959,4.995296209,4.737982187,4.824724139,4.714516113,4.870542887,5.7279088929999995,5.085476312,6.502302327000001,6.722560023,6.309494405,4.8834059430000005,4.252491295
Ga0242637_113683,7.865147105,8.151732834,8.137848253,8.361995234,8.478517502999999,8.350575812999999,8.13446016,8.121961444,8.15883583,6.9786396029999995,9.044804574,8.914890175,8.352829266,8.313859136,8.289220208,7.552654322,7.669296257999999,7.639835063,7.801791045,7.890651932000001,8.035191072,8.802077452999999,8.879711612000001,8.503390569,7.846997257000001,7.914074058,8.139701715,7.339041722999999,7.297563602,7.88403661,7.2243926489999994,7.467747577999999,7.364368245,7.268396496,6.991822982,6.620408965,8.182208989,7.81865842,8.500555287000001,7.284988808,7.859303392999999,7.938395996000001,7.743752959,7.461182346,7.234604227,7.430370486,7.638943245,7.357675907000001
Ga0242637_113684,6.760183736,6.673818836000001,6.3089635610000006,6.621400072,6.659364554,6.268978306,11.36042324,11.17392513,9.404622926,8.274351869,12.74146757,12.76292006,5.770013193,5.531674586,5.673617144,12.41409552,12.97679856,13.39450704,13.76549179,14.40938354,14.1881196,14.03823245,14.06523328,13.87428507,4.0874184730000005,4.595882851,4.715826794,4.2396179919999994,4.4034040480000005,4.520405555,6.7964464179999995,7.170365951,6.632524185,7.268396496,6.551537317999999,6.713500741,11.61584222,12.42705825,12.31935957,12.73291282,11.18799853,11.81810747,8.35960522,5.421062803,4.982365562,4.658919033,13.01609751,12.54129824
Ga0242637_113685,3.5882946430000002,4.076708291,3.692998448,2.669405787,3.404506301,3.5378787089999997,7.112505014,6.911542917999999,5.5526919029999995,5.017927646,8.574087707999999,9.401508859,3.136324976,3.154430736,3.456396836,8.03792879,8.556780703,9.327124088,10.2903337,11.27556451,11.09392982,11.81200503,11.8943652,11.58841979,3.2934309839999996,3.2130425060000003,1.764951351,3.486982523,3.454475608,3.36495514,3.821877488,4.013713061,4.066401976,4.065284571,4.135963082,4.48280585,6.311006991,8.105619707,7.890070091,7.469911105,4.621105128,5.894103462,3.283209092,3.0803301339999996,2.792585865,3.3514834060000003,7.939875227000001,7.034623732999999
Ga0242637_113686,11.00373119,11.11259435,10.9858509,10.7167357,10.73153459,10.65818204,10.37603996,10.34142901,10.3983791,10.44668603,10.9556355,10.73687818,10.73995488,11.13749094,10.98230698,9.297569232999999,9.215733425,9.12449859,9.282530304,8.789792246000001,9.207315643,8.894569957,8.969394242,8.933866613,10.95717276,11.25169524,10.89810915,11.30161709,11.18741121,11.46278154,10.25982202,10.29935164,10.11615924,10.28546995,11.01273876,10.48124939,9.369562627,9.273022078,9.645991715,8.293481856,8.917676066,9.33904146,8.864057047000001,10.62897213,10.61131492,10.60937094,8.36200508,8.33434421
Ga0242637_113687,7.803644511,7.914922082,7.577822742,8.056418981,8.163373927,8.254306349,8.422466807000001,8.144432952,8.291562063999999,7.87768701,7.516997896,7.327342841,8.049151842,8.147738045,8.095830525,7.9633146560000005,8.075565673,8.00932974,8.306495571000001,7.999863391,7.928860299,8.176685337999999,8.138629441,8.008301083,7.8205249939999995,8.308913039,7.7842664710000005,7.9497645939999995,7.626395929,7.497402861,7.71393922,7.367292872,7.678895669,7.333282114,7.26392048,7.3359041089999995,7.925825862999999,7.833018665,8.117629001000001,8.142007279,9.072661119,8.875552284,9.470268016,8.304769784,8.27105422,8.430852407,7.962333384,8.091241531
Ga0242637_113688,9.4892996,9.574037686,9.511722884,9.766059269,9.761146904,9.740328716,9.480261229,9.461338811000001,9.443180951,9.103792866000001,9.044804574,8.884103153,9.987644544,9.933725458,9.727601225,9.587016876,9.72020772,9.571905365,9.376262789,8.789792246000001,8.940425785,8.437199395,7.780045832000001,8.192865056,9.178221682,9.279738392,9.311063857,9.291411839,9.023599602,8.84023949,8.974338713,8.84820559,8.897322287,8.762324794,8.957029272,9.045594075,9.589845744,9.737237961,9.828526453,9.773424169,9.785856374,9.661976562000001,10.18874365,9.826412317,9.851801651,9.990444508,9.698755162000001,9.848483037000001
Ga0242637_113689,7.295286537000001,7.244470949,7.040772955,7.812492614,7.9802037839999995,7.966508094,8.351914273,8.184742846,8.199951644,8.321947575,7.8915739170000005,7.711032034,7.871943181000001,7.946750816000001,7.90823009,8.908821746000001,8.849580032999999,9.040790612999999,9.444044025,9.428667529,9.384413718,9.710714047,10.08107261,9.830787077,7.928583672999999,8.1055989,7.993560688,7.570254061,6.985684795,7.291176021,8.472677772,8.765636902,8.356559892,7.786795313,7.9432784960000005,7.911592422000001,9.09994177,8.782300147,9.279294897,9.210272332,9.597275837,9.05764492,9.359889676,8.557470841,8.344744454,8.291413237999999,9.026821419,9.259859287000001
Ga0242637_11369,4.140753994,4.011185824,4.021383903,3.3965277680000003,4.384900493,4.0230464239999995,4.090398034,4.091802658,4.016152236,3.9610702360000003,4.023771416000001,3.5782764410000003,4.1479527,4.2664301039999994,3.989110611,3.3312073310000003,4.281103862,3.9532778719999997,3.5826343030000003,3.803921163,3.2608517239999997,4.632374016,4.109167166000001,3.8026455180000003,4.292841717,3.9026848060000003,4.373513282,3.486982523,4.047550568,3.8398030480000003,3.987546693,3.8303429139999996,3.8248971380000003,3.7001612999999995,3.976769105,3.840785215,3.7220789030000003,3.662028972,4.236306217,4.791768251000001,3.761569239,4.442236701000001,4.418181822,3.839256689,3.4799555860000004,3.5704800810000004,4.602649512,4.721248791
Ga0242637_113690,7.548082394,7.494611288,7.428792649,7.57203857,7.737698357,7.529234889,7.47547666,7.463789958,7.508194229,8.061847038,8.194224763,7.515932554,7.693129156,7.512548612000001,7.6271936160000005,8.069890601,8.056557797,8.004918199,7.793817868,7.61462407,7.770740965,8.194989582,8.071988999,7.906332902000001,7.394719635,7.362072571000001,7.375876508999999,7.043797226000001,6.842956986,7.109666259,7.736203905,7.70151184,7.413724397,7.7058138629999995,7.640067287000001,7.43360073,8.164026599,8.19726879,8.099978569,7.458294252000001,8.691816105,8.238612342,8.735002714,7.580079252000001,7.821241538,7.631055507,7.221390161,7.568043933999999
Ga0242637_113691,8.260085344,8.114867209,8.278765434,9.036164698,9.183143522,9.096149115,8.9559532,9.033955876,9.101314017,9.012468148,8.788531235,8.804132096,9.390392622,8.831356936,8.609765024,10.76030575,10.59517252,10.41899953,10.03873073,9.706930885,9.792189248,8.784054937,8.725673877,8.89567592,8.718058064,8.585405102000001,8.665676649,7.873639452999999,7.848032344,7.944908966,8.741085138999999,8.525103991,8.743180571,8.970339232999999,8.644437576,9.204030197,10.89314707,11.00471391,10.59175903,11.50842193,10.47220052,9.998412642,10.73760891,9.537158532000001,9.776879291,9.575387486,11.51676842,11.84106403
Ga0242637_113692,5.641014178,5.673836388,5.29665076,5.6648314410000005,5.813320753999999,5.729961299999999,5.935121981,6.0042588189999995,5.925110496,5.913007532000001,5.873434585,5.6839969660000005,6.119067012,6.060897007,6.117148726,6.2443583579999995,6.471641826,6.168321925,6.351476382,6.564324514,6.055767905,7.305428628,7.164439814,6.888596116,6.550401957999999,6.763643847000001,6.792151821,6.771351833,6.529946292999999,6.698284781,6.030800039,6.106106572000001,5.998652823,6.9420648289999995,6.482121393,6.576018612,6.71277151,6.846441292000001,6.90478613,6.877218346,7.040338294,6.692014487000001,7.185603978,6.440712818,6.7469474510000005,6.376856579,6.948788762,6.9536676360000005
Ga0242637_113693,6.430615562000001,6.279310178999999,6.235952271,5.849499729,5.894779528,5.825823053,6.1861335760000005,6.129989577000001,6.184406567999999,6.051582681,5.9548551320000005,5.595124285,6.399630557999999,6.23435924,6.2222114710000005,5.746170234,5.531821900000001,5.638812633,5.769137488999999,5.872266967000001,5.90322142,6.458368144,6.402054491,6.2038558429999995,6.754537032999999,6.743722994,6.338170869,6.722546896,6.824078915,6.577537127,6.579440329,6.461837488,6.400143138,6.209178631,6.284199342999999,6.5114776679999995,6.018255341000001,5.414567487999999,5.47661902,5.000863439,6.86274643,6.673889269,7.340555848999999,6.3631455610000005,6.360976475,6.102121777000001,5.686739139,5.823730594
Ga0242637_113694,9.139427475,9.104774066000001,9.148560388,8.875874695,9.095718852000001,8.980559497,8.844746283,8.763384249,8.857609664,7.2322993229999994,9.309395893,8.118019935,8.223019029,7.796518967999999,7.9199674270000004,10.37059032,10.499903999999999,10.61261591,10.29598849,9.499445343,9.700535528,10.69525775,10.62648774,10.46202042,9.969932682,10.08480118,9.872894372000001,9.870472642000001,9.979456062,9.804401457,7.449985000000001,7.669422381,8.293938268,8.381811222,8.923426819,7.7332751470000005,11.30758717,11.34240735,11.23041817,11.63308583,6.172806286,5.862371464,6.038661895,9.237803222,8.969729653,8.61480958,11.61864997,11.70556924
Ga0242637_113695,8.737626962,8.674241821,8.576090104,8.549048305,8.574036984,8.719717529,8.652677473999999,8.583215013,8.668771719,7.359431623,8.864013526,7.424719487000001,7.43478096,7.530373099,7.6176143860000005,10.49349845,10.68453772,10.95088469,11.28642094,11.13558413,11.20628821,11.58449935,11.73862615,11.46914998,9.715085047,9.552790542999999,9.690459067,9.236035423999999,9.369278415,9.210686512999999,7.293602171,7.133192304,8.274990563,8.243536582,8.330144527,7.552821245,11.15945857,11.12043433,11.24554597,11.31031451,5.867785784,5.499061404,5.844589955,8.96385324,8.399564521,8.41494221,11.32505207,11.31173546
Ga0242637_113696,7.228758716000001,7.447935677,7.006106933,7.2178928010000005,7.2125307979999995,7.441480682000001,7.637522466,7.2864996170000005,7.425844642,5.993824463999999,7.560878787999999,6.10415414,6.250563057000001,5.6510635570000005,5.912470496,8.899959575,9.557373417,10.04981135,10.54067882,10.76212938,10.71306983,11.42405262,11.73391974,11.19522553,8.362065693,8.519628197000001,8.309924629,7.873639452999999,8.007026793,7.982349519,5.590347098,5.808096677999999,6.932733707000001,7.234824367000001,6.930645001,6.124232647,9.527219049,9.630322167000001,10.02718291,10.17565582,4.944709092,4.03641017,4.8271728110000005,7.66322959,6.906989471,7.18969335,10.02634467,9.939529991
Ga0242637_113697,9.309945156,9.359191193,9.397744845,9.696973408,9.614593227,9.710615038,9.600509382,9.359380679,9.869883107,7.975187743999999,9.770008383,8.537550414,7.897201269,8.272103392,7.900351787999999,11.49009936,11.7224529,12.04152467,13.27060981,13.502213399999999,13.407150199999998,14.22055187,14.54400088,14.01271923,10.17500297,10.41085498,10.59446076,9.60392607,9.76998343,10.12324455,7.902932149,7.475192519,9.009318083,9.396279091,9.388782393,8.313839922,11.39396986,11.31326117,11.96117748,12.56407099,6.703001936000001,6.81287756,7.185603978,9.580575363,8.481709724,9.332800614,12.26675017,12.43019082
Ga0242637_113698,3.00145839,3.425456982,3.3742476210000003,3.024689424,2.744398912,2.6922148339999996,2.4060372180000003,2.4271808669999997,3.2040458910000003,3.1652587430000003,3.152346767,3.4363628139999998,2.963087176,3.040961976,3.1287230089999998,3.3312073310000003,3.586637633,3.9532778719999997,3.409865375,3.261710257,3.8028251330000002,3.735313503,3.3872535110000004,4.475591067,3.425532893,3.453203863,3.19503281,2.7970937510000002,2.7038793560000003,3.209420395,3.127659418,3.493771372,2.957319384,3.416535432,3.7955693239999997,3.2906310889999997,4.995296209,4.122987674,3.551058527,4.246408504,2.713663973,4.950622766,3.283209092,2.439497919,1.764951351,2.9136076980000003,4.602649512,5.190157933
Ga0242637_113699,10.9943799,11.03579781,11.01717697,10.90554303,10.87284111,10.87515892,10.91791726,10.92630863,10.86890261,10.96425118,11.28999772,11.01637917,10.44605225,10.63237839,10.4980685,10.99478132,11.33831877,11.54068706,11.89124354,12.12309779,12.11957406,11.94905865,12.33844237,12.18375658,10.84806478,10.89591824,10.86346884,10.641732300000001,10.70761878,10.60427824,11.11641018,11.28808753,10.95214579,10.42962074,10.21626846,10.399013,10.74202214,10.68080466,10.77529611,10.45082162,10.7715329,10.583825599999999,10.82548616,10.83602343,10.79631562,10.69946447,10.46940197,10.354704400000001
Ga0242637_1137,7.8206797560000005,7.737111131,7.595413269,8.078687492,8.179664037,8.298257897000001,8.923887294,8.914840932,8.866148852,9.248332084,11.55259736,10.64988136,7.732956367999999,7.582561306000001,7.789554227999999,8.83169885,8.986419083,8.779298346000001,8.866061477,9.192760276,9.095914189,9.468933157999999,9.558544152,9.561789244,7.4783933110000005,7.487085465,7.647583758,7.5283029720000005,7.519042742999999,7.617866652999999,10.61247574,10.92074275,9.856797475,9.746300118999999,10.71332634,10.41985894,9.41639245,10.20290143,9.627633011,10.37718884,9.216298581,8.662523607999999,9.350805017,8.085182177,8.073281251000001,8.186609239,10.139048800000001,10.55584318
Ga0242637_11370,3.893771605,3.6224631489999997,4.092030704,3.590839983,4.384900493,4.0230464239999995,4.149254746,4.2144303910000005,3.927618893,3.316819254,3.6635147669999997,3.7054419960000002,4.5133345810000005,4.351503758,4.163871943999999,4.389752078,3.465611188,3.9532778719999997,3.7340261939999997,3.942535777,3.003423942,5.094429967,5.37497316,5.380361131,4.011281094,3.824681115,4.08603391,4.005455174,4.350212306,3.73698757,4.444466537,4.096620832,3.910455573,3.416535432,3.6943890839999995,3.70695293,4.615431697,3.662028972,3.938295756,4.934560538,4.068024151,4.950622766,3.8313353180000003,3.839256689,4.230481,3.917989517,4.347120349,4.721248791
Ga0242637_113700,9.442387281,9.508760785,9.579562103999999,9.690963723,9.661738681000001,9.644055748,9.737099563,9.772702432,9.842739223999999,9.570746286,9.248998793,9.435878928,9.513078586,9.490500079,9.447178657,9.995413026,10.17592587,10.34589818,11.14240628,11.55657179,11.53872729,11.68988436,12.06467368,11.79509492,9.590609992000001,9.672101618,9.680941273,9.310095835,9.45299848,9.265943157,10.39187578,10.71925304,10.09902584,9.40082521,9.375462494,9.755411169,9.827853259,9.706376859,9.75994574,9.548202771,10.04288369,9.689273164,10.1350754,9.862037678,9.862990474,9.930161334,9.57793205,9.724728042999999
Ga0242637_113701,8.280748695,8.569156185,8.383706629,8.738111686,8.756136987,8.886244901,8.779047224,8.65800402,8.744829863,8.452419928,7.731852171,7.515932554,8.811787111000001,8.787574227,8.754429236,8.982029842000001,9.120574629,9.156667491,9.324635392000001,9.459036802,9.390149168999999,9.864412423,10.24314974,10.01796929,8.8070288,8.922870862,8.958717977000001,8.147436634,8.209566813,8.127869431,8.635494479,8.635508736,8.672547602,8.496699914,8.198012139,8.645292377,9.476557424,9.451117542999999,9.649028912999999,9.50087519,10.00915696,9.527282956,9.868483414,9.208580592,8.954118936,8.970920507,9.268232381,9.581296011000001
Ga0242637_113702,7.374347785,7.258064488,7.040772955,7.744470702,7.952028847999999,7.910968054,8.216173592,8.07203773,8.190915554,8.538880006,8.396625128,7.711032034,8.044637923,7.875334587,7.868400997999999,10.08219005,10.27070743,10.3580537,10.13020437,9.898401942000001,9.849515051000001,9.531482834,9.609353137000001,9.62734539,7.601680206,7.645678038,7.967696492999999,6.962089227000001,6.6311953379999995,6.785662479,8.113170858,7.998712492,8.048269402999999,8.499528737999999,8.149644094,8.430501188,10.58349,10.64259888,10.38961595,11.47279409,9.800718293,9.142386429,9.514329856,8.660882924,8.606789929,8.682821942999999,11.62862883,11.75295965
Ga0242637_113703,4.689666095,4.600275824,4.820505525,5.604439012,5.403623422000001,5.86244039,5.799848765,6.245591817999999,5.763272576,6.261851396,6.174592427,5.625366709,6.048509266,5.341670188,5.798018383,8.342683691,8.411011958,8.380156048,8.102167791,7.89873304,7.888901494,7.700910285,7.861225356,7.584857438999999,6.35739723,6.048000407000001,6.012805475,4.55761586,4.685497855,4.739959922,6.216836744,6.286498537999999,6.070920132,6.697721515,6.8667530160000005,6.816279252999999,8.743793816,9.208411433,8.546886757000001,10.00457082,7.056950334,6.7275943510000005,6.685401651,6.5843248370000005,6.392255812,6.715394002000001,9.962801682,10.24508914
Ga0242637_113704,7.892258618,7.6675271039999995,7.750002638,8.056418981,7.913585019,8.183959853,8.080933749,7.970883721,7.94975199,7.564661677,7.462514627000001,7.327342841,8.008008761000001,7.573993405,7.683369803,7.471211758,7.482506797999999,7.11742437,6.919405475,7.1698242379999995,7.141135131,7.126194705,7.012735715,6.907926396000001,7.8151717220000005,7.966540483999999,7.825173111000001,7.455552226,7.198474132,7.357828895,7.668351166,7.568632714,7.74097713,7.640665052,7.534418532,7.136521457000001,7.8819997310000005,7.460036408,7.448975807,6.710858849,8.637659504,8.244759005,8.567346723,7.937133625,7.637941192,7.767640359,6.855823241,6.617536594
Ga0242637_113705,9.703387223,9.803312701,9.706360584,9.814404222,9.828548835,9.775434887000001,9.757711084,9.718822702,9.75810177,10.12091397,10.11272066,9.732262029,9.506529636,9.662960469,9.677783802,9.659691905,9.610464348999999,9.844202187999999,9.772829629,10.17942793,10.07455482,9.542244894,9.711381488999999,9.84588763,9.659425787,9.662858573,9.585546134,9.715585569,9.594670915,9.573352536,9.552824236000001,9.493618123,9.600948509,9.373331086,9.209518184,9.225717681,9.321161479,9.180612228,9.348189193,8.944987656,10.03032838,9.727080053,9.702247047,9.752408524,9.666265347000001,9.710554464,8.80458108,8.863459264
Ga0242637_113706,8.879843796,9.062810979,8.876222468,9.068047208,9.014051641,9.117063655,9.327785457000001,9.184299300000001,9.064686681,8.953252356,9.151946429,9.0869709,8.856249245,8.738593586,8.895837261,9.01523601,9.204985558999999,9.284087246,9.067947802,9.472632466,9.367069271,8.98675005,8.840216231,9.016269208999999,8.825780697999999,8.685303316,8.846836374,8.678428567000001,8.756447232000001,8.400999614,8.704859943999999,8.661838322000001,8.884879627,8.560399259,8.462025191,8.445366741,9.227974701,9.18621509,9.160875357,8.863687222000001,9.460464864,9.256282379,9.562342192000001,9.232368879,9.084109765,9.169829519,8.93897206,8.638640569
Ga0242637_113707,9.254619036,9.367049663,9.420943534,9.529266813,9.473087666,9.579765562999999,9.759983181,9.756991787999999,9.810657844,9.647467671,11.47275298,10.75059655,9.330473965,9.479076574,9.334777817,9.608934487,9.856932642,9.946647528,10.0404161,10.42576111,10.31361859,9.720222904,9.888808882000001,9.979689844,9.33603423,9.371758537,9.05764839,9.013441894,9.103986725,9.076176937,10.5192816,10.51688352,10.00327654,9.63751042,10.15967217,10.4323478,10.01698477,10.07887761,9.984539444,10.63873952,9.167444523,9.244062342000001,9.124313979,9.428879812,9.482608079,9.593875794,10.60401864,10.71526256
Ga0242637_113708,8.764282591,8.679300399,8.426912674,8.797492708,8.54917719,8.724681381,8.77455904,8.736520078,8.595343385,8.052471398,9.408763705,8.974560504,8.931516754,8.920204308999999,9.033642785,8.705143553,8.670531087,8.556289981,8.41442252,8.392108322999999,7.9981092910000005,7.869947838,7.73767538,8.086679602,8.854764138,9.017076312999999,8.762110751,8.389220923,8.513193956,8.550917541,8.702035343,8.825092822,8.663834439,8.711994136,8.809184126,8.691745115,9.424051731,9.344916455,9.492132026,9.382980691,9.267123818,8.532907026,8.663426659,8.077119502,8.18450281,8.280917879,9.416545945,9.556853667
Ga0242637_113709,7.513573847999999,7.880192209,7.775944827000001,7.971693496,7.961481786,7.830354692,7.305386587,7.550498123,7.537010412000001,6.854579569,8.3771256,7.689821912,9.108442767,8.938670564,9.017347637,8.131764686,8.112846003,7.8363845770000005,6.714897079,5.497973493,5.361928221,6.517819203999999,6.402054491,6.4872149420000005,6.8727028279999995,6.504203996,6.969542612000001,7.272824524,7.3902768739999996,7.357828895,6.94729695,7.114239575,6.790438489,7.34591595,7.594795413,7.423623168,9.210365407000001,9.793381232,9.755725356000001,9.830839708,8.789427663,7.899962317000001,7.364835769,6.465665948,6.620656288999999,6.640671762,9.687567479,9.962455623
Ga0242637_11371,8.83304625,9.678775281,9.130580178999999,9.583474757000001,9.763850302,9.709363587,9.742854587,9.689836489,9.406575501,8.274351869,9.978454184,9.070657667,5.679373022999999,5.730621097,6.130709642999999,6.065275132999999,6.058317027,5.544226111,5.702296605,6.086052777000001,6.412707192999999,6.117484336,5.8843656179999995,5.809865286,6.8727028279999995,7.136332819,8.00377787,8.494624307999999,7.955951815,10.18303212,10.39625075,10.64283441,9.409229338,8.243536582,8.501100935,8.782342914,6.661800464,6.72840642,6.162698268,7.117810401,6.744630009,6.5796728589999995,6.646290509,6.376367494,6.262835217999999,5.678876289,7.157920715,7.212159637
Ga0242637_113710,9.277416033,9.333752496,9.379251932,10.13703601,9.981542835,9.863578477999999,10.74461455,10.79754773,10.90595253,11.30888891,13.29227414,12.51397426,9.423794919,9.488222602999999,9.227113466,10.43948153,10.44797981,10.48541203,10.39283958,10.74766436,10.70503951,10.64788091,11.05407002,10.66863533,9.473184433,9.586701574,9.241544805,8.92462285,8.900707062999999,9.224142414,12.17428205,12.30295384,11.32478017,11.50419601,12.7232854,12.30805022,11.51903487,11.92234006,11.42236348,12.26071181,10.53428094,10.16160187,10.70708534,10.01861365,10.20387076,10.17367245,12.11425796,12.59563386
Ga0242637_113711,7.934603992,7.96549732,7.884851807,7.95974454,7.823145632,7.821113017,7.79652799,7.825476069,7.724047543999999,7.708912783,7.603463491,7.668295131,7.646223174,7.755434592,7.772390982999999,7.857415906,8.094326291,8.163738587000001,8.146667333,8.183052507000001,8.167998865,7.43432001,7.400068956,7.608668442999999,7.54459296,7.629496705,7.344054214,7.9067577479999995,7.679842436,7.697220222,7.176334751000001,7.267909394,7.571162792000001,7.150909165,7.312677018,7.325224282000001,7.666413492,7.081211592000001,7.562896192,6.9783253720000005,7.445482586000001,7.62627594,7.3768240679999995,7.54542827,7.557557126,7.563369917,7.118452405,7.002785096
Ga0242637_113712,11.99072392,11.85414032,11.83928431,11.88309513,11.92318385,11.92605136,12.29456456,12.28820398,12.20713967,12.37457658,12.26833099,12.28274339,11.66467426,11.72306289,11.83348629,12.3109045,12.38031469,12.54930106,12.49882735,12.43472236,12.45361183,11.54223699,11.45874889,11.87762002,12.12415538,12.2361721,11.94176784,12.1455205,11.98840592,11.95792692,11.89954949,11.61976299,12.077906,11.96680133,12.06265032,12.026237599999998,11.81685073,11.76182678,11.78945849,11.46193188,12.48706744,12.49161251,12.25362254,12.2764493,12.0767031,12.07616951,11.69884297,11.406733099999999
Ga0242637_113713,9.297832527999999,9.497349599,9.214532316,9.741846831,9.705987044,9.813206387000001,9.745150184,9.631382347999999,9.776337499,10.1331939,8.25957984,7.646442088,9.814215922,9.970901,9.913224403,8.922013748,8.725715012,8.747966775,8.44018802,7.8072479679999995,7.761918562000001,7.418824905,7.196087837,7.560646587000001,10.02660451,10.20611503,10.34110846,8.63955938,8.824460231,8.344616793,9.817087613,9.732823239,9.856797475,9.926304484,9.671665973,10.04773923,9.296337997,8.797022606,9.075406318999999,8.715467599,10.27167644,10.00566918,10.23226565,10.18444562,9.713389353,9.945746763999999,8.600200719,8.669368577
Ga0242637_113714,7.7864056139999995,7.8491019479999995,8.059755798,7.95974454,8.034954245,7.715342149,7.695665076,7.825476069,7.826799519,8.434488154,8.490354353999999,8.154600109,7.851413271,7.673593547,7.819106962,10.18060175,10.16598519,9.959241442,10.22810232,10.66125581,10.57511958,10.83163979,10.88848994,10.67428606,8.019829502,7.749147667000001,7.723738915,8.056910262,7.833956344,7.671251269,7.483279124,7.504593671,7.507639286,8.149409262999999,8.532302916,8.862056626000001,7.968359313,7.9297252270000005,7.582097605,11.23405033,8.188025139,7.938395996000001,8.028417061,7.181683359,7.181940452,7.197157953,10.96717463,11.406733099999999
Ga0242637_113715,4.921002898,4.945517099999999,5.207248198,5.452719867000001,5.458386827000001,5.34547524,5.319638257,5.349278414,5.305575205,5.05635864,5.118479175,4.948618036,5.505452737000001,5.420737316,5.268396495,6.2160191320000004,5.446292747,5.120220928999999,5.3111713830000005,5.581083416,4.987490939,5.243817781000001,4.919580587,5.07047746,5.828255202,5.475604103999999,5.35488028,5.699056265,5.240463367,5.645488592,5.196869523,4.872372338,5.64294101,5.439406105,5.500333825,5.644964071,5.845938526,5.92592229,5.420503095,6.859655011,5.62111866,5.796717903999999,5.809527223,5.63493947,6.193474781,5.986003596000001,6.9337052329999995,6.832094877
Ga0242637_113716,10.05959778,9.914735226,10.11678066,9.775177207999999,9.982703654,9.593397666,9.767907456,9.721315933,9.577503896,10.34765091,10.684361599999999,10.79347307,10.08645981,9.644671651,9.732045925,11.30362138,10.83919319,10.83079614,10.92060481,11.32586711,11.25424661,11.89550944,11.15509599,11.6978845,9.719389086,9.669466785,9.706183832999999,10.14939566,9.977323611000001,9.961275472999999,8.679237187,8.819256301,9.171772786,9.536464839,10.23429971,10.11745668,9.011197379,9.389311342000001,8.982146268,11.82728123,9.597275837,9.648132103,10.19213851,9.140581463,8.805455732999999,9.121634102,11.61037995,11.89568362
Ga0242637_113717,9.455168339,9.683817754,9.53165071,9.369879982,9.410631761,9.354931049,9.349071007000001,9.372129935,9.350878936,9.944644856,9.655307412,9.867462476,9.309934972999999,9.424140105,9.161073467000001,11.19098403,11.03879899,11.10359686,11.28996735,11.47110612,11.41337833,12.29813529,11.69501363,12.03797173,9.245423628,8.949179369,9.512303574,9.430728041,9.278668079,9.331646551,8.578112026,8.591670859,8.857122024,9.370243585,9.956155392000001,10.09563714,8.938190002999999,9.140770794,9.374117325,11.72620421,8.876180688,9.122497822,9.489710868,9.359118964,8.793809317000001,9.065671848,11.68315702,11.71419065
Ga0242637_113718,10.6426998,10.82375845,10.65440292,10.54812847,10.43769957,10.38556002,10.52974997,10.46186562,10.48870254,10.93202626,10.939109599999998,10.98408124,10.51047284,10.68503076,10.59458389,12.35534148,12.25332178,12.43078589,12.34059725,12.32470749,12.20584071,13.24596537,12.61453718,13.02220189,10.67642757,10.38298148,10.74743595,10.884066699999998,10.68427682,10.76557038,10.13239585,10.23833404,10.22972925,10.38519336,10.9582605,11.24810053,9.954893197,10.14653916,10.35003793,13.139660000000001,10.22285569,10.07284471,10.52926841,10.42097881,9.954746808,10.13922876,13.01788516,13.2592081
Ga0242637_113719,11.46152228,11.522074900000002,11.52744485,11.50601975,11.61384784,11.5876227,11.97136031,11.98446528,11.93789699,11.67349738,12.14874137,12.07457409,11.07588422,11.18607396,11.23376162,10.87666683,11.00326115,11.18041475,11.77559211,12.46190101,12.40557676,12.76351743,12.88673101,12.6991832,11.3572345,11.29122217,11.42165721,11.82377183,11.92315747,11.92431783,12.21917536,12.22177373,12.081454199999998,10.96336751,11.79180163,11.57564097,11.04739287,10.921505999999999,11.0629015,10.69300759,11.571980400000001,11.60053835,11.67472761,12.26518419,12.39070735,12.09850241,10.80788341,10.89175168
Ga0242637_11372,10.7391638,11.42000978,10.94870788,11.62079012,11.55419452,11.53737782,11.50762862,11.5485479,11.3416506,9.139648793,11.654304,10.40298085,5.337388894,5.381752594,5.5576329520000005,4.281559972,4.409928452,4.787419622,5.769137488999999,5.2661502030000005,5.658047511,6.263673055,6.506815658,6.32397988,7.3730196910000005,7.5854370620000005,9.34561052,10.2191553,8.900707062999999,11.98254723,12.25887508,12.55376389,11.49979897,8.306274734,8.501100935,9.129289294,4.615431697,4.122987674,4.4232196539999995,4.545835038,3.761569239,4.351588736,4.8271728110000005,4.365453725,4.079391123,3.917989517,3.908340615,4.941547642
Ga0242637_113720,9.611772134,9.606265028,9.631626315,9.793242004,9.797222157,9.817859042,9.856570067,9.922143969,9.753506592,9.306666314,9.262345394,9.450662118,9.99351065,9.862538333,9.818179851,9.723867913,9.579177779,9.550878897,9.206504076,9.182869064,9.060384547,8.624407966,9.005548641,8.710079206,9.60153264,9.719997588,9.609156658,9.398110485,9.343019122000001,9.414188345,9.612702583999999,9.616491181,9.795633423,9.294089051,9.383088917,9.307992382,9.862087665,10.20290143,9.800118603,9.768730672,9.898372436,10.0396479,10.05530098,9.97263865,10.03112913,10.12658586,9.66492842,9.469344877000001
Ga0242637_113721,9.343722068,9.461096511000001,9.35019738,9.834170282,9.647170552,9.56323516,9.672231073999999,9.580106864,9.651818747,9.031678627,9.347465383,9.163317664,9.425531692,9.51755298,9.461970926000001,9.270321648,9.34666891,9.193959104,8.819704294,9.192760276,8.896773046,8.204055322,8.789276021000001,8.710079206,8.991540988999999,9.11521925,9.136365574,8.990458,9.033896402,8.976340529,9.262023502,9.215623267,9.35613482,9.065037519,9.077083774,8.955012136,9.337476296,9.278277918999999,9.512286092,9.38604857,10.29635508,9.996592789,10.1315434,9.564807165,9.121859537999999,9.421464842,9.283174506,9.382378548
Ga0242637_113722,6.445354453999999,6.881377937000001,6.250854297,7.603101494,7.131072648,7.417148458,8.72657026,8.704112718,8.694572596,8.818717503,10.75215178,10.07388239,6.572848694,7.026608397,7.137327013999999,7.791848667999999,8.037296056,8.407151192999999,7.793817868,7.76366439,7.707819635,8.837460729,9.232239076,8.490635481,7.49857432,7.8596265270000005,7.58770586,7.073281307999999,6.674005457000001,7.6110524239999995,9.975173526,10.22955986,9.177905385,9.102731141,9.953596734,9.788818163,9.118942713,9.554372687,9.593356321,10.77837253,8.317687917,7.953487182999999,8.47001242,7.726461193,6.539195511,7.6798128310000005,10.26481524,10.63061487
Ga0242637_113723,8.868968407999999,9.056992982999999,9.066874624,9.412869014,9.548713388,9.395959436,10.49538949,10.48111858,10.38754569,10.67534713,12.52987594,11.998646699999998,9.266020986000001,9.184954115,9.122658608,10.11893114,10.2235625,10.12490269,9.658957782,9.876068186,9.752666101,10.48451607,10.88242701,10.41723045,8.989166441,9.097686397999999,9.195494901,8.841437148999999,8.783550315,9.295986724,11.87968983,12.1266244,11.02595892,11.06806484,12.08005651,11.79701157,11.27830842,11.82154541,11.49800412,12.62083969,10.15315117,10.17131423,10.24866139,9.81433898,9.419591964,9.696146306000001,12.29503709,12.81188315
Ga0242637_113724,9.606871406,9.639086773999999,9.656970349,9.720764887,9.731070292,9.675157422,9.868201125,9.816503047000001,9.753506592,9.416702146,10.05866908,9.803092128,9.393945296,9.376910687,9.337697252,9.524967794,9.439452822,9.461959304,9.471788931,9.543913795,9.54983575,9.39960799,9.549389108,9.505844166000001,9.105544938,9.185140287000001,9.208802696000001,9.000718298999999,9.119540253,9.105555755,9.986824192,10.11155039,9.884560177000001,9.269442058,9.266293071,9.20984548,9.569270784,9.836773928,9.676079735,8.944987656,10.16468589,10.10191315,10.06088253,9.711330674,9.912293294,9.654749758,9.047972578,8.854573428
Ga0242637_113725,10.31930791,10.29602089,10.36764078,10.33730586,10.39124946,10.26467507,10.49879458,10.39628782,10.34541688,10.99821533,11.76533516,11.50935812,10.13503306,10.17441898,10.11387609,10.64835456,10.48576574,10.47029365,10.46614638,10.78737133,10.63310185,10.62949541,10.908915400000001,10.72553199,10.70419921,10.79859938,10.87325226,10.50426757,10.203052099999999,10.64736386,10.716901,10.75714132,10.57308854,11.37268577,11.44947163,11.39314966,10.19316326,10.13499757,10.32651823,10.82319912,11.6983859,11.730492199999999,11.8342379,10.7146106,10.41624385,10.45222963,10.80374452,10.92608414
Ga0242637_113726,10.8717273,10.687936,10.89054295,11.02214426,11.01066684,10.8211476,11.10559718,11.11351971,11.02066545,11.83084699,12.50398611,12.18351676,10.89340883,10.50073872,10.87486702,10.9068379,11.24906266,11.26400024,12.06606212,12.46836197,12.488783900000001,11.89969992,12.13112395,12.06940361,11.64165938,11.50137475,11.51923916,11.65905107,11.20528697,11.60798933,11.35759639,11.27215429,11.23841913,12.15257693,12.30797994,12.13986934,10.92318351,10.69069289,10.64521166,11.33750917,13.29522176,13.02926381,13.42932577,11.08596397,11.18641737,11.04729901,11.34583861,11.35411786
Ga0242637_113727,9.08172476,9.384189074,9.134595193,8.880106844,8.81467345,8.528590207999999,8.24241404,8.056322316000001,8.304186897000001,12.2248403,11.84422537,11.81458123,7.603890144,8.064568328,7.965984196,6.096716606,6.485939074,6.346553939,6.859515342000001,6.1952876660000005,6.343331071000001,7.509391607,5.482136618999999,6.7238361179999995,11.05520501,10.69553333,11.48455513,11.24502277,9.900629719,11.66993616,9.897060521,9.946006319,9.490314241,12.22422169,12.41321799,12.06123641,8.029896101,7.218850081,7.950413536,6.430516087000001,12.85922245,12.75430939,13.25829778,7.868715542,7.251739681,7.690427481,5.919555579,5.962955225
Ga0242637_113728,8.938235617,9.102892902,8.814992791,8.511346941000001,8.494883167000001,8.121343365,8.120379563,8.114392457000001,8.007508345,12.23134556,11.97683897,11.56184963,7.153742127999999,7.556703326,7.73301006,5.93213082,5.896240317999999,6.42801408,7.894181262000001,7.849552837999999,8.071343266,10.60746062,10.02713472,9.496305365,11.02770362,10.75514908,11.32312454,11.10462927,9.589095691,11.50840287,10.16865148,10.46269252,9.49359585,11.92533115,12.22792717,12.23579101,7.790137228,7.51451613,8.173545251,6.141396877000001,12.6641016,12.536767300000001,13.01356544,7.826050346000001,7.381948963999999,7.504431885,5.856806806,5.995746939
Ga0242637_113729,9.615030062,9.63648834,9.668093011,9.324017999999999,9.357928579,9.063218177000001,8.891092373,8.888459925,8.897033723,14.2920017,14.15259699,13.40709766,7.528295805,8.13905297,7.977262569,6.613550644,6.792316968,6.808532946000001,8.94015915,10.11326761,10.08166091,13.68422056,13.192132199999998,12.14103677,12.11982061,11.44317724,12.35427098,11.70957268,10.34873692,12.29750852,11.20735296,11.41878472,10.72110904,13.70596043,13.61616331,13.65935224,8.655453538,8.690663091000001,8.607475596,6.019942892,14.0002238,13.87470983,14.323314000000002,8.301313291,8.613430763,8.223615118,5.979672646,5.786702919
Ga0242637_11373,9.297832527999999,10.00714463,9.49776365,10.35185295,10.31680394,10.45664564,10.48237635,10.45813349,10.25836019,7.909194693,10.505110400000001,9.420942678,4.000280065,4.647175328,4.163871943999999,3.3312073310000003,3.000261432,3.698969074,4.302796251,3.803921163,3.9413868460000003,4.105023658,3.6101325589999997,3.967222743,6.185187692,6.142452997,8.424632319,9.876056575,7.861972274,10.710866900000001,11.24664826,11.41152991,10.59540526,7.583142447999999,7.548055815,7.838389707999999,4.377864054,4.608026708,3.431922531,4.002277801,4.068024151,4.442236701000001,3.4946380269999997,3.465722858,4.3663536910000005,3.991945537,4.032303163,2.685057094
Ga0242637_113730,10.41493256,10.46077301,10.47048831,10.16592026,10.21083225,9.964589232,9.855508033,9.863534439,9.921320101000001,15.68395129,15.74530273,14.79124772,9.428998979,9.176491803,9.588689182000001,7.506680518,7.748425782000001,7.539685136,9.911897662000001,11.4081173,11.29761359,15.30277395,15.05918057,13.73810432,12.70757373,11.98572987,13.05424017,12.55900501,11.33543764,12.99987038,12.25959561,12.49319806,11.71680249,14.78120161,14.4877191,14.75064687,9.762899013,9.721889931,9.970040172000001,7.026336552999999,15.13352965,15.06547717,15.302412300000002,9.900235491,10.27260718,9.540619972,6.668036582,6.7385107710000005
Ga0242637_113731,6.724395355,6.733456866,6.603985238,6.871662912000001,6.53811905,6.282531727,6.645951942000001,6.578711075,6.524115951000001,8.565487451000001,8.148949247000001,7.961649037999999,6.084221612,6.446638841,6.549273965,6.157606328,6.16888972,6.441153191000001,6.373073995,6.5019621260000005,6.270436562,8.771913605,8.908639323,7.620428089,7.656592956,7.225179196,7.467333769,7.663638949,7.130976557,7.917557808,6.603886066,6.721963732000001,6.736007398,8.931067016,8.421861329,8.746783642999999,6.097225568,6.302017581,6.522571967,6.331979231,8.643167581,8.407020317,8.692484639,5.914696581,5.737211476000001,6.253235265,5.88852457,6.234161219
Ga0242637_113732,9.634424618999999,9.598275434,9.519420044,9.115485202999999,8.991162045,9.051413651,8.632977598,8.563895772,8.747913556,9.106060161,8.574087707999999,9.003494908,8.654802637000001,9.157984703,9.044404847000001,7.937560045,7.862269037999999,7.831409988,7.390539899,7.841190567999999,7.5730877439999995,9.38373928,9.543253308999999,8.528567285,9.022059617,9.03151219,9.00776269,9.257586337000001,9.243609784,9.58034478,8.266350787999999,8.279426754,8.413113479,8.966255304,8.880965684,8.963642411,7.9472493879999995,8.19726879,8.219222591,7.175718301,9.056240254,8.914627343,8.950791243,8.186090682,8.18450281,8.298367955,7.105052362,7.002785096
Ga0242637_113733,3.79986984,3.3131841189999998,3.3742476210000003,3.590839983,3.404506301,3.055524389,2.664422505,3.0574123839999996,3.495777414,2.9887932989999997,3.516347495,4.2014779110000005,3.416771273,3.797966011,3.547885515,3.063272146,2.492414675,3.379426388,2.957841924,1.764951351,3.2608517239999997,4.105023658,4.360694114,4.113428357,2.9697458610000003,2.4340741830000003,3.4852798330000003,3.196494403,3.071269312,2.8067615000000004,3.524340602,3.0217587530000003,3.409177202,3.781920535,4.058751566000001,3.186048711,4.090071432,4.122987674,3.2994000619999997,2.682367728,3.35606442,3.239141445,1.764951351,3.465722858,4.489924871,3.3514834060000003,3.442297762,3.310755737
Ga0242637_113734,3.1795039910000003,2.422088851,2.725182339,1.764951351,2.4640428340000002,1.764951351,1.764951351,2.693612905,1.764951351,2.9887932989999997,2.911501305,3.086552422,2.4697179680000003,1.764951351,2.64618703,3.063272146,3.000261432,2.452468344,2.620112537,3.00415308,3.003423942,3.9332210489999997,3.6101325589999997,3.8026455180000003,1.764951351,2.4340741830000003,2.501599896,2.7970937510000002,2.905376211,1.764951351,2.4650293580000002,2.80145218,2.4662029569999997,2.418245537,3.584336313,2.606994275,1.764951351,1.764951351,1.764951351,1.764951351,2.713663973,3.239141445,3.022421094,1.764951351,2.792585865,1.764951351,2.638270533,2.685057094
Ga0242637_113735,2.493146696,2.422088851,2.725182339,1.764951351,1.764951351,2.426167481,1.764951351,1.764951351,1.764951351,2.7737677119999997,3.3486969460000005,3.5782764410000003,3.136324976,1.764951351,2.64618703,3.3312073310000003,3.000261432,2.728466907,2.957841924,3.803921163,3.003423942,3.500516376,3.6101325589999997,3.390490989,2.473778066,1.764951351,2.7960011330000003,2.502396276,3.071269312,3.502034565,3.524340602,2.80145218,3.129829243,3.040752658,2.78199892,2.7892875010000004,1.764951351,3.662028972,2.974604675,2.682367728,2.713663973,3.239141445,3.022421094,2.710597517,1.764951351,1.764951351,2.638270533,3.045854701
Ga0242637_113736,7.934603992,7.9192050929999995,7.728907522,7.561533739,7.715521267000001,7.453494495,7.354347442000001,7.313201381,7.183078121,7.036880277000001,7.03469228,7.261765471,8.230987033,8.156371133,7.864356912000001,7.857415906,7.2001676020000005,7.336957699,6.73170198,5.804834614,6.193646105,5.442018557999999,5.581806815,6.1066750260000005,7.793557665,7.778794161,7.9145335029999995,7.604304328,7.626395929,7.900894605,7.151691147,7.326712514,7.275615332,7.495150418,7.581595136000001,7.219612659,8.217900238,8.007749132,7.940530014,7.997022684,7.367741055,7.1244108310000005,7.115777473,7.878027682999999,7.931656771,7.658346193,8.02056624,7.956528196
Ga0242637_113737,3.1795039910000003,1.764951351,3.245552862,1.764951351,2.4640428340000002,1.764951351,2.4060372180000003,2.693612905,2.802740674,3.1652587430000003,3.516347495,3.4363628139999998,3.136324976,2.7656934210000004,2.993237353,3.547978091,3.465611188,3.1044040639999997,3.2071134580000003,3.261710257,3.8028251330000002,3.208116214,3.3872535110000004,3.8026455180000003,3.425532893,2.703120283,3.349279727,2.7970937510000002,3.071269312,2.8067615000000004,3.406639872,3.616358705,3.278155795,3.3047612,3.584336313,3.2906310889999997,3.19781202,3.91283721,3.431922531,3.042219942,2.713663973,2.984995328,2.667729675,3.465722858,3.4799555860000004,3.080556652,2.638270533,3.310755737
Ga0242637_113738,1.764951351,2.686586935,3.49008882,2.409644588,3.404506301,3.4349120319999997,3.277942678,3.324328978,3.3591003539999997,2.9887932989999997,3.6635147669999997,3.5782764410000003,3.53504885,2.587354007,3.547885515,3.892319216,3.586637633,3.4955664389999996,2.957841924,3.261710257,3.2608517239999997,3.208116214,3.963144162,4.845648752,3.425532893,2.904468678,2.7960011330000003,3.0165719139999996,3.214162602,3.36495514,2.4650293580000002,3.7278747230000002,3.129829243,1.764951351,3.6943890839999995,3.775624263,4.615431697,5.0681414689999995,3.2994000619999997,3.042219942,3.35606442,3.445576453,3.022421094,3.839256689,3.4799555860000004,3.6667322610000004,3.617730023,3.707348591
Ga0242637_113739,4.638419917,4.725074123,4.820505525,3.497605637,3.727858533,3.5378787089999997,3.667967475,3.19900412,4.099120538,4.614551348,4.914784288,5.92163303,5.955134826,4.221805808,4.997345056,5.224692397,3.798069659,3.789455175,3.991602028,4.182356513999999,4.475808083,3.735313503,4.572983816,3.390490989,5.597273116,4.7662066030000005,5.255024951,5.699056265,5.931483843,6.645865485,3.907346379,4.013713061,4.066401976,5.208172581,5.70985271,4.442900175,4.377864054,3.91283721,3.431922531,3.042219942,3.5755614760000003,3.775076592,3.8313353180000003,4.365453725,4.489924871,3.466003933,2.638270533,3.310755737
Ga0242637_11374,9.313960202999999,10.02712074,9.560289598999999,10.49255064,10.72391898,10.76924519,10.83143799,10.70610351,10.44757036,8.182791782999999,10.32221526,9.379604167,4.458824889,4.3921291710000006,4.318467398999999,3.547978091,3.586637633,3.789455175,4.103569772,4.860785042,4.718346846,4.105023658,3.6101325589999997,3.390490989,6.266030728,6.840680637,8.838298867,10.05409171,8.227622704,10.57043972,11.03402026,11.19650603,10.47854532,7.823385712,7.932922315,7.8972461329999994,1.764951351,3.347410348,3.551058527,4.129906508,3.5755614760000003,3.9122902089999996,3.8313353180000003,3.224071216,3.4799555860000004,3.8395838010000003,3.442297762,2.685057094
Ga0242637_113740,4.963023044,5.35580836,4.737150617,5.2034207839999995,5.127172537,4.9255903089999995,5.134278631,4.781957151,4.780754992,4.042654659,4.388768833,5.041850661000001,4.66504715,5.074048457,4.9362872310000006,4.83117596,4.687392958,4.701380336000001,4.701851585,4.182356513999999,4.2866031719999995,3.9332210489999997,4.7570015539999995,3.967222743,4.292841717,4.235484963999999,4.6108539319999995,4.613261821,4.454607607,4.837999339,4.697037544,4.7778405589999995,4.874449673,4.2986041319999995,4.872076946,4.766360622,4.995296209,4.122987674,4.587683268,4.632733889,5.20761762,5.122407431,5.085476312,4.658514133,4.079391123,4.78509857,4.437674205,4.639364039
Ga0242637_113741,3.00145839,3.0479219410000002,3.0999819539999995,2.669405787,3.8193379060000003,2.891426793,3.581642131,3.437259219,3.0232919369999998,3.570748818,3.795137545,3.5782764410000003,3.416771273,1.764951351,2.64618703,3.063272146,2.492414675,3.1044040639999997,1.764951351,2.654240015,1.764951351,2.8057856639999996,1.764951351,3.8026455180000003,2.9697458610000003,3.0702452019999997,3.19503281,3.0165719139999996,3.454475608,3.9350153569999997,2.4650293580000002,3.616358705,3.129829243,3.8587559139999996,3.328847895,3.186048711,3.7220789030000003,3.662028972,2.974604675,3.042219942,1.764951351,3.775076592,3.022421094,3.224071216,4.079391123,2.9136076980000003,1.764951351,2.685057094
Ga0242637_113742,3.00145839,1.764951351,2.4500833419999997,2.409644588,3.1258350760000004,2.6922148339999996,2.4060372180000003,3.0574123839999996,2.506512943,2.9887932989999997,2.911501305,3.4363628139999998,3.28524747,2.7656934210000004,3.357279135,3.7318454780000003,3.3308858669999997,2.728466907,3.409865375,3.261710257,3.9413868460000003,3.9332210489999997,4.360694114,3.613718618,3.2934309839999996,3.3393896030000003,3.349279727,3.720385549,2.905376211,3.0280757019999998,2.955392989,3.2023231739999996,3.409177202,3.781920535,3.584336313,2.606994275,4.090071432,4.737982187,2.476742168,2.682367728,2.713663973,2.640110246,3.4946380269999997,3.570185443,4.230481,3.466003933,3.442297762,3.045854701
Ga0242637_113743,4.877688899,4.51037202,4.693531291,4.323454215,4.783241701000001,4.47645793,4.7827385,4.893798223,4.7309567139999995,4.7147717380000005,4.6764910319999995,4.684252222,5.077074477,4.945647534,4.698894265,4.83117596,4.687392958,4.291204563,3.5826343030000003,3.648450477,4.066657595,4.257192719,4.840645444,4.113428357,4.979232842,5.021994946,4.6108539319999995,4.613261821,4.76808594,4.837999339,4.328871157,4.2484376169999996,4.205940684,5.091927392,4.872076946,4.270522828,4.090071432,4.3045167,4.301503826,4.129906508,4.198123123,4.442236701000001,4.213173858999999,5.041244268,4.603319646,4.973014093,4.522624281000001,4.459495233999999
Ga0242637_113744,3.79986984,3.527960989,3.5957216260000004,3.285877101,3.9848634689999995,2.6922148339999996,3.8963039360000002,3.324328978,4.177226698,4.389318268999999,4.858901346000001,4.116088736,4.66504715,3.351026898,4.163871943999999,5.485497969,4.061476221,4.230088347,4.302796251,4.643484469,4.561457885,5.094429967,5.532841605,5.587314472,4.292841717,3.2130425060000003,4.30716112,3.609195169,3.5583942139999998,3.502034565,3.987546693,4.728067906000001,4.270630967,4.351143767,4.998102894,4.072968604,3.7220789030000003,4.966460517,3.85194072,4.632733889,3.084464068,4.254488025,3.022421094,3.0803301339999996,4.7081409160000005,3.224318896,4.678308878999999,4.459495233999999
Ga0242637_113745,2.7843994210000003,2.686586935,3.245552862,2.409644588,1.764951351,1.764951351,3.155796047,3.0574123839999996,2.802740674,2.7737677119999997,3.6635147669999997,3.5782764410000003,3.7419712460000003,2.587354007,3.2488538360000003,3.547978091,2.783394397,3.601460762,3.7340261939999997,3.648450477,3.469757717,4.393970655,3.7987871739999997,4.672884133999999,2.473778066,2.4340741830000003,3.718506891,2.502396276,2.905376211,3.0280757019999998,3.406639872,3.2023231739999996,3.278155795,3.51860132,3.584336313,3.2906310889999997,4.377864054,5.162995195,3.2994000619999997,3.042219942,1.764951351,3.621276007,3.022421094,3.224071216,3.9089009,3.224318896,2.638270533,3.866371795
Ga0242637_113746,2.493146696,2.686586935,3.5957216260000004,2.409644588,2.744398912,2.426167481,2.4060372180000003,1.764951351,3.0232919369999998,3.1652587430000003,4.12472298,4.024865287,3.7419712460000003,2.350359106,2.993237353,3.7318454780000003,3.465611188,3.4955664389999996,2.620112537,1.764951351,3.2608517239999997,4.105023658,3.963144162,3.8026455180000003,3.143822338,2.703120283,3.607398345,1.764951351,3.071269312,3.36495514,3.7303142510000002,3.925246862,3.278155795,3.040752658,3.463431424,3.186048711,3.7220789030000003,3.662028972,3.431922531,2.682367728,3.5755614760000003,3.445576453,3.6742944960000004,3.224071216,3.712631568,3.5704800810000004,3.2361992219999998,2.685057094
Ga0242637_113747,2.7843994210000003,2.422088851,2.4500833419999997,2.409644588,2.744398912,1.764951351,3.017944431,2.693612905,2.506512943,2.9887932989999997,3.3486969460000005,3.4363628139999998,2.7522056530000003,2.7656934210000004,2.993237353,2.697953195,2.783394397,2.934755081,2.620112537,3.00415308,3.003423942,3.208116214,3.1110896560000003,3.1138557000000002,3.2934309839999996,2.4340741830000003,2.7960011330000003,1.764951351,2.7038793560000003,3.502034565,3.275786601,2.80145218,2.4662029569999997,2.681282262,2.78199892,2.606994275,3.19781202,3.347410348,2.761863632,1.764951351,1.764951351,2.984995328,1.764951351,3.0803301339999996,2.792585865,2.4396198080000002,2.638270533,1.764951351
Ga0242637_113748,3.893771605,4.076708291,3.49008882,3.16318366,4.0603926580000005,3.196938321,3.4887793030000003,3.723610747,2.802740674,4.561592913,5.020303588,4.429408888999999,4.565772871,3.518874686,3.925317194,5.334814583,4.281103862,4.291204563,4.302796251,4.385771447,5.104939347,5.0133739969999995,5.804244499,5.8900235279999995,3.844348227,3.652763928,3.718506891,4.1660224,3.904206087,4.634514988,4.387889002,4.318388806000001,4.605178942,4.4976423510000005,5.471842435,3.840785215,5.540984152,4.737982187,4.480248635,3.7022288089999997,3.5755614760000003,4.527271229,3.4946380269999997,4.701851081,4.489924871,4.470605637,4.602649512,4.552351294
Ga0242637_113749,4.349151887,4.011185824,3.49008882,3.3965277680000003,4.739261539,3.4349120319999997,4.45695493,4.326831004,4.625687201,3.680174811,4.306336811,4.116088736,4.7121471669999995,3.666205171,4.268871987,5.6217700520000005,4.830665175,5.184614833,5.169295709,5.106417025,5.047435514,5.3129993319999995,5.532841605,5.264394062,3.2934309839999996,1.764951351,3.349279727,3.720385549,4.113784807,4.634514988,4.267180386000001,4.174672094,4.137988429,3.7001612999999995,3.976769105,3.775624263,5.29418298,6.029579036,4.98913372,4.934560538,3.5755614760000003,4.351588736,3.4946380269999997,3.755778032,4.3663536910000005,3.3514834060000003,4.750068729,5.007921351999999
Ga0242637_11375,10.10084868,10.8105645,10.23835882,11.0594737,11.224470599999998,11.42141112,11.56300316,11.47473788,11.27481326,9.366520624,11.27822056,10.41702807,7.462124154,5.918886473,7.157305168,5.746170234,5.586119897000001,6.168321925,7.694533897,8.06594115,8.462895965,6.783010875,5.581806815,7.088175727,8.365731669,8.749086686,9.66975723,11.41719484,10.28119427,12.04895141,12.72057686,13.04029363,12.01221335,9.464459375,10.01009666,9.742430642999999,5.422921493,6.421034542999999,4.949797315,5.701982144,5.266368163,5.275578888,5.143286713999999,5.199576963,4.982365562,5.520552387,5.493680967,5.496599292999999
Ga0242637_113750,3.698529345,3.527960989,4.021383903,2.409644588,4.384900493,2.891426793,3.8963039360000002,2.693612905,3.7300873130000003,3.1652587430000003,4.12472298,4.116088736,4.000280065,3.43792384,3.2488538360000003,5.041600655,4.470061133,4.028070049,3.5826343030000003,3.4707135389999997,3.64741757,3.9332210489999997,3.963144162,3.967222743,2.757788731,2.4340741830000003,2.7960011330000003,3.196494403,3.214162602,3.36495514,3.275786601,3.2023231739999996,3.8248971380000003,3.040752658,3.328847895,3.2906310889999997,4.090071432,4.464627463,4.236306217,4.129906508,3.35606442,3.775076592,3.022421094,3.917653608,4.079391123,3.080556652,3.7713112289999997,4.459495233999999
Ga0242637_113751,6.650033689,6.673818836000001,6.457619713,6.962338462000001,7.369931778,7.213202384,7.126668637000001,6.988132255,7.088890139,5.78253743,6.081057114,5.564227731,7.2112853139999995,6.780611617000001,6.920648621000001,6.777513377999999,6.367372167,6.37422326,5.218180433000001,4.79203651,5.314116753,5.721208933,5.804244499,6.139804722,7.857451576,7.896152325,7.717544041,6.722546896,6.518243705,6.698284781,6.066467498,6.086755726,6.667851638999999,6.19525907,5.9348228039999995,5.8681085479999995,7.640341822000001,7.995034777000001,7.821716384,5.815991866,7.677963712,7.227368665,7.35274693,7.143569179,6.863048794,6.8728940110000005,6.09283893,5.962955225
Ga0242637_113752,3.5882946430000002,3.6224631489999997,3.49008882,2.8641280410000003,3.273794517,2.891426793,3.017944431,3.19900412,3.618475267,3.9610702360000003,4.968531455,4.684252222,4.216089736,3.154430736,3.8582441469999997,4.83117596,4.138748662,4.098857669,4.206860836000001,4.067851648,4.181123441,4.927376411,5.429562132999999,5.768038651,3.5443074930000003,3.5570608089999998,4.163851932,3.720385549,3.6541520239999996,4.106914192,4.387889002,4.5671028389999995,4.653823782,4.450525224,5.254644798999999,4.442900175,4.818200909,4.122987674,4.167803702,5.000863439,3.923781767,4.823235936000001,3.9712646019999998,3.6664255989999996,4.230481,4.061967078,3.908340615,4.007957471
Ga0242637_113753,3.1795039910000003,1.764951351,2.930832432,2.409644588,2.4640428340000002,2.426167481,2.664422505,3.19900412,2.802740674,3.450563658,2.58606159,4.281776014,2.7522056530000003,2.350359106,2.392844266,3.547978091,2.783394397,2.452468344,3.2071134580000003,3.00415308,2.653701924,4.393970655,4.109167166000001,3.1138557000000002,1.764951351,1.764951351,1.764951351,1.764951351,3.34059104,3.36495514,3.406639872,3.35722349,3.278155795,3.7001612999999995,3.7955693239999997,3.47481066,3.7220789030000003,3.91283721,2.974604675,3.860946852,1.764951351,2.984995328,3.283209092,2.439497919,2.792585865,2.9136076980000003,2.9824992530000003,3.866371795
Ga0242637_113754,2.493146696,1.764951351,2.4500833419999997,1.764951351,1.764951351,2.426167481,2.4060372180000003,2.693612905,1.764951351,2.485405011,4.12472298,2.855977779,1.764951351,1.764951351,1.764951351,2.697953195,2.492414675,2.728466907,2.620112537,1.764951351,3.003423942,2.8057856639999996,2.733434557,3.1138557000000002,1.764951351,2.4340741830000003,1.764951351,1.764951351,1.764951351,1.764951351,2.7457562139999996,1.764951351,2.747370773,2.681282262,3.463431424,2.3645287759999998,1.764951351,3.91283721,2.761863632,2.682367728,1.764951351,2.984995328,1.764951351,2.710597517,1.764951351,2.4396198080000002,2.9824992530000003,1.764951351
Ga0242637_113755,2.493146696,2.422088851,1.764951351,2.8641280410000003,2.744398912,1.764951351,2.858160055,2.4271808669999997,2.506512943,3.570748818,4.218583159,3.9268758439999996,1.764951351,2.350359106,2.392844266,3.063272146,3.17815798,3.2503850360000004,3.409865375,1.764951351,2.653701924,3.208116214,3.7987871739999997,3.390490989,3.143822338,2.904468678,2.501599896,2.7970937510000002,2.434624694,2.8067615000000004,3.7303142510000002,4.174672094,3.129829243,3.8587559139999996,4.058751566000001,3.70695293,1.764951351,3.662028972,3.551058527,3.7022288089999997,1.764951351,3.239141445,2.667729675,3.0803301339999996,3.712631568,3.080556652,3.617730023,3.866371795
Ga0242637_11376,6.905744264,7.054990806,7.262560199,6.460924027000001,6.575577149,6.649608346,6.434342163999999,6.600570836,6.147438318,6.309938708,7.295925841,6.789674332000001,7.0128881970000005,6.8673633910000005,6.569309079,5.6217700520000005,5.87462932,5.276034084,3.409865375,3.00415308,2.653701924,1.764951351,1.764951351,2.73549049,6.063771249,5.96424484,5.929268339,5.325055145,5.983560667000001,5.913470117999999,6.516444936,6.38477716,6.28344191,6.829576227,6.705628804,7.136521457000001,7.179241362999999,7.218850081,7.147606816000001,8.488792723,5.867785784,5.692222557999999,5.198829547,6.209062446,6.4528445229999996,6.323221721,8.137015697,8.894135604
Ga0242637_11377,12.81813619,13.08040655,13.17205135,12.86414717,13.05023154,12.86028965,12.63068674,12.68646882,12.695252499999999,12.36585203,13.99723537,13.54497433,12.75010525,12.51494713,12.36020674,11.68388677,11.48945157,11.14577608,9.955426141,9.475336291,9.440767233999999,8.257284752,8.046182986,8.342338723,11.89698104,11.57466916,12.04584576,11.39791672,11.84461801,12.04674441,13.02670763,13.05511236,12.66384331,12.72032171,13.06743301,13.20141584,12.99204479,13.52757657,13.12255037,13.60532946,11.83940484,11.70062243,11.56182347,12.02755791,12.25767975,12.1231899,13.44286544,13.88641586
Ga0242637_11378,7.506571901,7.517394365,7.473873642,7.623444436000001,7.459403752,7.601194089,7.535083377,7.279746162,7.338504287999999,7.344139931,7.232209659,7.3364721489999996,7.698886552,7.836465168999999,7.6176143860000005,7.447071651,7.558799347999999,7.47096649,7.174141366000001,6.736671761,6.716821295,6.830653764,6.6735829429999995,6.7668268760000005,7.525050268999999,7.672249809,7.445007645,7.417752127000001,7.18374551,7.548230234,7.216493466,7.511851217,7.213257329,7.57779751,7.26392048,7.611126822999999,7.179241362999999,7.496584004,7.625930777000001,8.494489737,7.730665319,7.402584952000001,7.212613994,6.909215849,6.646816487000001,6.96324555,8.298703287999999,8.353393823
Ga0242637_11379,11.15854814,11.12562329,11.19110196,10.85645146,10.93892083,10.845276,10.621321400000001,10.63383456,10.70246004,11.35489488,11.11787193,11.08971742,10.77443446,10.720388400000001,10.79586973,10.12274474,10.10832299,9.892757413,9.494099008,9.7138164,9.781318767,9.150441937,8.996594634,8.938570136000001,11.05293314,11.12856913,10.86487054,10.97208052,11.23860804,11.22750948,10.595073699999999,10.65025015,10.41073224,10.99126789,10.69735713,10.69326791,10.28855025,10.4323823,10.19034476,10.32858596,9.896067612000001,10.00385847,9.585762147,10.01966559,10.30578505,9.995801915,10.39569575,10.58164889
Ga0242637_1138,10.48871504,10.409188,10.55978663,10.90086458,10.86089632,10.80542063,10.58205234,10.69473026,10.67841978,10.40494046,10.3991445,10.53765309,10.28606009,10.21354633,10.01156199,9.595275051,9.567477935,9.156667491,9.154536552,9.209096395,9.099419494,8.56934914,8.503496315,8.477766595,10.57874092,10.36599517,10.57403878,9.714027515,9.783471449,9.735602564,10.53285581,10.36692291,10.60226153,10.17037246,9.878699301000001,10.25387838,10.04705634,9.840331754,9.463089682,8.832540446,10.65913831,10.53701513,10.6915779,10.64814476,11.14576819,10.84251144,9.061903003,8.966027197
Ga0242637_11380,8.676567306,8.854992717,8.552274125,8.185147247,8.254624592999999,8.243970622,8.084564646,7.871107404,7.815084229,8.562188237,7.978257696,8.387570867,8.417097292000001,8.677933024,8.587861428,7.471211758,7.225926855,7.502608842000001,6.764734549,6.114150367000001,6.084423183999999,7.027459622,7.529903699,6.701849566,8.339871991,8.264204931,8.405494693,7.933786946000001,8.650687737,8.62718017,7.842645315,8.155186067999999,8.043798611,8.195497116,7.852785529,7.89363715,7.443309957,7.478426019,7.821716384,8.400521888,6.499165323,7.150848067999999,6.262320027,7.757066699,7.089650862,7.690427481,8.01341443,8.327938017000001
Ga0242637_11381,6.829197667000001,6.743160702999999,6.68295951,6.954327086,6.63591885,6.826416382000001,6.889754745,6.821376329,6.845585441,9.067022962000001,8.160402064,7.9438435279999995,7.186904744,6.546468759,7.061608635,5.966593307999999,5.355301328,5.615746613,6.697893701,6.272086056,6.193646105,5.865819405,5.197383578999999,5.264394062,7.144467051,7.073904935,7.10864552,7.644130791,7.964590916000001,8.00331565,7.584930152999999,7.76969132,7.357177361000001,7.823385712,8.062077332000001,7.467988207,6.437684056,6.342794463,7.984482007,5.887248805,6.474626088,6.82934442,6.097926172999999,6.980152202,6.949629269,6.58481933,5.493680967,5.995746939
Ga0242637_11382,8.749534758,8.389450089,8.844707543,8.508615901,8.414577383,8.611324741,8.77455904,8.655398694,8.910856645,10.52417827,9.999328497999999,9.583068324,8.569401172000001,8.285282383,8.310182084,7.26572476,7.035121694,7.149767216,8.339729955,7.969494816,8.264839517,7.0068739110000005,5.8843656179999995,6.8289981410000005,9.056489389,9.366887775,9.010298374,9.312156975,9.813665002,9.640123096,9.983338861,10.26970047,9.35071629,9.271098356,9.867869177000001,9.00436386,7.317314586,7.38403829,9.353784586,6.671126478,7.470491879,8.232439371,7.2651612629999995,8.83113378,9.000453254,8.682821942999999,6.887483154,7.253324942000001
Ga0242637_11383,9.25879083,8.888138952,9.148560388,8.631693033,8.739751447,8.804210997,8.989259875,8.888459925,8.899808924,9.967269356000001,9.567716076,9.401508859,8.388886637999999,8.446476586000001,8.716799895,7.661557234,7.510718871,7.651172821,8.306495571000001,7.52348185,7.779509718,7.322184567000001,6.863014993999999,7.406166355,9.385623931,9.758937519,9.193264951,9.801723197000001,10.07129387,9.772703134,9.393887473,9.714074393999999,9.159428818,9.072655447999999,9.716121807,8.891301506,8.069508682999999,8.413339672000001,9.383265586,7.826811618,7.771482248,8.089487059,7.958361318,9.077323704,9.074515926,8.711760632999999,7.270227002,7.9398193489999995
Ga0242637_11384,12.47398316,12.58365382,12.49312702,12.42708221,12.45452649,12.39726021,12.675005800000001,12.63318196,12.75490153,12.33815228,12.72782215,12.62216961,12.17052176,12.28795546,12.22346366,12.30839519,12.11118665,12.14836998,11.89730133,11.93212021,11.930322,11.27825079,11.18002621,11.38980373,12.51902659,12.41019324,12.48626376,12.57024322,12.71590509,12.6950481,12.6580103,12.71390663,12.6729177,11.85611909,11.9126482,12.0920648,12.04631821,12.17639334,12.31195321,11.33115639,12.13109532,12.20488606,12.24261403,12.7849826,12.69691633,12.57006296,11.45543076,11.21090929
Ga0242637_11385,7.646912867999999,7.411909667000001,7.7074992060000005,7.68280585,7.599211319,7.643755352,7.8097512039999994,7.834718581000001,7.711463211,7.72670733,7.253762881,7.689821912,7.43478096,7.448368019,7.486921327,7.9633146560000005,7.972857097,8.183391986,8.317659001,8.480900461000001,8.505795292,8.110726757,7.993142961,8.328069441,7.7881031489999994,7.759097709,7.748255651,7.637568973,7.771320867000001,7.802650352000001,7.9842420270000005,8.150544724,7.9608597020000005,7.630375648999999,7.762093646,7.6964623560000005,7.8595768679999995,7.875260827000001,8.013056382,7.5266314020000005,8.303843306000001,8.136526856,8.138107072,8.230384782,7.942247200000001,7.873894766,7.512736099,7.8709780060000005
Ga0242637_11386,6.415724062000001,6.279310178999999,6.809014037000001,6.318261649,6.587849591,6.680625696,6.490233172000001,6.643318809,6.509635371,6.968699735,6.667959051,6.999704174,6.8567558779999995,6.51992215,6.72027728,7.180428965,7.409462326,7.539685136,8.029341869,7.594862322000001,7.603037577,7.047755337000001,7.400068956,7.233122031000001,5.717420712000001,6.20213732,6.338170869,6.075292666,6.598230864,6.195007635,7.083836954,7.085334714,7.062227366,6.811463083,6.833711741,7.219612659,6.985673822000001,6.929023064,6.914922865,7.602468065,6.523292994,6.5796728589999995,6.70456582,6.9627429020000005,7.181940452,7.08896174,8.041811308,7.798684893
Ga0242637_11387,8.129473541,8.140771751,7.94554081,8.346784756,8.407678967999999,8.102397224,7.907291364,8.060267253,8.043093502,8.306256204,8.311867604,8.244612445,8.003364004,8.184780497,8.116378896,8.555162231,8.725715012,8.644007062,8.666603525,8.574664589,8.716774283,8.158145805,8.113998700000002,8.404859151,7.749332667999999,8.151643607,7.68616405,7.884763607000001,7.916422347999999,7.7290372210000005,8.408283333,8.625509906,8.338422299,8.195497116,8.490548464,8.655981942,8.504682213999999,8.682757269,8.456158526,8.832540446,7.76138582,7.4671131729999995,7.340555848999999,8.155787039,7.844011281,8.053174842,9.152570893,9.084762009
Ga0242637_11388,8.504542698,8.666620537,8.761471992999999,8.614014755,8.570952839,8.619343072000001,8.318387137,8.272371181,8.130759336,9.073989088,8.62043219,8.282882915,9.368890865,9.254947414,9.214462803,9.460129504,9.371872457,9.339438406000001,10.2369486,9.832446371,9.978841742,8.997217472,8.248318202,9.143938182000001,8.231531557,7.970827731,8.008859444,8.476358357,8.374225957,8.113478632,8.781783418,9.239856653,8.290168588,8.394024812,8.440256382000001,8.316537596,10.19316326,10.04227457,10.22535764,9.189350957,8.442979782,8.129900089,8.278879689,8.193568142,8.360621083,8.437167671000001,9.159065686,9.319193343
Ga0242637_11389,9.449704602999999,9.556275872999999,9.597126445,9.588655894,9.598024477000001,9.542302182,9.344536182999999,9.169768192000001,9.30764834,9.886480864,10.17473558,9.448559486,10.0787548,10.22316457,9.901434055,10.26929025,10.31636035,10.33715252,11.60671167,11.51184039,11.50212033,10.7961136,10.45079528,10.99867986,8.948189354,8.902819747999999,9.040383939,9.216360441,9.336378928,9.293861381000001,10.4435196,10.81106864,9.852969917000001,9.346874266,9.388782393,9.40749597,10.58690576,10.37956585,10.78568255,10.12146496,9.485209377,9.361840349,9.628988572,9.188141049,8.948877596,9.289831052,10.07179991,10.13565338
Ga0242637_1139,10.67973099,10.68605255,10.71129065,10.69708121,10.85583719,10.95652507,11.03136026,11.09345085,11.05716913,10.24543247,10.61218626,11.15048091,10.17378115,10.25566292,10.23076979,9.231995531,9.379539634,9.377470083,9.794963239,10.34231907,10.13557755,9.645667673,9.798963707999999,9.486703072000001,10.77344702,10.83667503,10.94789715,10.41406813,10.46592023,10.44868121,11.47351124,11.33076138,11.31229039,10.22437442,10.43657002,10.92258245,9.662871962,9.698557316,9.715728061,9.037641765,9.309307023999999,9.761780112,9.359889676,11.55036686,11.90059109,11.62640719,9.106269692,9.162419595
Ga0242637_11390,8.483306079,8.638326186,8.656479421,8.198766158,8.400747402,8.311516357,7.550920972999999,7.589243845,7.692378356,7.313061093,7.685035803,7.6167797429999995,9.267958346,9.246887004,9.070963896,7.672008443999999,7.371503561,7.033241042999999,5.06615415,3.261710257,4.181123441,5.771053014,4.7570015539999995,4.365241902,7.903580203,7.739128489,7.892707145,8.119458423,8.241906417000001,8.233672863999999,6.615954962999999,6.476766212,7.267966541,8.021409676000001,7.690123708,7.3359041089999995,7.586740087000001,7.5840941310000005,7.619749893,7.704322417,6.9183599120000006,7.150848067999999,7.458061492000001,8.101173553999999,7.920987995,8.002969217999999,7.780490195,7.798684893
Ga0242637_11391,9.395793435,9.612889388,9.662542399,9.463102095,9.2957739,9.284406178,8.618024099,8.845677533,8.840378131,7.960224408999999,8.724394672999999,8.655274689,10.26098912,10.28219662,10.22919854,8.899959575,8.787536477,8.376745852,7.0456941429999995,5.2661502030000005,5.264641359,6.783010875,6.506815658,6.234841304,8.737994732,8.534184867999999,8.855323648999999,9.048482271000001,9.082323065,9.076176937,7.941767238,7.662917892,8.248038517000001,8.986560307000001,8.539145977,8.283827655,8.755983544,8.774882185,8.813724051,8.828035495,8.00333294,8.182080783,8.152121767999999,8.968218943,9.010550745,9.14110591,8.857454597,8.809304184
Ga0242637_11392,8.85525785,8.935415919,8.861762622,8.59611713,8.577114549,8.542713051,8.073644415,8.008121707,8.097297328,7.3286842729999995,7.72415424,7.87660873,9.562849418999999,9.544107897,9.635704398,8.615956313,8.553395142000001,8.313942047000001,7.848725932000001,7.115364884,7.233404254,8.021233793,7.97502043,7.722159712000001,8.178323812,7.962240454,8.162681136,8.446643015,8.533656684,8.596467544,7.075126026,6.864925505,7.420639322,8.260313011000001,7.808152442000001,7.645869407999999,8.235420032,8.422863671,8.5727087,8.500164338,7.16816246,7.300030443,7.446732691,8.241248979,8.063613718,8.298367955,8.333575451,8.415134612000001
Ga0242637_11393,9.343722068,9.475707251000001,9.45666123,9.278254265,9.168935736,9.150646603,8.623025842,8.753673246,8.608975018999999,8.169843552,8.3771256,8.180172195,9.936186409,9.895566553,9.910285837,8.935086204,9.028479491,8.951924484,8.866061477,9.115135534,8.788018382,9.992878292,10.19112127,9.441027404,8.302106324,8.140269507000001,8.509535454,8.905637509,8.953732685,8.848951592,7.837505772,7.775732533999999,8.070417811,8.882050522,8.34193317,8.157114298,9.12835015,8.99516017,9.050354964,9.033734682999999,7.986096483,7.930790766,8.11682633,8.713840583,8.805455732999999,8.674827764,9.155821945,9.111115108
Ga0242637_11394,9.407113971,9.494482643,9.464657022,9.515730513,9.377477355,9.274285572,8.794646806,8.857059648,8.932701457,8.552245077,8.922351393,8.513611915,9.944689397000001,10.11070535,9.909304984,9.196247362000001,9.099837755,8.983654106,8.968764374,9.159522362,9.023957691,10.96559336,11.96147196,10.35526172,8.560644006,8.308913039,8.675295849,8.841437148999999,9.048189553,9.103130242999999,8.100355403,7.757532427999999,8.208640377,9.089650112000001,8.501100935,8.302998488,9.05131476,9.057626743,9.06634699,9.153793285,8.35172899,8.471336566,8.588112741,8.910407501,8.900828323999999,8.834051578,9.033906319,8.867881741
Ga0242637_11395,9.632818327,9.758608616,9.71308853,9.467327492999999,9.401980522,9.43282328,8.981491912000001,8.859325333,9.001495504,8.642485962,8.68924918,8.757332677,10.10066086,10.13711101,10.10190602,9.221363786,9.158949137,9.047239997,8.534102857,8.315709898,8.30789888,10.15123045,10.37163271,9.570906075,8.743640677,8.432173662,8.815282024,9.125515772,9.354566421,9.19254782,8.315230002,8.182724784,8.395677499,9.22398768,8.685109633,8.477059302999999,9.439249366,9.329809279,9.355644904,9.41637379,8.289864517,8.401528901,8.47001242,8.908137042,8.81124387,8.964376865,9.472371542000001,9.379284159
Ga0242637_11396,9.08172476,8.995458352,9.132589083,8.911458283,8.972585217,8.881807809,8.567028975,8.53300432,8.470228718,8.178488609,8.693196789,8.537550414,9.434184334,9.201731258999999,9.241214103999999,9.106654509,9.052659907,9.16063863,9.365546344,9.054950836,9.325769045,10.18824428,10.58228704,9.938020116,7.632445102,7.210746651,7.627899467000001,8.337536207000001,8.519070131,8.307171055,7.758130033,7.929955262999999,7.852551151,8.728966892999999,8.418153999,8.031384222,9.27107988,9.267747017000001,9.404987581,8.814435611,8.094618293,8.14968974,8.109662395,8.023583911000001,8.228427643,8.190352847,9.213121793,9.073318764
Ga0242637_11397,10.84145031,10.66962548,11.07420603,11.175925300000001,11.23814396,11.08511438,10.79810712,10.89020259,11.03714348,10.46534946,11.4612252,10.98842964,11.08030085,10.9007347,10.68504529,11.82457735,11.65850571,11.55659666,12.26152134,12.38418432,12.30138441,12.79047257,13.05033986,12.46823442,9.485029539,9.379840105,9.556346801,9.87326731,9.999558667999999,10.09544897,10.07023357,10.15621936,10.19184737,10.71952273,10.25314913,10.07587257,11.70341651,11.95306322,11.77805931,11.10780541,11.05279694,10.88074852,11.029977699999998,10.01756093,10.22570477,10.342130699999998,11.35010213,11.07503631
Ga0242637_11398,5.810393549,5.933828587000001,5.739873769,5.8320685789999995,5.704514842999999,6.309261059,6.3997344279999995,6.114862433,6.465298007,6.501520205,6.283547148999999,5.712434593999999,5.7478857020000005,5.820595878,5.292855855,7.801399925,8.529471073,8.356113608,9.834356269,10.50331566,10.62095886,12.05492997,11.77638876,11.86284986,6.117068775,6.015082574,5.950613207999999,7.082976767999999,6.218883214,5.748832695,7.135024789,7.452741349,6.998934993,6.138191375,5.870961901,6.160800168,6.375740119,6.5309503410000005,6.440691297000001,8.369855622000001,6.9183599120000006,6.7275943510000005,6.980871821,6.223772972999999,5.831705172,6.133643244,8.546715906000001,8.485895869
Ga0242637_11399,11.88640322,11.977072,11.98676945,11.54318865,11.55887183,11.48422257,11.23985067,11.29811621,11.26731147,11.53185445,11.64261398,11.84167175,11.83377355,11.90629669,11.79417611,10.77492025,10.47864431,10.46709054,10.34181362,10.16610171,10.25667846,9.54581448,9.567641463,9.802685403,11.63976837,11.45584729,11.62518447,11.81107511,11.98469522,11.91984578,10.97440848,10.95041484,11.1922098,11.56554407,11.49988298,11.47238903,10.44730744,10.46731591,10.50725433,10.06132577,10.76775606,10.78910262,10.84070764,11.57562115,11.67873875,11.68992213,10.15213043,9.864062176000001
Ga0242637_114,1.764951351,1.764951351,1.764951351,1.764951351,1.764951351,1.764951351,1.764951351,1.764951351,1.764951351,1.764951351,1.764951351,1.764951351,1.764951351,1.764951351,1.764951351,1.764951351,1.764951351,1.764951351,1.764951351,1.764951351,1.764951351,1.764951351,1.764951351,3.1138557000000002,1.764951351,1.764951351,1.764951351,1.764951351,1.764951351,1.764951351,1.764951351,1.764951351,1.764951351,2.418245537,1.764951351,1.764951351,1.764951351,1.764951351,1.764951351,1.764951351,1.764951351,1.764951351,1.764951351,1.764951351,1.764951351,1.764951351,1.764951351,1.764951351
Ga0242637_1140,9.855749023,10.05657565,9.786372806000001,10.07931402,10.07919401,10.13085842,10.17276869,10.078119099999999,10.21222111,9.887799204,10.21372999,9.70785754,9.841792075,9.98146464,9.924919173,10.37699088,10.45978156,10.51905335,10.62621291,10.57313157,10.70963374,10.57812854,10.994603900000001,10.85804815,9.101153639,8.989877432,9.154818695,9.293499829,9.486372033,9.452801014,9.893351153,9.943325723,9.78763523,9.814899242000001,9.830705368,9.518259312,10.54537301,10.61793696,10.68718317,10.65536249,10.93087832,10.56061021,10.91243873,9.438351117,9.292944526,9.320897583999999,10.63463319,10.70664755
Ga0242637_11400,8.015737787,8.069347379,8.129824299,8.346784756,8.281288273,8.397958137,8.605443333,8.637028457000001,8.649113627,8.518597301,9.019874623,8.780922166,8.367360558,8.618779502999999,8.339608842999999,9.751225454,9.711121472,9.672672612000001,9.742089519,9.765541119,9.653620992999999,9.214641884,8.969394242,9.148005199,8.544561966,8.783610748,8.523804247000001,8.197361577999999,8.294244792999999,8.393078612,8.877521154,8.777725749,8.976857263,8.634331513,8.330144527,9.068178452,8.693977946,8.818828337000001,8.897840533,10.012533099999999,9.393416006,9.098942491,9.427700864,8.88523372,8.917023228,9.14110591,9.977574509,10.02318937
Ga0242637_11401,7.960452035,7.424018648,7.781077725,7.597970592,7.266930215,7.562893636,7.480998445,7.319800241,7.24552838,7.476254328,8.382025251,7.731934684,9.901664253,9.712578922,9.072717234,8.679479531,8.626101442000001,8.763717624,9.559030922,9.083586059,8.986587128,9.063464768,8.080489402000001,9.207673352999999,7.92361754,9.957750654,8.233847593,9.703073766000001,7.582164827000001,7.772433565,7.5413369470000005,7.726678944,7.667315236,8.040960598,8.298228814,8.166116566,9.000991257,8.94976624,8.656595179,9.017999671,7.420031753,7.672614546,8.240041159,8.301313291,8.552533053,8.977434601,8.556589086,8.854573428
Ga0242637_11402,13.78627803,13.7096334,14.11078504,14.34035415,14.26538078,14.29652895,14.16891481,14.25444382,14.36757957,12.30103188,13.09660546,13.56087712,11.87471333,11.98755039,11.7507562,11.60769769,11.70730116,11.64924374,11.89916016,11.96519653,12.10917966,11.014073199999999,10.79991246,11.11439529,12.106737599999999,11.51684765,12.53109591,13.38053341,13.74861566,14.03676883,13.60122341,13.551409099999999,13.85621897,12.10322251,12.48739642,13.0163785,11.44191285,11.54676473,11.301627,10.94676947,12.33201799,12.72273377,11.78112533,12.09048305,12.22282098,12.04885398,10.98373334,11.09120117
Ga0242637_11403,10.18765095,10.35094274,10.06302262,9.993048001,9.905237636,9.828272975,10.04257402,9.88704268,9.973622661,9.633389766,9.434931215,9.546180672,9.430729502,9.875666261000001,9.803472862000001,8.977824806000001,9.145521449,9.130585154,9.044623911,9.345396713,9.331741962,9.363654731,9.320991036,9.552614431,9.607737222,9.682593087999999,9.72019105,9.687279856,10.03176795,10.11844884,9.906905794,10.07528168,9.995195954,9.082121634,8.957029272,9.03580576,9.041389521000001,8.833184495,9.156613354,8.465776958,9.319662874,9.262353797000001,9.34776404,9.639244084,9.225191641,9.459187117,8.304574179,8.308546931
Ga0242637_11404,8.599711281,8.716684642,8.383706629,8.467017392,8.514279971,8.508583005,8.422466807000001,8.305984263,8.204448548,8.098751741000001,7.586580242,7.87660873,8.035567479,8.318994624,8.333771324,7.651029716,7.700246702,7.88520884,7.347604102999999,7.554507195,7.401913389,7.338747958,7.504855366,7.364813634,8.626296461,8.672201083,8.216382466,8.52693121,8.559546437,8.404943863,8.340879196,8.397731151,8.259651117999999,7.965213581,7.627276862,7.9008461070000005,7.613790029,7.982207333,8.068560806,7.76215123,7.458041465,7.663465197000001,7.388713487,8.132634015,7.650913388999999,7.955359694,7.329034207,7.642223548
Ga0242637_11405,8.55291171,8.505073923,8.528058317000001,8.685883501000001,8.570952839,8.758958147000001,8.60796828,8.507227967999999,8.377699762,8.009510013,7.754702421,8.23975644,8.569401172000001,8.334292282,8.153307,8.234040967,7.9575685929999995,8.039838363,7.973967952000001,8.156340113999999,8.027850599,7.43432001,7.413591428999999,7.632092599,7.614065048,7.348953677999999,7.930689183999999,7.726823405,7.848032344,7.944908966,7.863022247999999,7.951462597000001,8.212628974,7.6860797629999995,7.983975179,7.645869407999999,7.836799837999999,8.105619707,8.438712262000001,7.694454717999999,8.275748923,8.269087016,8.316699768,8.362297208,7.899410702999999,8.540501156,7.838300161,7.682959076
Ga0242637_11406,9.878971261,9.561764375,9.690084331,9.877148724,9.744819259,9.610928977,9.493976254,9.378462558999999,9.3869298,9.208792929,9.208201727,9.427362873,9.390392622,9.325533437999999,9.250538536,8.626739686,8.536347106000001,8.244541522,8.323208482,8.235037402,8.245984578,7.700910285,7.726885338,7.711204221,8.918547141,9.008761913999999,9.1820632,8.959231837,9.187527627,9.226372912,8.800390011000001,8.605301884,9.056679524,9.117537073,9.132430211,8.847208806,8.41527722,7.9297252270000005,8.017764217,8.412608139,9.159779472,9.12583169,9.10643267,8.66626704,8.633171772,8.824448194,9.253133867999999,8.827582707000001
Ga0242637_11407,4.689666095,4.414199049,4.503928157,4.55814469,4.9074591430000005,5.627213106,6.777504335,6.705150682,6.2556058189999995,6.694890934,7.991143042999999,8.128566426,4.8446072760000005,4.890821606,5.026910207,5.705893862999999,5.323630748,5.638812633,5.480689365,6.086052777000001,5.837348212,5.865819405,5.844865089,5.850504926,4.93995569,5.266836838,4.904712457,4.992980103,5.428273047999999,5.53408641,5.096243803999999,4.509011222,5.1002818780000005,7.255061337999999,6.1292320160000004,5.995141107,6.097225568,6.029579036,6.245463007000001,9.014038954,6.045169324,4.442236701000001,5.198829547,4.613783816000001,3.712631568,4.658919033,9.872816496,9.866274097
Ga0242637_11408,6.29069105,6.153829545,6.250854297,6.58032575,6.647689439,7.465409016000001,8.967796503999999,8.763384249,8.172671744,9.262630233,10.62153759,10.48937957,7.687348678999999,6.51992215,7.455001337000001,7.762809346,7.538389448999999,7.733478177,7.793817868,8.614458003,8.665669596,7.688042747999999,7.660392428,8.034903358,7.938464928999999,7.940545855,7.235494209,7.822490727000001,7.781135957,8.582604734,8.333597278,7.74527014,7.800495736,10.22351927,9.660726837,9.932896081,8.533293443,8.74482289,9.086651057000001,11.18469377,8.913123975,7.498325509,7.2651612629999995,8.871315124,8.467118,7.08896174,12.00223335,11.82523337
Ga0242637_11409,7.485359676,7.7563907379999995,7.577822742,8.033801237,7.9661851210000005,8.040040814,7.92765015,7.754201865,7.971022886,7.447924152000001,6.996841408,7.099623768,7.652170551,7.861321172,7.646163238,8.219866657999999,8.112846003,8.393716773,8.201934847,8.080222844,8.245984578,8.061695493,8.233149926,8.2317106,6.765689145,7.057866001,7.209236527000001,7.630977157,7.756471818,7.820481096,7.330662785,7.29340504,7.474796136,7.255061337999999,7.255631594,7.178665832999999,7.8819997310000005,8.384384447999999,8.381422418,8.459965174,7.896681636,7.597740665,7.958361318,7.417138271000001,6.92846714,7.241151425,8.384352097999999,8.076030641000001
Ga0242637_1141,11.08233296,11.03085953,11.20214358,11.178934199999999,11.353010099999999,11.10333204,11.0611465,11.03251701,11.15332855,10.74100878,11.11051123,10.87009474,11.11084442,10.76669292,10.53732583,12.1668935,12.02184635,11.86902789,11.55223156,11.764290699999998,11.67122849,10.95220614,11.18791375,11.17842396,10.15819179,9.793227866,10.18377856,9.788459807,10.3094398,10.16686503,10.59355052,10.33353285,10.57231281,10.95823623,10.59764159,10.72660705,11.78002149,11.71608383,11.45483385,11.04998657,11.85016031,11.75760861,11.91914419,9.939672707,9.962569613,9.76678983,11.31998944,11.17745393
Ga0242637_11410,6.73642393,6.907498005,6.9249169329999996,7.577262422,7.445995129,7.512106178,7.647377178999999,7.396716426,7.338504287999999,6.799558632999999,6.324916617,6.51177938,7.195077515,7.14706257,7.14401722,8.362173653,8.261343326,8.221913168,8.683960378,8.61935587,8.451968772,8.954884202999999,9.049503513,8.821223372999999,6.550401957999999,6.6070503920000005,6.969542612000001,6.951542017,6.852304028,7.203276837000001,7.293602171,6.99496906,7.447972029,6.958616792999999,6.8667530160000005,7.2761609289999996,8.12695937,8.523676079,8.374098507000001,9.224053232000001,8.423906159,7.803313813,8.152121767999999,7.71611328,7.350482686,7.631055507,9.047972578,9.218902583
Ga0242637_11411,4.832996613,4.8396225489999996,5.144354881,5.333525783,5.375431402,5.3712010779999995,5.105703657,5.26914868,4.920335663,4.614551348,4.968531455,4.281776014,5.3956414189999995,5.191750273999999,4.622938842,6.096716606,6.304208793,6.245288737,6.307282713999999,6.736671761,6.698428825,6.364313645,6.134042288,6.352505232,4.525876352,4.348487282,5.147612545,5.073796326,4.503972568,5.2461741669999995,4.870546616,4.3849201980000005,4.991882299999999,4.8621869669999995,5.076266476,5.180067749,6.097225568,6.72840642,6.038177841,6.630266219,5.790192407999999,6.277393187,6.126665356,5.63493947,5.831705172,5.859650562000001,6.756440132000001,6.638418239
Ga0242637_11412,7.270697058,7.399698107000001,7.535923822000001,8.006957595,8.250774937000001,8.121343365,8.021560672,7.991690079,7.8727315120000005,7.313061093,7.346952184,7.54772042,8.270179857999999,7.843610709,7.900351787999999,8.566407986,8.701449067999999,8.774123448,9.113493871000001,9.523158101,9.521373341,9.068436896,9.209170888,9.383546639,7.7605167239999995,7.456833825,7.772362507,7.597558303,7.598910902999999,7.760167301,7.621274568,7.547600844,7.811058234,7.768145946000001,7.896078563,7.977853637000001,8.719100914,9.157980603,8.724397194,9.227477985,8.417491822,8.407020317,8.424550832000001,8.311658021,8.620041163,8.446589024,9.129606043999999,9.225809961
Ga0242637_11413,11.60318733,11.77424897,11.67602029,12.01257749,12.04292547,12.14966113,12.44264491,12.40097316,12.44015908,11.73631694,12.50819344,12.4070526,11.32649782,11.55234989,11.6338953,11.17729709,11.37952493,11.50325878,12.29261338,12.56291058,12.56333392,12.367852300000001,12.01897832,12.39355432,11.54877954,11.64173339,11.7118565,12.16646282,12.08490112,12.30306668,12.8170586,12.95304069,12.65177705,11.417119900000001,11.97862851,12.10694332,11.39591849,11.66282751,11.93497702,11.52382369,11.53320296,11.52805875,11.12362434,12.76692919,12.75174359,12.68080858,11.72095969,11.53670534
Ga0242637_11414,9.033840932999999,9.296380118,9.043575726,8.929947215,8.885895537,8.895078351,9.19973324,9.087120296,9.011793958,9.112840744,10.83576981,10.11290746,9.125639256,9.290672099999998,9.195276336000001,8.491692741,8.746617938,8.672099493,7.711563245,7.681732133,7.490039605,7.236386233999999,7.148351292,7.419691114,8.74926461,8.817327817999999,8.734771623,8.5410608,8.679831886,8.660555482000001,10.05703108,10.37091818,9.446959793,8.984542618999999,9.624188517999999,9.777115592000001,8.615871965,9.169340796,9.091124524,10.12146496,8.384985162000001,8.201171893,8.503192342,8.458535217,8.157491123,8.462155807,9.990377794,10.32123492
Ga0242637_11415,7.913586724,8.077034488999999,7.94096203,8.143501503,7.823145632,7.802450062999999,8.106160142,8.14071193,8.217855745,8.57860936,9.896942099,9.163317664,7.8041236220000005,8.076747409,7.969753462000001,7.801399925,7.68175627,7.662422122000001,7.5599681510000005,7.5129899060000005,7.446649796,6.92145699,7.542266537000001,7.307763969,8.110022422,8.416544443,7.825173111000001,7.912204267000001,7.637244897,7.950317496,9.203312125,9.568590347,8.643296686000001,8.573882422,9.004774075,9.183490091,7.790137228,8.432325196,8.160832572,9.668987337,7.482835688,7.251998535,7.6871191439999995,7.384833404,7.051013781,7.297795337,9.29796345,9.697656772
Ga0242637_11416,9.751549007000001,9.830849407,9.77869663,9.655605052,9.544002875,9.48348538,9.465022558,9.490864464,9.480735182,9.596776072,10.45600705,10.07796877,9.803570495,9.886947961,9.795001059,9.37315564,9.294901091,9.195895369,8.631250427000001,7.969494816,8.349709953,8.475138391,8.097341368,8.239355723,9.140202253,9.36363144,9.286170091,8.883629539,8.973125335,9.015561042,9.22708417,9.257228709,9.389987489,9.382554139,9.302938461,9.337508624,8.815433355,9.026731547,9.073146815,9.139321127999999,9.212598757,9.184560201,9.138461137,9.411352582000001,9.267908604,9.334493057000001,9.16230215,8.986507473
Ga0242637_11417,9.517428352,9.584860323,9.548300341000001,9.12443173,9.129651139,9.219076128,8.899361264,9.069615623999999,9.067157649,9.518936554,9.747406557,9.628354307999999,9.942265081,9.867803848,9.840992116,8.637443044,8.261343326,8.094839907,7.1113485139999995,6.480559145,6.389951718,6.87677085,6.428968772999999,6.849139407000001,9.438795307000001,9.31556946,9.228537001,8.927314759,9.172693805,9.056253307,8.926742025,8.907171402000001,8.983874907999999,9.128542643,9.288797877999999,8.982449206,8.009674187,8.163579152,8.243540947,8.300003086,8.468025172,8.601567401,8.540961606,9.138646075,9.280480876,9.177393531,8.286889326,8.052909213
Ga0242637_11418,9.866723712999999,9.974596127,9.854897379,9.360823483999999,9.500901466,9.354931049,8.83184367,8.758536918999999,8.632524727,8.555567086,8.543801143,8.839866702,9.886612353,10.05486022,9.999630168,9.224916413999999,9.161174984,9.064298704,8.377559666,7.52348185,7.511254419,7.338747958,6.604463303999999,7.088175727,8.883176695,8.711156075,9.086772219,9.301821697000001,9.789560925,9.499657395,8.553250971,8.734963987999999,8.331102916,8.716863907,8.257314676,8.450288074,8.861289857000001,9.496921808,9.351921865,8.680909599,8.188025139,8.269087016,8.087954576,8.66626704,8.481709724,8.7350134,8.857454597,8.841141193
Ga0242637_1142,10.3411123,10.33740705,10.511975300000001,10.49393199,10.62032846,10.53219917,10.39735982,10.54020923,10.46360165,9.785420631000001,10.26899211,9.889330286,10.56506616,10.21905031,10.14253937,11.58022499,11.55015643,11.43768192,11.15179214,11.07715658,11.13805505,10.16289961,10.02052454,10.29418577,9.73789295,8.843277779,9.744761836,9.701502134,10.26729781,9.832492829,10.06804153,10.11155039,10.13729374,10.49131276,9.697892139,10.26788263,11.44756039,11.58861579,11.39322657,10.90353624,10.81731878,10.73118376,10.98175273,9.839577319,9.970350228,9.69351111,11.0775694,10.91330502
Ga0242637_11420,7.581784239,7.8669498010000005,7.734210302999999,7.971693496,7.848841867999999,8.205426382999999,10.79589435,10.89517968,10.76771667,11.95772381,9.819603851,10.77681029,7.371293898999999,7.556703326,7.533514062999999,7.8108883360000005,8.261343326,8.335181946,9.09090058,9.802614709,9.688949147,10.8987757,10.65094649,10.74714079,8.697841987999999,8.741579935,8.548439958,7.726823405,7.559529802999999,7.624648828,9.340401049,9.246395714,9.998664604,9.313507877000001,10.94028044,11.25830774,9.041389521000001,9.093848223,9.148051385,8.665841771,13.794731299999999,13.21112432,13.61071337,10.16935805,10.05815279,9.709250562000001,8.623871518,8.669368577
Ga0242637_11421,6.002327897000001,5.983894141,6.026686716,6.159864192000001,6.405708415,6.11078736,8.705504646,8.72414172,8.697765497999999,10.69279925,8.762466483999999,9.65047513,6.18631923,5.877584607,5.763564733,5.746170234,6.304208793,6.1996051979999995,7.161799782999999,8.022227391,8.064184962,8.837460729,8.516083422000001,8.559432531,6.563245716,6.886816532,6.491455609,5.621034657,5.659780544,5.99969934,7.429633076,7.215523833,8.021234368,7.695980573,9.388782393,9.611268907000001,6.985673822000001,6.665550105,6.944911959,6.170220277,11.28631182,11.00905059,11.34944943,7.976678742000001,8.352704613,7.752525006,6.3646691120000005,6.462210128
Ga0242637_11422,7.854158155,7.99825492,7.950105098,8.557000544,8.303756984,8.431741911,8.216173592,8.244905072,8.130759336,7.965229458,7.661044982999999,7.646442088,7.97991315,7.973053022,8.071481446,7.575102911,7.867731953,7.821409029,6.933996844,6.736671761,6.888874919,6.192437593999999,5.674972682000001,6.656842683,7.908615697999999,7.905141032,7.903661616,7.689245926,7.524896686,7.6907717,7.691325351000001,7.375273631000001,7.649768307,7.893893724,7.230475016000001,7.448438772,7.640341822000001,7.7446304360000005,7.523708729,7.3493017929999995,8.621007942,8.450214865,8.628768887,7.840412791,7.6248512260000005,7.6798128310000005,7.363200292,7.1981723639999995
Ga0242637_11423,7.653266805,7.727373793,7.541984447999999,7.561533739,7.64686695,7.8801516110000005,7.208845802000001,7.252411378,7.039382035,7.517732323,7.2749985310000005,7.152279693,7.892184919,7.438961588,7.7016191439999995,6.73823992,6.527997551,6.725100089,5.480689365,5.734069421,5.4081854620000005,5.094429967,5.318206933,5.380361131,7.219351136,7.181440585,7.407011441,7.033833577999999,7.123277882999999,7.040321433,6.651566065,6.57714242,6.414086646,7.3269234260000005,7.078978501,6.424000522999999,6.661800464,6.665550105,6.974289435,6.253374702,7.006528317000001,7.09747948,7.1991722629999995,6.980152202,6.863048794,6.52671136,6.271662857999999,6.390139383999999
Ga0242637_11424,9.874900287,9.836520655,9.917986627000001,11.25096173,11.23862991,11.31969956,11.21853138,11.26816282,11.19967004,11.36723442,11.9152273,10.75315428,11.32370659,10.76434207,10.59336301,13.47323789,13.40532913,13.50492829,12.98359507,12.46937948,12.48644328,11.46704503,11.45956362,11.78859702,10.68525545,10.31885512,11.02828218,9.692036211,9.637163524,10.01773944,10.82988391,10.61194056,10.95095264,12.35081055,11.52336519,11.99563783,13.33293008,13.64716425,13.23116143,14.76755776,15.1564585,14.42155465,14.62805444,11.78621587,11.87110919,11.88961591,14.72643361,14.921621700000001
Ga0242637_11425,8.450853148,8.841517987000001,9.071070653,8.917647627000001,8.895789027000001,8.74680973,8.425332909,8.451249819,8.369714258,8.438092387000001,9.84997796,8.852644714,9.944689397000001,9.61366543,9.272063987000001,10.59307259,10.38367056,10.34764096,9.397459777,8.345574697,8.505795292,7.4946867720000006,7.272294658,7.655142282999999,7.662567254,7.462935151,7.813603427,7.689245926,7.871191258,7.861248282000001,7.597147036,7.334920497000001,7.678895669,9.642637512,9.243431615,9.106090471,11.19570534,11.382003300000001,11.05605335,11.90204962,10.93873766,10.33003606,10.01944069,8.015168386000001,8.279430421,8.049057152,11.78008845,12.05929355
Ga0242637_11426,7.35108138,7.494611288,7.375483827999999,7.3335582310000005,7.411917569,7.562893636,7.865690723999999,7.734585023999999,7.911755877,7.795767661,8.131597673,7.819166925,7.266618864,7.556703326,7.455001337000001,8.248077334,8.334177578,8.252006097999999,8.562533294,8.946106151,8.884634866,9.322626782999999,9.573674622,9.39385816,7.3730196910000005,7.210746651,7.278221123,7.440550915,7.48341096,7.467533293,8.030013927999999,8.337751505,7.751983022999999,7.221173444,7.11608408,7.472834422000001,8.182208989,8.314472299,8.377765111,8.725191135,8.110612266,8.026661495,7.974225995,7.652416054,7.571269564,7.658346193,8.80043247,8.753036456
Ga0242637_11427,8.629014247,9.085851117999999,8.911750392,9.682507882000001,9.769241947000001,9.564619952000001,9.591607124,9.412803652000001,9.568811598,7.248817774,8.411078706,8.215228108,8.953351948,9.265625046,9.019167326,9.087267852,9.165616401,9.318263343,9.392189657000001,9.029420089,8.986587128,8.981487718,9.561582968,9.305588984,7.4783933110000005,7.634910685,7.7901818039999995,8.985300354,8.833919796,9.510680042999999,8.511914942999999,8.68769592,8.349332201000001,7.307677302999999,7.49271519,8.746783642999999,9.236699391,9.241078444,9.73300572,9.992544396,8.149838021,7.518764527999999,7.618106103,9.349111062999999,8.600118382,8.948991935,10.10413427,9.926869826
Ga0242637_11428,10.09619355,10.39465346,10.57168102,11.63431939,11.73038092,11.50708929,11.26246296,11.32909589,11.22035304,8.673393925,10.21921556,9.50225594,10.94759626,10.73630885,10.58540201,10.83194134,10.65720108,10.56696705,9.806894502,9.051331134,9.157742323999999,8.86057643,8.960212263999999,8.851467051,8.7094287,8.481078673999999,8.823956435,9.717141942000001,9.791989537000001,10.289264300000001,9.442080036,9.316434557000001,9.473793282,9.002601007,8.842758442000001,9.835642202999999,11.79338858,11.96614893,11.95474855,11.79186577,10.06562175,9.298255299,9.152470903,10.15889306,10.21918919,10.06878873,12.08428683,11.89622492
Ga0242637_11429,8.083168628,8.380159897999999,8.063973066,8.325216959,8.336817106,8.514327722,8.9559532,8.824960632,8.732428744,8.785151635,8.2911794,8.740243692,8.178390336,8.118582065,8.393917827000001,8.32954252,8.476828693,8.705103805,9.148297799,9.616744768,9.412865627999999,9.126802908,9.359913178,9.077256441,8.096847839,8.101694655,8.263911741,9.055881456,9.312894562,9.380534897999999,8.617619097999999,8.648733602,8.573679589,8.982522106000001,8.812012026,8.809406552999999,8.768071128999999,8.84030935,9.394167467,9.033734682999999,8.621007942,8.466085066,8.776303364,9.230552872999999,8.98004373,8.970920507,9.300903133,9.006701054
Ga0242637_1143,11.16189329,11.25406719,11.30547811,11.129577900000001,11.14219143,11.13630029,10.99613538,11.03301885,11.14516583,10.5953006,10.65227805,10.33061684,11.38166484,11.315026800000002,11.23336978,12.24944247,12.08885344,12.02936053,11.4069412,10.79928921,10.98823722,10.11564573,10.08107261,10.39857638,10.89701574,10.47487865,10.72985114,11.008125999999999,11.28546706,11.03035052,10.95674487,10.87012668,10.93051655,11.21727499,10.4411436,10.96918272,12.07335722,12.33106763,12.18796855,11.56839131,10.81975278,10.67653647,10.83311698,10.41539458,10.45002468,10.33960476,11.67807867,11.58518094
Ga0242637_11430,9.950350191,9.899644601,9.913320246,10.32959017,10.26907874,10.35146964,10.30312797,10.20556971,10.32284844,10.00177259,9.630819245,9.528372808,10.07765072,10.11808887,10.02520796,10.00990004,10.06142778,10.09512603,9.847893576,9.809059343,9.695912136,9.210149729,9.518445766000001,9.499491978,9.875384954,9.795646269,9.950201545,9.543801972,9.589095691,9.559265546,9.765262856,9.656319989,9.970679042,9.563749502,9.35427953,9.418837402000001,10.02707843,9.943180245,9.869465263,9.586045333,10.36128688,10.26953109,10.3524371,10.24686367,10.12008386,10.13146163,9.751280446,9.531990053
Ga0242637_11431,11.66185663,11.65350412,11.80316597,11.88019303,11.89971668,11.81553381,11.92832096,11.99840866,12.06015023,10.96049716,12.12043814,12.17241213,11.17780642,11.34081567,11.2187965,10.83775346,10.74810665,10.8138756,11.08395458,10.89427949,11.04931875,10.77193395,10.6972732,10.57356629,11.02074557,11.02571074,11.30103153,11.69464059,11.88555965,12.07176826,12.78204773,12.80420666,12.47380442,10.93073149,11.75664063,11.87547905,10.92318351,10.68674573,10.83851864,10.68555675,10.52685164,10.81204837,10.33565129,12.35084612,12.61118112,12.31904487,10.92683094,10.73839011
Ga0242637_11432,9.405233373,9.548003768,9.238980453,9.313103773,9.540853967,9.489330329,10.02944942,9.952172271,9.908976161,8.360445037,9.180348277,9.423085919,8.784978093,9.163704525,9.182342109,8.52088915,8.746617938,8.881487159,8.171492486,7.058766186000001,7.332092723,7.738837951,7.426988232,7.733032594,8.8070288,8.900574544,9.093962224,9.538529959,9.647929166,9.813331651,10.58207506,10.82787911,10.34230647,8.322341041,9.105022405,9.441256235,8.706594123,8.75239664,9.200748482,9.185834371,8.468025172,8.712163342,8.88518601,10.4999883,10.22570477,10.09897273,9.001746608,9.162419595
Ga0242637_11433,7.757208084,7.751594948999999,7.554029801,7.2639830839999995,7.062419296,7.0877564689999994,9.232827573,9.883707722,8.15883583,7.882986327999999,7.595046579,7.799499686,8.835496487999999,8.12152433,8.716799895,9.235522104,9.432098343,9.693379405,9.647944876,9.561833251,9.361241136,9.301666784,8.960212263999999,9.450937524,8.632396006,8.425942282000001,7.819399872000001,12.17101258,8.931875052,8.883283183,9.179141776,9.397009554,10.61738202,8.415152858999999,8.797816762,9.454787073,9.750768392000001,10.86149257,10.98090941,12.13688086,9.965858586,7.538917829,7.798246267000001,7.99391219,7.234604227,9.2292594,12.04975329,12.28604682
Ga0242637_11434,8.239121655,8.246805219,8.196645858,8.343723317,8.511065229,8.539899522,8.710212551,8.836506733,8.741739564,8.856915362999999,8.945703587999999,8.409357477,8.732626092,8.570076392999999,8.609765024,9.685705882999999,9.878736872000001,9.945497156,10.03535407,9.785286929,9.959684434,9.39960799,9.185727821,9.417635558999999,8.686161454,8.824451502,8.516687494,8.201815672,7.911962547000001,7.977060012000001,9.421622892,9.706189885,9.14280415,8.516386157000001,8.357502965,8.786240374,9.917399332999999,10.03297684,9.959069278,10.03224863,9.6556652,9.43354252,9.673388518,9.00692688,8.740204541,9.065671848,10.03343169,10.09284798
Ga0242637_11435,8.641849126,8.577308711,8.628280468,8.481017282,8.663622136,8.556698959,8.556609987,8.469162931,8.365704866,8.88623412,8.677341118,8.852644714,9.07120505,8.713465132,8.721278164,8.982029842000001,8.816069306000001,8.837512455,8.306495571000001,8.549224447,8.473741001,7.43432001,6.9209990370000005,7.608668442999999,8.92849571,8.920656674,8.649500716,8.734836424,8.527839752,8.514873377,8.043466941,8.024308589,8.057169624,8.644590596,8.391932406,8.35378464,8.681250452999999,8.729555039,8.363042437999999,8.325797109,8.903976472,8.601567401,8.872545805,8.498323716,8.746259949,8.504869727,8.692638913,8.738619769
Ga0242637_11436,7.262406447999999,7.278217386000001,6.84869378,7.2312125410000005,7.155997172999999,7.191843541,7.447545957999999,7.326369027999999,6.9457403289999995,7.389536784,7.24302656,6.735462563,7.258842952999999,7.051518300000001,7.348989828,7.651029716,7.538389448999999,8.004918199,7.325646891,6.922652875,7.127457992,5.954705207000001,6.374626861,5.965935097999999,7.697902363,7.568561275,7.807783589,7.611018937000001,7.338030185,7.308130413,6.651566065,6.974094147000001,6.62055302,7.084601861,7.187546267,6.705282272000001,7.3816884279999995,7.441409181,7.638213619,7.80863117,6.971905777000001,7.380417295,7.587486987999999,7.096460231,6.262835217999999,6.93673013,7.552758734,7.454979879
Ga0242637_11437,7.6595928660000006,7.424018648,7.255199876,7.2378265310000005,7.282103091000001,7.308893808,7.112505014,7.05295318,7.24552838,7.517732323,6.848869325,6.964795992999999,7.669866892999999,7.709238535,7.802293917999999,7.223707786,7.173939535,7.451642255,6.82860972,6.344987747,6.734981756,5.3129993319999995,5.429562132999999,6.139804722,7.680343046,7.302073823,7.5252330679999995,7.194502378999999,7.383848665,7.099961851000001,7.04867273,7.005294172999999,7.181036455,7.03083363,7.238909425,7.07409317,6.71277151,7.151673496,7.068100901,6.78717803,6.172806286,6.478853096,6.522144706000001,7.311106634,7.108587705,7.1207127,6.871740189,7.280129452000001
Ga0242637_11438,14.20504319,14.28107823,14.28970644,13.97136416,14.07150325,13.94670593,13.46266439,13.41091896,13.41232202,13.21858704,13.59580343,13.627910199999999,13.9454449,13.92946218,13.70244293,12.37665783,12.24704884,12.11448,11.490073800000001,11.60490476,11.61233728,11.06844109,10.93609745,11.15436596,13.66450021,13.25616089,13.87146715,13.58635415,13.86073412,13.67116238,12.88182494,12.81561081,12.91195393,13.27415659,13.13151369,12.72949424,12.63834841,12.69166829,12.74596502,11.66500831,12.67858945,12.58963418,12.75153527,13.29969589,13.40039229,13.38044363,11.64086111,11.66294495
Ga0242637_11439,10.68671491,10.60331153,10.697786500000001,10.55608516,10.63295226,10.5490867,10.4940252,10.61518714,10.69449105,10.94538263,11.92155028,11.57299145,10.45628299,10.53479175,10.48890587,10.17326542,10.10947606,9.935102322,10.04713796,10.67543371,10.68067685,10.59027876,10.37336305,10.32145028,10.66457239,10.82902182,10.5252323,11.06667693,10.887578,11.00718799,10.38043838,10.31187508,10.52016957,10.5901583,10.85989628,10.76808832,9.79869062,9.861496397,9.708467515,9.907565972,9.80809223,9.929500573,9.368917482999999,10.40093506,10.66344041,10.64731226,9.959084717,9.841754414
Ga0242637_1144,4.832996613,5.136062347,4.648502583,4.55814469,4.325924049,4.268645649,4.708165356,5.154750768,4.625687201,5.05635864,4.6764910319999995,4.2014779110000005,4.342851821,4.613495265,4.542587383,4.4900135830000005,4.347036161,4.291204563,4.302796251,4.182356513999999,3.8028251330000002,6.656513704,5.532841605,5.264394062,4.354923841000001,4.401657499,4.6108539319999995,5.566548676,4.454607607,3.8398030480000003,5.096243803999999,4.872372338,5.028947718,4.826076093,4.957334987,4.631806248,5.152609088,5.69298164,5.65727789,6.5448917589999995,4.3167515430000005,4.950622766,3.4946380269999997,4.4188348369999995,4.079391123,4.419220102,6.247439525,6.365290169
Ga0242637_11440,10.01836336,10.20950696,10.06932868,9.897123468,9.884271859,9.75980319,9.824363955,9.778699721,9.869883107,10.29893404,10.10829291,9.939601012999999,9.815541094,9.895566553,9.832738423,9.89641254,9.878736872000001,9.885577494,10.15530868,10.34527818,10.35965364,10.59545484,10.92316122,10.54455097,9.62771978,9.646874257999999,9.777877579,9.792894500000001,9.933998982,9.959935699999999,9.48707476,9.44327922,9.54827052,9.474557851,9.205222394,9.147583431000001,9.5057244,9.483332581,9.523913903,9.534443339,9.585881032,9.586554999,9.781010707,9.708724054,9.590879662999999,9.745321606000001,9.366913454,9.631575398999999
Ga0242637_11441,4.921002898,4.643131277,4.77944872,4.323454215,4.13185483,4.088802371,4.3619100589999995,4.617394197,4.7309567139999995,5.267307644,5.020303588,5.041850661000001,4.458824889,3.797966011,4.622938842,5.105299126,4.918637849,4.868474378999999,4.954887797,5.497973493,5.4529875489999995,6.488400766,6.556467632,6.294877003,4.93995569,5.34875458,4.904712457,4.95076686,5.240463367,4.837999339,5.614698535,5.431291565,4.953816253,5.3412443,5.351814527,5.461134752,5.152609088,4.608026708,4.587683268,6.081954045,4.7092957680000005,5.539840324,4.677691172,4.309901821,4.80563102,4.567961712,5.919555579,6.390139383999999
Ga0242637_11442,9.235695213,9.18875838,9.233375237999999,8.898999352,8.837951982,8.766198389,8.728892007,8.72165325,8.473958209,8.558881461,9.090417857,8.865310532,9.267958346,9.458283508,9.471305825,8.53240423,8.642126722999999,8.69965526,8.722266145,8.73217609,8.587946245,8.690401674,8.255842937,8.583657855,9.024380677,8.852599575,8.863761281,9.650283948,9.312894562,9.19254782,8.047923536,8.173603511,8.548655289,8.659843699,8.641260937,8.57718819,8.743793816,9.163671882000001,9.06407324,9.261285638,8.110612266,7.518764527999999,7.400505644,8.427163952999999,8.391859495,8.525761543,9.089366672999999,9.602680245
Ga0242637_11443,9.301881381,9.658427267999999,9.30281439,9.115485202999999,9.142172759,9.051413651,8.961887006,8.868352657,8.73864263,8.948206209,9.259685934,9.28849971,9.184262216,9.338234214,9.393476282,8.419111545,8.458845464,8.710531847999999,8.152913795,8.222215777999999,7.9981092910000005,7.881296366,8.002119537999999,7.8772248639999995,8.908529483999999,9.004586675,9.143313185,9.645387688,9.362758267,9.317069688,8.36608024,8.45907437,8.457484609,8.672432557999999,8.586159421,8.423010562,8.26983383,8.514796974,8.780871272999999,8.818983167,8.094618293,8.005096383,8.226859048,8.504348768,8.320596952,8.592350446000001,8.692638913,8.885437299
Ga0242637_11444,10.53674621,10.3915748,10.42449714,10.34191555,10.33145694,10.19395896,10.10109691,10.20111089,10.11287546,10.00298972,10.52849701,10.50160023,10.13184523,10.0663562,10.15913788,9.451057755,9.305001776000001,9.230310957999999,8.965219588,8.894514097,9.147619908,8.467630003,8.41216995,8.676684752,9.889459001,9.840842027,9.802956301,10.23445132,10.0881899,9.931509173,9.873405147,9.928492744,10.01588385,9.771092328,9.819507465,9.73640001,9.446788563,9.324738191,9.329379572,8.700758286000001,9.419327202,9.569517433,9.427700864,9.759982085,10.00863604,9.907600237999999,9.033906319,8.64895614
Ga0242637_11445,10.33421022,10.56965649,10.42695463,10.18486008,10.17268814,10.15404103,10.21644082,10.06148896,10.14480833,9.696438365,9.667397361,10.02533252,10.18305107,10.49734541,10.3663186,9.527846865,9.610464348999999,9.648839903999999,9.513644625,9.561833251,9.547271338,8.997217472,9.356417877,9.355683387000001,9.902135524,9.787164062999999,9.98799853,10.28883996,10.30689475,10.21595561,9.657128916,9.754393308,9.930079844,9.271098356,9.264229663,9.410024005,9.000991257,9.026731547,9.410367356,8.442387985,9.829990557,9.919930459,9.930774277000001,9.934104395,9.710295193,10.09797671,8.449388017999999,8.308546931
Ga0242637_11446,12.49358566,12.46327117,12.51658379,12.33103948,12.35539935,12.31428766,12.32787409,12.49412726,12.37009618,12.42561724,13.24044517,12.9141897,12.59380708,12.55085418,12.41669097,12.92610481,13.02785105,13.176509900000001,13.92270106,14.23199587,14.16854308,14.04738976,13.43329966,14.08926657,12.00728238,11.75542267,12.10516575,13.26292141,12.51648644,12.45511359,12.35505439,12.39949931,12.56942607,12.33763261,12.45474737,12.43293988,12.93890611,13.17639025,13.16798679,12.76890562,11.75353264,11.56291018,11.40023439,12.37632264,12.58396974,12.50917743,12.875041,12.82644081
Ga0242637_11447,9.55861911,9.561764375,9.742324323,9.232646881,9.323525722000001,9.320919199,9.177807502,9.278732552000001,9.174185697,9.225573266,9.726372473,9.927574063,9.925179835,9.646715229,9.846126797,9.851155054,9.855558873,10.03474518,10.12226884,9.749994211,9.74149252,9.720222904,8.865027272,9.73940376,9.415994585,9.093761099999998,9.284076089,10.60689641,9.933998982,9.70073464,9.201313325,9.140380479,9.089581735,9.276055872,9.484058231,9.334850145,9.810426511000001,9.919829755,10.07764694,9.254587192999999,7.933115492000001,8.269087016,8.073299027000001,9.453999741,9.62414113,9.408668325,9.498214513999999,9.20498781
Ga0242637_11448,10.06675365,10.25933561,10.01809105,9.727826488,9.747553399,9.878130673,9.741705417,9.742336213,9.768767272,9.219303491,9.185962156,9.508325011,10.17996771,10.33574464,10.34543952,9.369950327,9.23488007,9.228420369,8.345195325,7.333819682000001,7.424455125,8.490038924,8.146747092,8.342338723,9.918450216,9.840842027,9.989284375,10.56861451,10.34377947,10.18532699,9.258182881,9.320572002,9.384694861,9.085890784,9.274517315,9.333519066000001,9.38534208,9.427658242,9.738719261,9.792046933,8.378394986,8.577419286,8.475595681,9.827614112000001,9.643736025,9.705331767999999,9.71647693,9.71494262
Ga0242637_11449,9.712540882999999,9.788174575,9.709055529,9.423056537,9.31617728,9.366092441000001,9.221330717,9.232288492,9.160365825,8.920132395,8.494884675,9.037467119,9.79687699,9.898142122000001,10.07416705,8.740322972000001,8.603362678,8.658121664,7.569340642,6.824195716,7.25871707,7.799914685,7.726885338,7.944251647000001,9.452649483,9.504821802,9.371481379,10.1108426,10.08125666,9.94376062,8.730035504,8.549987448,8.770492993,8.817774138999999,8.837216709,8.970509648,8.755983544,9.001529964,9.017829029,9.254587192999999,8.00333294,7.9978357529999995,8.080645417000001,9.20303483,9.015573109,9.201706202,9.262211925,9.215436452999999
Ga0242637_1145,6.4743867360000005,5.809724601,6.009251455,5.562710944,5.5619811960000005,5.516501086,6.102463161,6.415620744,5.968181014,6.88661062,6.61894186,6.285078918,5.770013193,5.66733307,6.320112005,5.334814583,5.612513862,5.305244467,5.398451337999999,5.872266967000001,5.361928221,6.733737546,6.259363603,6.294877003,6.15153208,6.443721711,6.370162855,7.996662129,7.176324364,7.230214011,6.352947775,6.657935912,7.837130878,7.046401815,7.554826387,7.561946242,6.6089580539999995,7.403416726000001,7.04982092,9.132030239,6.57036743,5.2263368560000005,5.143286713999999,5.720600994,5.527144606,6.102121777000001,8.628559421,9.147946402999999
Ga0242637_11450,9.205755692,9.247835042,9.257508755,9.099240291000001,9.014051641,9.069084412999999,9.033131683999999,9.053875571,8.943501052,8.208344651,8.406276921,8.666173584,9.198553145,9.186359687000001,9.370852862000001,8.509281406,8.310305826,8.210464453,7.642204809,7.014808626000001,7.320119922000001,7.713664007999999,7.726885338,7.689040317999999,8.7094287,8.746588774,8.681673196,9.253301833,9.331378648,9.146177467000001,8.390848527000001,8.009005508,8.666744677999999,8.290027448,8.066821086000001,8.457638733,8.33629196,8.40375237,8.527212351000001,8.998086434,8.165234408,8.075760425,8.658526239,8.731925808,8.764275134,8.955605578,8.916147585,8.881068398
Ga0242637_11451,8.518528709,8.750723563,8.506530782,8.300166562000001,8.32953562,8.437800299,8.470432558999999,8.177497075,8.324985783999999,7.577794197,7.356944218,7.851361083,8.666600339,8.873849836,8.957871461,7.820314722000001,7.644048487999999,7.722771805,7.280702803,7.285317455,7.413228318,8.555249677,8.747187688,8.503390569,7.928583672999999,7.74414678,7.941359959,8.592847263,8.708398851,8.706020439,7.847766606,7.805564697,8.070417811,7.572432683,7.841756097,8.183954269,9.109473525,9.157980603,9.247586346,8.894175678,7.820930477999999,7.380417295,8.166001592999999,8.420806986,7.973559705,8.20152572,8.758276635,8.738619769
Ga0242637_11452,8.885250897999999,9.097234647,8.799902681,8.972188237000001,8.634374275,9.23481853,9.333899158,9.237523401,9.38296835,9.825872984,9.991335619,9.274323881,8.718527529,9.060178374,8.89979354,9.08335906,9.141017633999999,9.35684992,8.975827921,8.633950474,8.511069098,7.947573706,7.517433931,8.377406293,9.321007538,9.103554391,9.138685164,9.055881456,8.916375233,8.976340529,9.872149317,9.924420777,9.585653652000001,9.417372809,8.944197714,9.273701375,8.655453538,9.180612228,8.996525461000001,9.431300654,9.95261155,9.638828098,10.08299525,9.365752534,8.721884289,9.374527222000001,9.178376444,8.994618857999999
Ga0242637_11453,11.621121,11.57697276,11.54678119,12.02457434,11.96695174,11.93705237,12.26846946,12.22745511,12.18142653,13.159507000000001,13.17508821,12.39727465,11.48937203,11.34679875,11.45490091,12.2411338,12.53292197,12.66878272,12.31123121,12.06415195,12.13971536,11.0076163,11.06802718,11.43627133,11.677862900000001,11.59007627,11.79729054,11.41527858,11.236380699999998,11.3028919,12.24001391,12.26132138,12.15996891,12.39058981,11.89941454,11.96523466,12.1010937,12.05150261,12.08632535,12.81402261,13.84339105,13.30913861,13.98840968,12.22402245,12.39263881,12.1824167,12.67403419,12.77114896
Ga0242637_11454,9.009289488,9.183427692,8.964581825,9.136864381,8.86086082,8.875126474,8.814458679,8.78499789,8.825859596,9.603210791,8.842847155,8.833434998,8.624879205,8.906624257999999,8.853627752000001,8.88207021,8.698386921,8.804897978,8.152913795,8.215761968999999,8.113562652,7.82363899,7.965873042999999,7.733032594,8.700747403,8.65098678,8.516687494,8.408616729,8.45000417,8.459059939,8.348124536,8.401642488,8.516751781,8.953933683999999,8.511576768,8.359027989,8.384200191,8.558655828,8.267456073,8.660783981,8.818928849,8.401528901,8.794286368,8.148110588,8.12996388,8.17531976,8.590622556,8.569728879
Ga0242637_11455,9.545019117,9.753821321,9.49776365,9.412869014,9.363286387999999,9.257258499,9.113515218,9.151396024,8.959550347999999,9.09696952,8.810503626000001,9.0869709,9.298607399,9.562626203999999,9.461970926000001,8.491692741,8.227753186000001,8.187290732000001,7.938247507000001,7.9462912160000005,7.779509718,7.64873647,7.780045832000001,7.608668442999999,9.085677961,8.987763815,9.091569536,8.956598887,9.223958272,9.28960128,8.800390011000001,8.987434936,8.894842326000001,8.733779796,8.497592015,8.387530576,8.12695937,7.995034777000001,8.186146856,7.469911105,9.0228269,8.827220675,9.10643267,8.76742993,8.559427824,8.775448213999999,7.67565381,7.419256131
Ga0242637_11456,9.34568453,9.373305762000001,9.17803819,9.386337324,9.329012592,9.287763997,9.152087413,9.195102375,9.144073509,9.723271008,9.257021562,9.203772222000001,8.981960741,9.150802885,9.317136039,8.994571899,9.081151352000001,9.15069021,8.755482219,8.559454407999999,8.622466612,7.858509295,7.5906842999999995,7.906332902000001,9.186536076,9.318935981000001,8.852500102,8.911087437,8.998583214,9.056253307,9.367392129,9.573799318999999,9.104683006,8.829062597,8.867436114,8.77451626,8.681250452999999,8.532500862000001,8.905480671,8.571971858,8.971209349,8.993393502,9.288733079,9.021703861,8.488950603,8.617592542999999,8.041811308,8.193449605
Ga0242637_11457,9.695714554,9.71494007,9.807902752999999,9.746490162,9.77862911,9.777824800000001,9.614388592000001,9.738648937999999,9.519142478,10.21634558,10.61738892,10.17907689,9.749132179,9.636468267,9.393476282,10.120839199999999,9.888173565,9.768160512,9.245017961,8.638782711000001,8.843420365,6.87677085,6.481331944,7.186407929,9.076759601000001,9.039696862000001,9.215410838,8.652632496,8.889410396,8.637274096,9.744823803,9.790636409,9.526007797,9.524016343,9.496416391,9.265348807999999,9.669331002,9.575873953,9.429923315,8.267098032,9.898372436,9.85110084,10.05716389,9.483272441,9.823443949,9.619090019,8.480838409,8.186384427
Ga0242637_11458,9.370956536,9.35603578,9.216427722,9.316230557999999,9.158700957,9.243490645,9.182896946,9.195102375,9.219318556000001,9.604814996,9.649224229,9.283789894,9.093225821,9.064770972,9.139486556,8.669084695,8.645310525,8.72401326,7.659859696,6.906703667,7.071413057000001,5.910951122999999,5.197383578999999,5.380361131,9.07227966,8.916218076,8.916083188,8.706908201000001,8.731358217999999,8.46284878,9.24465961,9.316434557000001,9.186041841,9.057379147,8.967212968,8.863901904,8.655453538,8.634390225,8.306454001,7.361827081,9.367030888,9.098942491,9.365914487000001,8.966037743,9.353696973,9.194268928,7.6482088820000005,7.631857271
Ga0242637_11459,8.971660622,9.116009823999999,9.011185627,9.443218264,9.548713388,9.511040366,9.422625325,9.327005708,9.176476192,9.150673432,8.968683771,8.939055291,9.383260919,9.145031576000001,9.242772367,8.994571899,8.99393118,8.931152047000001,8.159133321,8.156340113999999,8.187894157999999,7.713664007999999,7.831316009,7.572802832000001,8.841661992,8.593767733,8.966573595,8.498249905,8.533656684,8.599912529,8.696369495,8.570979716,8.846894441,8.797229598,8.72166169,8.770586951,9.12835015,8.916444551,8.877266767,8.685897435,9.594435563,9.468100008,9.478632773,9.337346747,9.225191641,9.286337553,8.808717794,8.679467488
Ga0242637_1146,8.518528709,8.530489703999999,8.509625884,8.651634997,8.580185561,8.679379525,9.558052135,9.713823275,9.874122679,9.436656338999999,9.751198204,9.311820865,8.597406885,8.46512639,8.771803144,8.322926763,8.089658965,8.400449624,8.534102857,9.058561479,8.770534507999999,9.538666453,9.874217896000001,9.502671568,9.576443966,9.302024259,9.496112984,10.5883077,10.51746132,10.41583259,9.436992882,9.504569951,9.641452523,9.370243585,9.657586074,9.79656747,8.182208989,8.032846436,8.045692991000001,7.581204406,7.677963712,8.244759005,8.193366842,9.148297152,9.309396971,8.944565934,7.788892013,7.407148741
Ga0242637_11460,10.53674621,10.77379415,10.62045034,10.67167279,10.64473343,10.7333711,10.49675249,10.57921642,10.60804619,10.03189687,10.46295984,10.42346555,10.31913583,10.56752026,10.49676311,9.38907624,9.400416648,9.477960957,9.513644625,9.342437784,9.301626962,8.631144869,8.681659063,8.769364023,9.904657517,9.954507673,10.01350018,10.46590237,10.71147265,10.73613184,10.24728353,10.20850477,10.30263346,9.779262613,9.966344883,10.00657249,8.969932356000001,8.706345922999999,9.279294897,9.049299915,9.548213782000001,9.569517433,9.439175477000001,10.53130444,10.36404152,10.60025529,8.916147585,8.867881741
Ga0242637_11461,10.30425006,10.39542209,10.36593414,10.49531201,10.30571569,10.50649135,10.31399323,10.33899586,10.21890344,9.65368069,9.925746502,10.09419953,9.953142562,10.14074053,10.18205955,8.845611848999999,9.102156628,9.03647495,8.480478817,7.745855304,7.9981092910000005,7.182343406,7.330485722000001,7.3787301020000005,9.866356722,9.937087567999999,9.75235517,10.27516971,10.20031209,10.22267455,9.65566987,9.649757747999999,9.94093837,9.324715974,9.599850706,9.684095522,9.287967666,9.224837402999999,9.13511239,9.404320089,9.6556652,9.544823619,9.920577456,10.09345821,10.16823411,10.40710359,9.122976947,9.144305303
Ga0242637_11462,8.010798476,8.326354388,7.865652536,7.744470702,7.635099893,7.844107094,7.955678073,7.797387699,7.815084229,7.7325903789999995,8.401459098,8.096692731000001,8.157638887000001,8.201561337000001,8.133281698,7.410086196,7.524620542999999,7.622659493,7.161799782999999,6.321095654,6.734981756,6.733737546,7.030402324,6.40791227,7.626344414,7.868845073999999,7.993560688,7.4480710839999995,7.756471818,7.357828895,7.54764583,7.561656124,7.385728137999999,7.419478357000001,7.412977427,7.303624263,7.104904802999999,6.874497956,7.13898638,6.994507531,7.667188236,7.568629215,7.6079718089999995,7.721296519,8.092424055,7.647491823999999,7.246015427000001,7.226012461
Ga0242637_11463,9.132623787,9.143722221,9.170236151000001,8.841562936,8.972585217,8.999114156000001,9.029369269,8.970396651,8.962207956,9.174635084,9.425470584,9.327924215,9.173967033,9.117298064,9.256721509,8.952333885,9.001404361,9.066416928999999,9.697922334,9.898401942000001,9.820075031,10.0518067,10.47678274,10.112571899999999,9.227404088,9.290066973,8.765116693,9.023540581,9.011145635,9.048710428,9.232966474,9.116782577,9.128098726000001,8.96010765,9.062908894,9.192328829,8.916633635,9.224837402999999,8.764159979,10.20026473,8.80425367,8.879507765,8.942751911,8.985550821,9.084109765,9.030604327,10.24663511,10.31152783
Ga0242637_11464,7.601633577,7.4179768720000006,7.702097092000001,8.300166562000001,8.199771301,8.183959853,8.422466807000001,8.417819932,8.316702184,8.274351869,8.275466156,7.586494322,8.47862352,8.079776177000001,7.984732779,10.38336316,10.79759147,10.78972021,12.06399227,12.38634076,12.20258507,12.91955101,13.27198756,13.01526151,7.275017955,7.210746651,7.47469963,7.289666196000001,7.176324364,7.590414352000001,8.936387827,8.979606587000001,8.628445746,8.846942377000001,9.25594639,9.471826604,11.44002541,11.71995163,11.06688129,13.79629166,10.8793052,10.06938606,10.76294153,9.126978903,9.392822246,9.232893717,13.33586441,14.093298
Ga0242637_11465,10.13188392,10.1137405,10.065127699999998,10.23611059,10.35136485,10.13459276,10.23615978,10.12500752,10.02790552,9.899610362999999,9.930770465,9.945577097000001,9.846985434,9.778365208,9.872536466,9.920711974,9.964075935,9.969464403,9.919244226,10.08875773,10.08166091,9.141032758,9.467513021,9.77402544,9.523278272999999,9.565600773,9.497920938,9.52970023,9.570825958,9.631733500000001,9.914245905,9.90112665,9.768798509,9.423343366000001,9.300926844,9.272312635,9.688536402,9.741049591,9.626092521,8.725191135,10.50130195,10.32424359,10.63283081,9.81555087,9.923024366,9.834134979,8.771053242,8.623027564
Ga0242637_11466,9.242030777,9.138222167,9.201194281,9.399664162,9.401980522,9.4388767,9.375984614,9.4189606,9.236983619,8.904585958,9.610090041,9.386210568,8.929070094,8.926946693,8.664274998,9.376353847,9.477460481,9.611610872,9.074543087999999,9.196042333,9.267757787999999,7.903728964,7.85132434,8.370460653,8.4266686,8.121111042999999,8.791891965,8.13351537,8.273536785,8.013685512,8.964944182,9.116782577,9.061110086000001,8.639470175,8.244810645,8.33793925,9.090346615,9.230271425,9.177798559,7.694454717999999,10.07990703,9.812313732,10.05902441,9.347436307999999,9.088882864,9.266970602999999,7.805550201,7.512619996000001
Ga0242637_11467,8.5392567,8.502222104,8.462487198,8.441469992,8.539743188,8.622005975,8.597841867,8.495622275,8.492462383,8.878297009,8.586875496000001,8.383173775,8.403060932,8.554921298,8.602500719,8.605091721,8.550001616,8.638322322999999,8.524500142,8.594698514,8.62733134,8.158145805,7.900163323999999,8.291766141,8.833743199999999,9.164704617,8.639707364,8.254218744,8.138815876,8.108649612,8.553250971,8.898893852999999,8.513522274,8.357069334,8.240618429,8.230470314,8.200165012000001,8.650693433999999,8.656595179,8.075143231,8.643167581,8.522826065,8.633771271,8.244852268999999,7.73859095,8.230903706,7.9247064410000005,7.8621370939999995
Ga0242637_11468,8.698233411,8.658958772,8.531107619,8.735778254,8.695124311,8.570550562000001,9.092032876000001,8.888459925,8.929988878,8.548915401,9.151946429,8.953955472999999,8.388886637999999,8.488104587,8.435394122,8.917629805,8.919621502,9.083251677,9.185331912,9.442551047,9.298580595,9.187476701,9.428097544,9.437708845,8.096847839,8.291881217,8.048880055,8.325341288999999,8.27005636,8.202285489,8.784456242000001,8.926302948,8.821003667000001,8.412153448,8.149644094,8.536116222999999,8.980359801,8.74482289,8.707014645,8.351137948,9.485209377,9.387065656,9.623969824,8.608705855,8.740204541,8.867168717,8.753992495,8.396888272
Ga0242637_11469,8.465366889,8.348753195,8.518871543,8.562277783999999,8.336817106,8.243970622,8.30910648,8.136981283999999,8.002352308999999,8.274351869,8.248890914,8.320164131,8.434452815,8.250763286,8.42170078,8.191093176,8.310305826,8.443463397999999,8.213934131,8.431629062999999,8.214001377999999,7.608328575,7.660392428,7.8374770279999995,7.943380283,7.909614462,7.807783589,7.9067577479999995,7.964590916000001,7.638118215,8.104639887000001,8.122378555,8.109447481,7.952881289,7.594795413,7.815684137000001,8.41527722,8.394100917000001,7.984482007,7.826811618,8.289864517,8.256974303,8.371633101,8.023583911000001,7.994063275,8.08167412,8.02056624,7.6525158289999995
Ga0242637_1147,6.32298345,6.279310178999999,6.026686716,6.043645428,6.097513609,5.932982249,6.665497293,6.144959018,6.594410355,6.245457957,6.031900167000001,6.285078918,5.91601374,5.84937358,6.259710054,5.966593307999999,5.76139589,5.51956703,5.558442277999999,5.409719957,5.695750143,6.783010875,6.481331944,6.32397988,6.588594352,6.341326334,6.643113826,7.37893409,7.255927999,7.109666259,6.477279767000001,6.590926915,6.932733707000001,6.717313439,6.681065397999999,6.54871191,4.090071432,5.335555734,5.420503095,5.741003194,5.575530368,5.829920795,5.303788803,5.229225673999999,5.636034024,5.446927207000001,5.824370985,5.351613692
Ga0242637_11470,9.986016262,10.09398943,10.06091446,10.15809992,10.13976557,10.01103774,9.900483872999999,9.980547963,9.965698505,9.745256499,10.45600705,10.34312104,10.10391827,9.98146464,9.94420222,10.03237545,10.13007526,10.20110604,9.941062084,9.930282383,9.861950585,9.017927176,9.496383617000001,9.309225419,9.518346442999999,9.274546237000001,9.375420652,9.62065398,9.462177194,9.495964382999999,9.543387533999999,9.587598655,9.677968581,9.430771981,9.139201566,9.299836571,9.719987936,10.09683667,9.887579691000001,9.060864605,10.46132921,10.25285685,10.43212093,9.770018712999999,9.829160258,9.800243092,9.265225294,9.218902583
Ga0242637_11471,8.619312583,8.552711588,8.648077465,9.371383886,9.308791214,9.545110857000001,9.371533737,9.395735288,9.48628494,9.506975522000001,9.322197673,9.03466646,8.874166184,8.645596979,8.650252393999999,10.74554168,10.73844995,10.62128675,10.69630738,10.47792457,10.54330148,9.742169492,9.722285074,9.78712332,8.998641272999999,8.822080847999999,9.091569536,8.353637352,8.510246868,8.783806287,9.320281616,9.381250567,9.159428818,9.595824197,9.286766432,9.504130841,10.72352046,10.73532562,10.41927007,10.51528498,10.59522124,10.40329521,10.57158957,9.647433903,9.493448358,9.774291215,10.50169913,10.58299438
Ga0242637_11472,6.558125456,6.611602823999999,6.391947107000001,7.017204262000001,6.894829777999999,6.941831839,7.009258482000001,7.084301845,7.02927295,6.718816836,6.984000187,6.574908386000001,6.760872462999999,6.788043912000001,6.746902315,7.459192233,7.867731953,7.937072647000001,7.210544355,7.357472189,7.379013552999999,6.85389689,6.71788509,7.0008682339999995,6.709044174,7.000280496,6.803902386,6.450107422,6.395663035,6.723795598,6.928073273,7.055838119,6.690930613,7.107045031,6.705628804,7.035295221,7.3816884279999995,7.38403829,7.761235162999999,8.465776958,7.820930477999999,7.681706205,7.780309673,6.971473851,6.043816337000001,6.766488066,8.433401875,8.359688193
Ga0242637_11473,6.558125456,6.673818836000001,6.405323735,6.48338353,6.600018259,6.933274745,6.616127077000001,6.684833732,6.890960565,6.670560655,6.423413864,6.303844391,7.274353049,7.11787982,7.061608635,7.801399925,7.736531086,7.622659493,7.0456941429999995,6.824195716,6.752916,6.396353526,6.346665849,6.4872149420000005,6.537442523999999,6.639761566000001,6.8155578420000005,6.308373689,6.674005457000001,6.890736153,6.516444936,6.618106021,6.608481447999999,7.092121825,7.0214645120000005,7.136521457000001,8.069508682999999,8.558655828,8.027134031000001,8.369855622000001,7.820930477999999,7.558793295,7.5771343920000005,7.05599097,7.108587705,7.031656237999999,8.511617672,8.536778007
Ga0242637_11474,11.05919879,10.95259479,10.74450813,10.77641402,10.65932587,10.83842325,10.8080228,10.78806529,11.05716913,11.06150047,9.586938529,9.78986608,10.4545829,10.95698953,10.72739962,11.97296923,12.22248025,12.37163216,12.47783571,12.59744826,12.48007095,12.73565842,12.69526551,12.60284254,11.16446508,11.20287856,11.32363433,10.89579612,10.87732224,11.16376716,10.48354355,10.46643151,10.74057436,11.02306879,10.46289722,10.54933616,11.94481986,11.68079894,11.80791958,12.08071211,10.83065523,11.15569427,10.73528374,11.31701269,10.85773001,11.15657234,11.86148842,11.95611949
Ga0242637_11475,8.504542698,8.351924817999999,8.456084021,8.821897771,8.769650846000001,8.813559672,8.770056847000001,8.854790397999999,8.85188866,8.466606552,8.396625128,8.533588151,8.341833911,8.130315279,8.057380865,9.125784082000001,9.288806559,9.148692267000001,9.895229815,10.63972424,10.45713253,10.55882615,10.57929161,10.47664664,8.290581073,8.352276917000001,8.220768613999999,8.170344238,8.157773628,8.319761293,8.511914942999999,8.313043401,8.712527286,8.644590596,8.462025191,8.923508517,8.990712412,8.460342999,8.126373869,9.297581236000001,9.565720954,9.641159731,9.718818391000001,8.908137042,9.411994027,9.071772705,9.375305026,9.445873058
Ga0242637_11476,8.901351651,9.017594893,8.861762622,9.402609037000001,9.422656992,9.395959436,10.20897616,10.15666932,10.05678848,10.61930822,12.68955606,11.79485549,8.90686138,8.974908691,8.942611206,9.454088014,9.371872457,9.461959304,9.03451135,9.228458641,9.151001945,8.854832137999999,9.224590593,8.841456113,9.171954287,9.293493466000001,9.134042248,8.431552584,8.480439998,9.007801782,11.615737800000002,11.87561541,10.77334437,10.40191988,11.19003871,11.17603946,10.28013467,10.59495377,10.24355549,10.55398874,9.614201047,9.420027597,9.67823854,9.49087807,9.190083313999999,9.234707447,10.46547727,10.63321492
Ga0242637_11477,10.29310688,10.14698281,10.25965457,10.14585004,10.07702181,10.214393699999999,10.21726785,10.19394799,10.16916537,10.94157912,11.47962569,10.88182938,10.02363574,10.08682091,10.15252138,9.980779056,10.10832299,10.10855024,9.997679639,10.13565987,10.03300124,9.594882882,9.384145992999999,9.486703072000001,10.25129478,10.4124316,10.19050189,9.843649747,10.09705539,9.970619205,10.66852951,10.81106864,10.37203006,10.58949471,10.6388364,10.57996792,10.01191133,9.826047500000001,9.714278872000001,9.740244434,9.711782961,9.845045465,9.80115962,10.07940218,9.97551409,10.01175579,9.770494644,9.657350761
Ga0242637_11478,7.4047967770000005,7.780133312999999,7.511423285,7.106656243,7.008693544,7.1774263970000005,7.28658883,7.306572171,7.1273072,7.305185537000001,7.813923289,7.458559361,7.777165649,7.878816766,8.12654433,6.403574545,6.336137352000001,6.27495696,6.515804557,7.044262172000001,7.220579154,7.253959365,6.994849777000001,7.322239463,7.918634245,7.822151486,7.667002936,7.455552226,7.829233645,7.590414352000001,7.847766606,8.093651352,7.620040388,7.214299187000001,7.520651021,7.346505389,6.375740119,7.056937216000001,6.708949726,6.60939271,6.474626088,6.618102637000001,6.522144706000001,7.02277669,6.9704850060000005,6.918778087000001,6.43067678,6.638418239
Ga0242637_11479,7.150049916,6.907498005,7.023544206,6.747331858,6.738541908999999,6.730880827000001,6.731888897,6.839866905,6.774724076,7.672651022999999,7.8426459820000005,6.8546892779999995,7.1283595360000005,7.1354602929999995,7.068658919,7.150837057,7.129136572,7.294199074,7.46273136,8.129123632999999,8.064184962,10.40223673,11.44235697,9.609759834,6.9233683710000005,7.089767295,6.92720076,6.972559775,7.010940497000001,6.711096695,6.888838698,7.301804343,6.903403087,8.056412723,7.352084313,7.5250945289999995,6.809599865,6.665550105,6.673555041,6.477363137999999,7.089610639,6.673889269,7.252202963999999,7.1589360289999995,7.181940452,7.048263126,6.918462087000001,7.018792362999999
Ga0242637_1148,7.8706103370000005,7.692765767000001,7.806471684,8.337580876,8.358443577000001,8.52004965,8.506065322000001,8.463216577,8.458982034,9.515529224,9.645154477,8.618338567,8.136584504,7.906375581,7.99586604,9.680540479,10.00554364,10.26797407,10.38622786,10.76212938,10.58640446,10.4863748,10.85544316,10.53060049,8.267250556,8.22166854,8.092614437,8.183916169,7.893984128,8.049403873,7.852869772999999,7.781748544,7.922409347,9.24436664,9.055768879,8.979047975,9.768926286000001,9.123353194,9.401389886,10.58101206,11.12345943,10.56184143,11.35400306,8.600292066,8.927719697,8.750309584,10.68837816,10.69300487
Ga0242637_11480,8.719578905,8.736233694,8.590777852,8.478228153,8.407678967999999,8.369715925,8.287216528,8.195543705,8.149537596,8.204117154,7.93223016,8.058593994,8.752135414,8.734756047000001,8.820618185,8.085609753,8.126581377,8.103118559,7.46273136,7.058766186000001,6.905001625,6.602629057000001,6.428968772999999,6.849139407000001,8.255442236,7.987850395,8.246809037,8.138170738,8.48645085,8.24691828,7.888095067999999,8.054436062,7.951342793999999,8.160176385,7.7145149989999995,7.908019207000001,7.71718383,8.093742981,7.562896192,7.644077117,7.950992961,8.005096383,7.966315472000001,8.266284988999999,8.211017903,8.372735171,7.620231406,7.780030784
Ga0242637_11481,9.307933434,9.57267913,9.152525738,9.386337324,9.275077803,9.381888962,9.398035319,9.175234525,9.402667705,9.304693567000001,8.641015499,9.06792077,9.437630911,9.695899417,9.49764887,9.118162666,9.207141548,9.368914138,8.993336937999999,8.409178544,8.484505106,8.421739908,8.350251509,8.328069441,9.343489285,9.549928311,9.429469973,9.82644836,9.351276614,9.5645643,9.275385722000001,9.398967378,9.136520172,9.059297555,8.889022934,9.077750273,8.693977946,9.099797691000001,9.355644904,9.684021741,9.644724097000001,9.428151734,9.728202962000001,9.388732723,8.927719697,9.156496308,9.543596342999999,9.523606034
Ga0242637_11482,13.41367916,13.35408681,13.49305867,13.54921969,13.61524803,13.59263291,14.048964199999999,14.35620731,13.8539745,13.96339689,14.42696477,14.0823923,13.78804515,13.45702774,13.46159428,14.82645554,14.70982741,14.66917838,14.59782039,14.06490463,14.16017604,14.25230418,14.14943937,14.17770682,13.35050488,13.02385927,13.28128737,15.67862181,13.4548764,13.59499137,14.164314300000001,14.33025279,14.56095123,13.71153656,14.09012665,14.05533279,14.75688149,15.30103853,15.283978,16.44754617,14.41772502,13.52398955,14.16053042,13.69377056,14.02560214,14.075288699999998,16.36398167,16.79517793
Ga0242637_11483,4.06343774,4.684705087,4.553815786,4.681923201,4.783241701000001,4.569649976,4.985251777,4.9973908069999995,4.963942665,4.7147717380000005,4.739976276,4.116088736,4.66504715,4.351503758,4.318467398999999,4.583471988,4.636168732,5.052757096000001,4.954887797,5.048901257,4.790629011,5.442018557999999,5.318206933,5.07047746,4.93995569,4.4528408719999995,4.163851932,4.95076686,4.9199410210000005,4.739959922,5.320811965,5.400153078,5.168190876000001,5.28950145,5.68528209,5.695796852999999,4.615431697,4.966460517,4.734680932,4.453106302,4.7922398369999994,4.823235936000001,4.213173858999999,5.007333227,4.982365562,5.107153384,4.250125233,4.459495233999999
Ga0242637_11484,6.18921751,6.331745354,6.520424349,6.187506394,6.319985057999999,6.335502404,6.028808547000001,6.084121432000001,5.834881296,5.736265317999999,5.901091802000001,6.303844391,6.867025961,6.339359657999999,6.746902315,5.860616327000001,6.287974557999999,6.086995849,5.3111713830000005,4.287870375,5.4964242720000005,4.51831327,4.7570015539999995,5.138108701,6.117068775,6.3676168429999995,6.321903885,5.888440105,6.000507725,5.913470117999999,5.956689586,5.784238267,6.189243906000001,6.063511547,6.0924001,5.644964071,6.172077286,6.172248402999999,6.179637096,5.778988445,6.232608331000001,6.014442298,6.097926172999999,6.502302327000001,6.482207881,6.550236877000001,5.408498381,5.401599866000001
Ga0242637_11485,7.561657812999999,7.652169096000001,7.535923822000001,7.6924660970000005,7.4324606179999995,7.633232239,7.676543531,7.522170906,7.456336983,7.597271382000001,7.499064617,7.271318325,7.579129824,7.800196514,7.664886527,7.575102911,7.862269037999999,7.722771805,6.919405475,7.115364884,7.02790072,6.517819203999999,6.346665849,6.1066750260000005,7.49857432,7.274584456,7.5037924,7.221085508,7.241777825,7.080354732000001,7.470053601,7.6432264960000005,7.70744627,7.1934774610000005,6.7177551079999995,7.061276253,7.586740087000001,7.9430258910000004,7.715598735,7.117810401,8.217863174,7.699719332000001,8.145131442,7.972338009,7.942247200000001,7.721810497000001,7.35190134,6.885458696000001
Ga0242637_11486,8.178748565,7.871377462000001,8.215724199,8.538376661000001,8.646144677999999,8.379191571,8.681731847,8.621094165,8.629183931,8.776636695,8.867511255,8.610836476,8.304565317,7.966522305,8.221283856,8.854813187000001,8.879628996000001,8.652492386,8.323208482,8.480900461000001,8.632179717,7.621924089,7.542266537000001,7.433090161,8.239545907,8.260707755,7.736049387,7.856790652999999,7.726306962000001,7.617866652999999,8.596480604,8.440183356,8.519974073,8.040960598,8.018666424,8.151081417,8.642379989,8.304202369,8.449205322000001,7.88869668,9.47597985,9.449595054,9.651359349,8.671631135,8.545605168,8.597998098,7.797245161,7.712772836
Ga0242637_11487,10.48782677,10.39465346,10.42613593,10.88726319,10.885929199999998,10.80072768,10.87977231,10.92089577,10.75014023,10.30782536,10.7662729,10.51170562,10.04186637,9.983891457,10.03962278,10.76519372,10.88973088,11.06809708,10.92699644,11.25761442,11.20303358,10.62949541,11.10077465,10.91762446,10.06431389,10.06388647,10.00335355,10.25816499,10.15008072,10.07826393,10.58207506,10.71375828,10.7294835,9.97995182,9.720643456,10.19792464,10.52414947,10.78786098,10.74368046,10.31577288,10.96206201,10.73664537,10.93591537,10.69959236,10.54686569,10.48840552,10.398442999999999,10.50564494
Ga0242637_11488,10.50724342,10.55115095,10.50035424,10.69648142,10.66005163,10.72967241,10.82494166,10.84804528,10.7509089,10.58720845,10.60696476,10.355517800000001,10.27357907,10.35462053,10.34616455,10.616252000000001,10.70680214,10.90664511,10.43316949,10.393247099999998,10.43233137,10.01364926,10.3542142,10.23232599,10.35267225,10.0966177,10.40416614,10.53459478,10.44755238,10.40799358,10.78854523,10.92821818,10.84959489,10.14801241,9.863786827,10.26299659,10.62727623,10.75807542,10.96027344,10.61670871,10.79027022,10.56552881,10.86004506,10.84019743,10.77129559,10.78611733,10.45231728,10.47118205
Ga0242637_11489,9.252528606,9.429923672000001,9.672242,8.934023883,9.393277091,9.118950026,8.595299117,8.637028457000001,8.652408636,7.455059061,7.6201513279999995,7.9438435279999995,8.695679233,8.72124369,8.413421939,7.692686315,7.348239052,7.418848173,7.502416475,7.533897991,7.413228318,7.271320808,7.426988232,6.787850294,8.278962986,8.037745049,8.314035737000001,8.341578375,8.911915951000001,8.637274096,8.456008614,8.574448917,8.25579063,7.936272454,7.665312706,8.297547058,9.527219049,9.782326011,9.882427307999999,7.7994542639999995,6.2900204639999995,6.540188594,6.337962407000001,8.304769784,8.503324219,8.359495942,7.797245161,7.722575325
Ga0242637_1149,8.670316745,8.818776567999999,8.602421312,8.774942199,8.683748415,8.881807809,9.160711828,9.055852495,9.052267951000001,9.130768016000001,8.98487691,8.72294983,8.553604238,8.794964251,8.712307679,9.320995877,9.154487114,9.358579569,9.573071776,9.536165362,9.531788396,9.293196766,9.280989575,9.454225827,8.92849571,9.061968174,9.064984655,8.606348649,8.45000417,8.737639875,9.312895327,9.414535046000001,9.167669855,8.499528737999999,8.539145977,8.758734394,9.12835015,9.007871755,9.296829371,8.998086434,9.319662874,9.115806883,9.651359349,9.093400089,8.728016927999999,9.024326471,8.994501586,8.949431017
Ga0242637_11490,7.733416787,7.8173266,7.770793592,7.658368229,7.984846553,8.019988278,8.165647717,8.199126091,8.261667142,7.773113068,8.154687023,7.937859167999999,7.8094552639999995,7.906375581,7.988453423999999,8.362173653,8.44429569,8.456444427000001,8.24350273,8.058746917,8.085554161000001,7.43432001,7.880825756,7.817184574,7.948278941,8.44455624,7.8871985460000005,8.119458423,7.726306962000001,7.597326585,8.142638042,8.381978869,8.248038517000001,7.671099900000001,7.485645823,7.868118166,8.384200191,8.208326037,8.271403657999999,8.635225549,8.997248982999999,8.814880444,9.134937333,8.0690115,7.952760422999999,8.291413237999999,8.787914568,8.719170617
Ga0242637_11491,10.7883304,10.9452647,10.84287488,11.05900716,10.95083249,11.04152425,11.03558629,11.1592891,11.10002957,11.25831283,11.25570905,11.051437599999998,10.61234143,10.87786484,10.819556599999999,11.14578405,11.31751525,11.43727278,11.44688402,11.24736905,11.1940453,9.982379576,10.09791535,10.32324973,10.67790264,10.66080129,10.666157499999999,10.70819544,10.4750172,10.48266568,10.87132861,10.741796699999998,10.88000475,10.81059995,10.1418016,10.65221655,10.70791905,10.59705835,10.467378,10.86447682,12.43364204,12.02508947,12.50701608,10.897399900000002,10.89226994,11.03277842,10.94761281,10.81252686
Ga0242637_11492,9.926947435,9.974596127,9.864598884,9.986193481,9.924695629,10.02216794,9.961973287000001,9.963800192,9.941661487000001,10.44400001,10.18458344,9.983829648,9.642663131,9.802396271000001,9.64280342,9.649153532,9.63949118,9.617401322000001,9.674235964,9.643436119,9.595232342000001,9.219120093999999,9.505880167,9.359195867,9.832319763,9.836150708,9.883997638,9.486548577999999,9.456064545,9.431692051,9.884658688,9.939295466,9.88830494,9.781588506,9.576758895,9.549551372,9.768926286000001,9.626206029,9.572712373,9.545461363,10.0511936,9.867125338,10.04031041,9.589104105,9.630702377999999,9.641138587,9.575506418,9.575900055
Ga0242637_11493,10.35286815,10.40385019,10.43592978,10.64580885,10.66077703,10.66852242,10.60940052,10.65550684,10.61397315,10.30091463,10.52407154,10.28303147,10.53963233,10.51646948,10.50717329,10.2023895,10.360612800000002,10.40734886,10.50328295,10.78082893,10.81465588,10.29602879,10.46059552,10.5383674,10.20600549,10.28310737,10.19830638,10.25066193,10.04608165,10.00350418,10.84212214,10.98079667,10.67198905,10.13260718,9.786820706,10.27760535,10.46226304,10.4323823,10.51059771,10.04006002,11.31764844,10.90229247,11.23725843,10.63241455,10.51352822,10.56536909,10.14069051,10.25862391
Ga0242637_11494,7.733416787,7.880192209,7.899085357000001,7.790173276,7.889026577,7.744966657999999,8.731210023,8.706631605,8.564192886,11.386481,10.30167822,10.2544305,8.266308153999999,7.724802244,7.896396437999999,9.756144291,9.457676641,9.862602436,11.38985619,11.50259272,11.63364688,10.93188947,10.04461523,10.93773205,8.8070288,9.46283161,8.420825053,8.124159311,8.100136022000001,8.00331565,11.78910536,12.23059519,10.86234365,9.414378238,10.68429894,10.27205754,10.00171061,9.364816368,9.855071197000001,7.203822392999999,8.681146223999999,8.906896547999999,9.207187797000001,9.044623265,9.242430508,8.881132296,7.407530735,7.1981723639999995
Ga0242637_11495,12.4568367,12.20986237,12.51254003,13.05976264,12.88421736,12.80994722,13.33351454,13.41602608,13.28318023,13.21083932,13.65544017,13.33081347,12.69086655,12.58095508,12.65535063,14.01898833,14.16817657,13.86713738,13.14150952,13.08330957,13.00648384,12.46578466,12.47000375,12.42364021,13.15200291,13.42753474,12.96915116,13.79039043,13.07332834,13.50736901,12.10808127,11.95693635,12.57891906,13.24400826,13.39356394,13.359195399999999,14.77627241,14.84939269,14.45329692,14.94008785,14.46017496,14.17524651,14.33362973,13.10269834,13.46721436,13.74909977,14.67517608,14.97685028
Ga0242637_11496,13.42125931,13.0720177,13.00611435,12.62381492,12.39887427,12.49036536,12.6929538,12.83300164,12.8908297,13.16576962,13.04193562,13.0887067,12.60266129,12.99208078,13.07355144,12.44906825,12.51323635,12.4838504,12.03004024,12.60178524,12.47333268,12.35468467,12.41141786,12.39868352,13.48823838,13.65458194,13.19183439,13.89301233,13.63027108,13.71142809,12.49563312,12.56579568,12.72515058,12.96736556,13.14334985,12.86487545,12.55534719,12.40860395,12.11790606,11.90258528,12.0572097,12.38505179,12.12320715,12.49736435,12.63544403,12.58240068,11.7143602,11.82920735
Ga0242637_11497,7.960452035,7.8173266,7.972712339,7.8213245129999995,7.568606315,7.654202221,7.8487085279999995,7.768741324,7.565261907999999,8.212559792999999,8.108132662000001,8.185232652,7.420912385,7.390986119,7.768068062,7.372126766,7.585570735,7.7546553529999995,8.089197314,8.518091916,8.505795292,8.101052949,8.692789312999999,8.320881511,8.00580056,8.352276917000001,7.962467522000001,8.128844927000001,8.180198828,7.872687459,7.763559863999999,7.863439055,7.637950588,8.236770989,8.042944727,8.044462074,7.142552369,7.324289086,7.23108847,7.481435096,8.086554298,8.156226405,8.551573637999999,7.652416054,7.397428217000001,7.652929222000001,7.591700293,7.478313195
Ga0242637_11498,9.86945439,9.756216954,9.675001378,9.905451844,9.899102797000001,9.930625018999999,10.08668725,10.00223844,9.995840918999999,10.59691359,10.31838677,9.978010255,9.529322065,9.436005196,9.567705904,10.25893105,10.39695268,10.68815128,10.84161153,11.04657637,11.05293884,11.02050134,11.58507617,11.23591527,10.24234995,10.30957789,10.41664472,9.632249168,9.682372807,9.681354478,10.40582923,10.65025015,10.17457274,10.18625977,9.738589654,9.900901515,10.13368362,10.2248439,10.1608586,10.1288091,10.4250212,10.2313525,10.72594538,10.22148832,10.02864715,10.08395967,9.789456292999999,10.02120557
Ga0242637_11499,10.62664891,10.70787461,10.63823365,10.83862239,10.709267500000001,10.81882847,10.80637491,10.76770574,10.85681426,11.17275489,10.79410714,10.56119732,10.76280363,10.731503,10.67757575,11.00514845,11.11311156,11.15277067,10.76824765,10.03479093,10.10626017,10.20188325,10.56118726,10.29418577,11.28309121,11.24020002,11.26485737,10.58404938,10.41640986,10.50396622,11.14632727,11.14669205,11.15952767,10.98573081,10.58281677,10.93096794,10.89590365,10.83677028,10.92750512,10.704112199999999,11.48494417,11.40586062,11.87810618,11.33993349,11.35141353,11.33835584,10.70178534,10.59771256
Ga0242637_1150,9.39768637,9.578105695,9.336319497,9.518447952999999,9.526598197,9.612268756,9.537008152,9.4189606,9.441277331,9.472244341,9.797771636,9.581150205,9.204634755,9.272258654,9.314174653,9.102797964,9.016235572000001,9.014700819,7.793817868,7.333819682000001,7.75304185,7.305428628,7.272294658,7.536022217999999,9.547687646,9.955589477,9.524771821,8.948671081,8.955900343,8.976340529,9.301744495,9.44327922,9.218136374,8.988575176,8.859257041000001,8.921737978,8.938190002999999,8.909686844,9.077662289,8.940821019,9.186430842,9.304152969,9.180088757,9.441494451,9.093640221,9.212790712,8.89295616,8.694484512
Ga0242637_11500,6.530750531,6.579456316,6.444722903,6.131679505,5.7922111229999995,6.295958527000001,5.852084099999999,5.902157056,6.00999571,6.938461869,6.876928753,6.735462563,7.085035627000001,7.284719833,7.15067651,6.452955864,6.6599263660000005,6.6814976470000005,6.307282713999999,5.734069421,5.104939347,5.3129993319999995,5.804244499,5.138108701,7.074470767999999,7.2952504760000005,7.136783104,6.565342306,6.69494235,6.445721832,5.816996737,5.784238267,5.902877171,6.9420648289999995,7.001771409,6.530215233,5.152609088,5.92592229,6.292926043,7.132506993,5.7497599379999995,5.618061775,5.698872497000001,6.036444639,5.831705172,5.859650562000001,7.036116594,7.212159637
Ga0242637_11501,5.534379952,5.791084149,6.077756391,5.406232445,5.346669737,5.34547524,5.41562481,5.65228799,5.16379862,6.595000476,6.533343557999999,6.394164259,5.702577075,6.097306378,5.495905865,6.299413316,6.1865182,5.9647947,6.1904604910000005,6.114150367000001,5.9350564210000005,5.819219846,5.06529812,5.680529589,6.027107316,6.480315367999999,6.110819759,4.767968562,4.59770328,5.015657664,5.196869523,5.268303597,5.354349848,6.3664751289999995,6.378942532999999,6.242669221,5.845938526,5.92592229,5.448837205,6.500226678,6.045169324,5.829920795,5.809527223,5.520094777000001,5.409254872000001,5.7620501520000005,5.919555579,6.414566467
Ga0242637_11502,3.00145839,2.686586935,2.4500833419999997,2.8641280410000003,2.953773423,2.891426793,2.858160055,2.693612905,2.802740674,2.9887932989999997,2.58606159,2.855977779,2.963087176,2.7656934210000004,2.836309725,4.389752078,3.891911795,4.405768825,4.630727353,4.182356513999999,3.9413868460000003,3.735313503,4.240772454,4.113428357,3.844348227,4.549828091,4.08603391,2.7970937510000002,3.5583942139999998,2.8067615000000004,3.127659418,3.2023231739999996,3.129829243,3.51860132,3.7955693239999997,3.775624263,5.152609088,5.69298164,4.535009727,7.422871234,4.198123123,4.68310128,4.418181822,2.710597517,3.190463246,2.7107655210000003,6.806988873,7.419256131
Ga0242637_11503,9.041125618999999,9.138222167,8.960063827,9.662992082,9.439663852,9.392844502,9.247475877000001,9.346517745,9.475163992,9.026899937,8.754932083,8.561098114,9.064532733,9.254947414,9.0027069,10.46373908,10.73546561,10.76906035,11.217327800000001,11.35991733,11.28073169,11.84425066,12.45414879,11.90551367,8.723782427,8.548596106,8.907946959,8.905637509,8.864241874,9.105555755,9.296136589,9.133341551000001,9.245645052999999,9.435210858,9.284732122000001,9.655617576000001,10.75118476,10.85094914,10.73941221,11.7843284,10.72943362,10.12041477,10.56374834,9.077323704,8.770230543,9.053392181,11.5517402,11.92515748
Ga0242637_11504,8.092549307999999,8.144434709,7.865652536,8.258508278999999,8.079043605,8.570550562000001,8.524893725,8.430066086,8.473958209,8.262203422,7.905253748,7.609267817,7.97991315,8.223636335,8.35410011,8.674291477,9.059835696,9.363756107999999,9.357456442,9.118598816,9.009125435,9.577549415,10.09791535,9.673218417000001,8.671426509,8.718822407000001,8.462162272,8.5410608,8.351352694,8.273049695,8.134280101,8.164424187,8.236331662000001,8.219716847,7.802474905,8.302998488,8.668409663,9.129182458999999,9.156613354,9.982445219,9.140436744,8.634709682999999,8.942751911,8.583315812999999,7.6248512260000005,8.05728081,9.727443492999999,9.937427664
Ga0242637_11505,10.28085171,10.225156,10.03966164,10.14497106,9.990803342000001,10.05702153,10.39954745,10.23727276,10.25294419,11.33666816,11.17191174,10.56119732,9.910372547,9.994360746,10.33525078,10.57926161,10.97127227,11.33556175,11.40301642,11.56103322,11.55413604,11.28360531,11.61974789,11.59066261,10.92025912,10.9992015,10.89947761,10.82683115,10.77115898,10.83810048,10.42308338,10.46643151,10.41419968,11.34661045,10.97412694,11.10253512,9.707489484,9.847421191,9.819119188,10.78999998,11.85135043,11.75006725,12.06699597,10.13676329,9.952129751000001,9.862564616,10.74667531,10.66151044
Ga0242637_11506,10.87580719,11.05635592,10.8181249,10.68805806,10.64326603,10.60735526,10.67588622,10.59017032,10.70325453,12.03501836,11.53345959,11.09308638,10.67937942,11.00477382,10.86731066,11.30613901,11.41586331,11.63611254,11.59184737,11.15931749,11.19650221,10.4770571,10.48960301,10.70497551,11.31425101,11.07033711,11.67077492,11.34454118,11.38935956,11.53563858,10.7872133,10.8516614,10.73017918,11.80672977,11.2754954,11.41092802,9.786858475,9.909705534,10.1209468,11.28506453,11.97278826,11.92099606,12.40684603,10.83721723,10.32006384,10.67562825,11.16728477,11.12945766
Ga0242637_11507,10.078601800000001,10.26775547,9.95251151,9.990114336,9.881785145,9.82249674,9.963945625,9.854477183,9.90759807,10.98718757,10.62670671,10.28303147,9.910372547,10.18781362,10.26414428,10.5427218,10.51912062,10.73284498,10.45986294,9.437013663,9.748207048,8.274600126000001,8.194516312000001,8.601563536,11.12985503,11.14050959,11.15055187,11.00621765,10.88871304,11.19085991,9.773358079,9.790636409,9.816747655,11.05562597,10.50019418,10.60335094,8.959428987999999,8.84030935,9.471692407,10.66675952,10.88047153,11.12936193,11.48502105,10.12018552,9.396677039,9.857865079,10.44701949,10.354704400000001
Ga0242637_11508,11.41040613,11.54788493,11.42010951,11.1862155,11.21066641,11.15342671,11.13958659,11.01636526,11.14575042,11.87671657,11.67241335,11.40316672,11.22743363,11.44224413,11.38712044,11.59402673,11.55946774,11.69205649,11.48760504,10.39181668,10.69000644,9.531482834,8.522336024,9.723139907,11.78166512,11.69257819,11.92035702,11.94958911,11.95140559,12.16308688,11.31432802,11.50901423,11.24476218,11.97876008,11.69899576,11.62923988,10.76632764,10.80070125,11.14317835,11.27019786,11.84060386,11.8968076,12.09899683,10.9546223,10.6903846,10.66490664,11.31272615,11.07980951
Ga0242637_11509,10.65699449,10.78380899,10.50346235,10.32881633,10.31864372,10.34664815,10.42411146,10.36951658,10.32388197,11.01821653,10.96546093,10.58340562,10.24238852,10.62047001,10.56748294,10.56251201,10.63974909,10.72750073,10.26460923,9.199316939,9.319771295,8.28318048,7.164439814,8.464781863999999,11.06876158,11.00129835,11.01066121,11.25844588,11.12424706,11.31604166,10.914668800000001,11.05406466,10.62488325,11.19432699,10.73806904,10.93580051,10.17965323,10.18622274,10.39505314,10.7795395,11.00867614,10.81514924,11.16481103,10.11231781,9.898766219,9.967723583,10.69509733,10.62801013
Ga0242637_1151,9.6199032,9.611566947,9.549804459,9.918883743,9.973390839,9.922007537999999,9.824363955,9.778699721,9.650171598,8.870315985,9.488157763,9.304864019,10.00051864,9.974973098,10.16654535,9.839615311000001,9.913480585,9.88437736,9.407942607,9.087125823,9.267757787999999,9.347383302,9.527798657,9.496305365,9.284679021,9.483979475,9.273560244,9.61898989,9.653282009,9.697522638999999,9.379817204,9.566849835,9.388225437000001,9.303831138,9.428019711000001,9.410024005,10.21098204,10.44645741,10.36489177,10.29470582,10.50281747,10.07629508,10.21901356,9.337346747,9.212125941,9.2365189,10.08208926,10.24848475
Ga0242637_11510,8.85525785,8.76506933,8.832400696,8.877992321,8.830234135,8.861670247000001,9.053651372000001,8.951406983,8.787412983,9.62234451,9.806908578,9.332492347999999,8.955757804,8.794964251,8.963552692,8.943735822,8.955973284,9.040790612999999,9.577721857,9.986328972999999,9.853672151,9.953107835,10.27126372,10.12706641,9.040524365,9.342284188999999,9.217606842999999,9.21195154,9.157705865,9.139091544,9.552824236000001,9.742107073,9.343459778,10.02285502,9.95998489,9.998196275,9.146982957,8.89607571,8.758546247,9.373737712,10.27522791,10.01828096,10.33718537,9.107321445,9.10781888,9.020126004,9.327094139,9.357435567000001
Ga0242637_11511,11.22774954,11.43129717,11.24083555,11.38616711,11.36285073,11.32828501,11.59230595,11.53974626,11.46622886,11.60019758,11.32221643,11.39500099,10.86425225,11.04522811,10.99391967,10.91675632,11.01991359,11.13218999,11.01619895,11.19584142,11.14485583,11.11002462,11.56401752,11.42038753,11.057473300000002,10.89873313,11.21955872,11.31606749,11.34663229,11.34814503,11.14476806,11.12438261,11.2067786,10.91545677,10.60581225,10.61927799,10.85115366,11.0530418,11.02365838,10.21586592,11.52427654,11.43302744,11.65763921,11.46606178,11.43625847,11.40912729,10.40801741,10.18256037
Ga0242637_11512,10.07505756,9.994010239,10.11779509,9.915795155,10.00115085,9.968779083,10.21478534,10.21356103,10.11407085,10.89382565,11.00490107,10.82298952,10.27357907,9.983891457,10.15913788,10.6026622,10.75327976,10.85059647,11.42962533,11.975259900000001,11.88127839,12.10236341,12.24324303,12.07955312,10.52975241,10.45129735,10.18826426,10.63433796,10.52988207,10.44485526,10.47777543,10.34474896,10.32583172,10.33223201,10.38717711,10.2699716,10.07164585,10.18901595,10.25356709,9.988513205,9.972436767,10.12041477,10.15608769,10.40898601,10.66023716,10.2156019,10.28276912,9.928987584
Ga0242637_11513,9.231455994,9.468420378,9.301029222,9.129773135,9.097863164,9.343682629,9.537008152,9.528366008999999,9.360983767,9.676744071,9.432571867,9.44223314,9.136283887000001,9.26695421,9.360842448,9.608934487,9.812309916,9.922294962999999,10.17998359,10.42296271,10.27229063,10.79910776,10.74883906,10.69389109,9.557336916,9.67735689,9.528314474,9.464478869,9.548017794,9.626676224,9.433591452,9.426101532999999,9.524404379,9.051608568999999,9.043789755,9.346774907,8.980359801,9.293931521000001,9.512286092,9.297581236000001,9.068573393,9.194119979,9.269578465,9.889917804,9.507776505,9.75040177,9.485350896,9.266573765
Ga0242637_11514,9.132623787,9.332147584,8.980284309,8.877992321,8.780371515,9.011352656,9.232827573,9.090981545,9.067157649,9.176793809,8.792216621,8.777575765,8.869069726000001,9.179318093,9.300772669,8.241076225,8.440635197999999,8.594957298999999,7.651059274,7.832779523999999,8.056990951,9.155123612,9.254944186,9.05577006,9.654938798,9.565600773,9.538890531,9.52970023,9.614016254,9.325417351,9.051814533,9.17506897,9.041064512,8.721717294,8.628483958,8.668705727999999,8.384200191,8.40375237,8.758546247,8.863687222000001,8.217863174,8.207479851,8.389488927999999,9.444630951,9.365546372999999,9.14110591,8.865419682999999,8.709346812
Ga0242637_11515,10.58821116,10.50560209,10.63611119,10.47237108,10.46287326,10.48909473,10.40754049,10.564017699999999,10.33109605,10.51738046,10.329841900000002,10.45627584,10.67281408,10.60057736,10.65141684,9.982878734,9.712639827,9.298575985,8.317659001,7.914760661,7.9981092910000005,8.68393652,8.642012633,8.30639729,10.82561615,10.92548022,10.69560142,10.67013314,10.81002017,10.70288,10.27700506,10.16659932,10.31102787,10.09007833,10.44661284,10.36944307,10.07164585,9.882355026,9.769745552,9.988513205,9.305838488,9.735833628,9.962928065,10.67443188,10.79339451,10.74471475,9.994015102,9.985022631
Ga0242637_11516,10.28187696,10.30913305,10.24858297,10.13083398,10.22463494,10.35227166,10.55221058,10.58264846,10.51789703,10.07419974,10.380905300000002,10.34198876,10.19836978,10.22247967,10.20142094,9.837296244,9.795214015,9.711087982,9.625663595,10.13223745,9.87836629,9.814976966,10.21447698,9.991054322,10.37102624,10.35783561,10.43091023,10.30858941,10.42738638,10.38321848,10.52328729,10.51598178,10.57231281,9.885799273,9.95870952,10.17655515,9.750768392000001,9.916462903,10.02718291,9.737844994,10.22285569,10.28750404,10.42203646,10.73780798,10.66503937,10.54942723,9.866877639,9.839504547999999
Ga0242637_11517,10.13642548,10.27362027,10.143922900000002,10.12638759,10.01483308,10.2773986,10.01430218,10.1212365,10.341339699999999,9.62708855,9.806908578,9.892427375,9.890390076000001,10.36334546,9.942285472,9.646506866000001,9.516232374,9.247215681,9.230326359,9.374656927,9.20080347,8.911270968,9.161897488,8.905318799,10.10106265,9.975991107,9.99953009,10.25280964,10.14438995,10.23269466,9.889632222000001,9.754393308,10.11828667,9.590527693,9.433538929,9.797533213,9.137696637000001,9.099797691000001,9.28711432,9.653794603,9.140436744,9.324606988,9.685483138,10.33231922,10.18838793,10.48992498,9.696524556,9.636767445
Ga0242637_11518,8.476157152999999,8.416966952000001,8.407132111000001,8.215610928,8.079043605,8.291582682,8.419594997999999,8.305984263,8.451435231,8.727412285,8.724394672999999,8.640613537,8.437899001,8.462808309,8.368447233,8.817650354,8.866047922,9.110195934,9.373591132,9.82186288,9.648844524,10.26604607,10.55966826,10.16167271,8.0835518,8.132636632999999,8.05871406,8.313042385,8.471376491000001,8.451452268999999,9.116882487,9.267980963,8.68120845,8.565807657,8.257314676,8.52449669,8.49016093,9.001529964,8.970053141000001,8.986005199,6.9183599120000006,7.391543735,7.072197482000001,8.411218693,8.073281251000001,8.346134066,9.132909205,8.845632516
Ga0242637_11519,8.161024543,7.712643373,8.169504977,8.403750547000001,8.314861433999999,8.401062296000001,8.738141804,8.629083312999999,8.704130178,8.585125821,9.455993485,9.165879582999999,8.455007497,8.231828125,8.465069564,9.792510514,9.559062426,9.477960957,9.958994919,10.09755914,9.87836629,9.769904666,9.719566894,9.582972915,8.37667402,8.447635346,8.216382466,8.472677245,8.516135036,8.693176012,8.914593358,8.982220759,8.909658541,8.664892434,8.501100935,8.822750317999999,9.165378165,9.384445507,9.202816847000001,9.990530209,8.857348086,9.092141141,9.233787157,8.98339569,8.391859495,8.888063724,9.738327321,9.855180422
Ga0242637_1152,8.969116785,9.09534362,9.075254512999999,9.598962677000001,9.544002875,9.362912274,9.301509238,9.277038803,9.187874432000001,8.052471398,8.391774904,7.979237392000001,9.556523042,9.653845042,9.609371626,9.71378967,9.815139639,9.637486804,9.215483595,8.339651001,8.446473975,7.387325894,7.900163323999999,7.677829287000001,8.148839131,8.239544732999999,8.49874046,8.719387546,8.713532605,8.816746657000001,8.578112026,8.514306827999999,8.640338704,8.610978272,8.465621599,8.893109774,9.954893197,9.929883422,9.954166417,10.36012946,10.18559629,9.910296437000001,9.918529415,8.944042407000001,8.53164877,8.855428253,9.864892575,10.23485407
Ga0242637_11520,8.329165408,8.34238895,8.200481769,8.438603257999999,8.250774937000001,8.284876431,8.321467466,8.133240962,8.466489558,8.565487451000001,8.327191322000001,8.225089553,7.97517687,8.159237382999999,8.169784947,8.101159425,7.962682791000001,7.894778418,7.174141366000001,7.15640113,7.071413057000001,6.733737546,6.994849777000001,6.6103830089999995,7.771614702999999,8.021304551,7.898194782000001,7.873639452999999,7.985964932999999,8.023981344,7.842645315,7.897080627,8.057169624,7.782155534,7.359838119,7.692313422000001,7.443309957,8.057514457,8.148006843,7.422871234,8.157556759,8.263043375,8.546277381,7.83085374,7.762692725,7.946531986,7.471570599999999,7.357675907000001
Ga0242637_11521,4.412075361,4.076708291,4.021383903,3.8347331430000002,3.8193379060000003,4.211327143,4.502119858,4.154517597,4.251042272,4.261120417,5.210283856,4.848771504,4.66504715,4.026822059,4.661434729,4.753392565,4.636168732,5.2157469,5.558442277999999,5.048901257,5.104939347,5.171091359,4.919580587,4.999446763,3.425532893,3.2130425060000003,3.915202194,3.8225672999999993,4.503972568,3.625076574,4.9879069110000005,5.122949492,4.746292825,4.5432024019999995,4.684234868,4.8594032380000005,4.377864054,3.662028972,5.027402438,5.534287024,3.761569239,4.149880037,4.510207018,3.991601604,3.9089009,3.991945537,5.0051764169999995,5.190157933
Ga0242637_11522,8.645040081,8.786323973,8.531107619,8.673745026,8.822474774,8.854894768,8.865997448,8.768215344,8.652408636,8.019168194,8.31699362,8.14943083,8.732626092,8.750045325,8.721278164,8.764936015,8.830126835,8.763717624,8.755482219,8.480900461000001,8.537152722,8.091313816,8.138629441,8.335221727,7.986880465,7.970827731,7.983270605,8.042082537,8.328110855,8.307171055,8.696369495,8.85106882,8.443976754,7.749252222000001,7.869173102,7.95032432,8.861289857000001,8.797022606,8.908018418,9.189350957,8.654121037000001,8.481782554,8.535626168,8.262734913,7.983847927999999,8.148628823,9.129606043999999,9.169602099999999
Ga0242637_11523,5.1918384710000005,5.222501755,5.4601771160000006,5.8320685789999995,5.511124041,5.648361909,5.869081032,6.144959018,5.903080129,5.97404317,5.454693014,5.595124285,5.813267869,5.495645916,5.59734973,6.127484201000001,6.238141675,6.120081047,6.063289417999999,6.624096125,6.343331071000001,6.298008836,6.580665552999999,6.6103830089999995,5.520015267000001,5.499673306,5.885600897000001,5.5940514310000005,5.594182435,5.86832935,6.030800039,5.921769181,5.800240818,5.7185231739999995,6.316479206,6.008585527,5.751330366,6.5309503410000005,6.353866272,6.253374702,6.989321055,6.5796728589999995,6.883362422,6.561363021,6.697752363999999,6.607421062,6.271662857999999,6.178165077
Ga0242637_11524,6.884285762,6.394709184,6.3648146510000005,7.009493064,7.026825646,7.213202384,7.22867823,7.2729609139999996,7.17393157,7.265149046,6.585311029,6.904667408,7.003610338,7.08206201,7.054523682,7.782233725,7.431766887999999,7.759901405,7.502416475,7.502421046,7.622663995,7.403161433999999,7.800773156,7.953577573,6.9233683710000005,7.041646512000001,7.0895771729999995,6.972559775,6.598230864,7.099961851000001,6.966267461,7.02572502,7.189159462,6.958616792999999,7.255631594,7.054824785,8.47549197,8.650693433999999,8.674592199,8.112671933,8.310782222,7.968422084,8.109662395,8.0024523,7.920987995,7.721810497000001,7.999003525,8.076030641000001
Ga0242637_11525,10.84769524,10.88469597,10.78594008,10.64145275,10.72044401,10.63001932,10.48581226,10.49793846,10.52690046,9.99199844,10.5816351,10.63609013,10.33123051,10.62150944,10.49152971,9.454088014,9.350575155,9.311135351,8.925640977,9.076480365,9.056782975,8.230915579,8.65913756,8.577639559,9.929637886,9.92498805,9.971177398,10.12380843,10.24619887,10.088109,10.06254681,10.08625835,10.22776007,9.721074391,9.688690188999999,9.634154345,9.201479492999999,9.241078444,9.225375261,7.398762882000001,9.939241746,9.881002234,9.718818391000001,10.10440695,10.29962204,10.18027538,7.6846872479999995,7.682959076
Ga0242637_11526,8.69207623,8.63051224,8.735270681,8.654108469,8.530247079,8.622005975,8.652677473999999,8.596857752,8.817077814,8.441687636000001,7.8915739170000005,8.091311286,8.518229755,8.697781037,8.820618185,8.226971224,8.342047832,8.296000036,7.8640374589999995,7.849552837999999,7.975393761,7.835356363,7.726885338,7.666530405,8.570207864,8.756554575,8.305801769,8.675229174,8.453076816,8.336379126,8.326278411,8.514306827999999,8.68120845,8.00159007,7.659042669,7.845879475,7.766227193,8.1521721,8.068560806,7.91442691,8.648654706,8.188472605,8.582949196,8.492273392000001,7.963197561,8.486718417999999,7.582063063,7.761132194
Ga0242637_11527,2.7843994210000003,3.188618776,2.725182339,3.285877101,3.404506301,3.196938321,3.581642131,3.723610747,3.0232919369999998,3.450563658,3.6635147669999997,3.4363628139999998,3.53504885,2.913262576,2.993237353,3.063272146,3.798069659,4.098857669,3.7340261939999997,4.182356513999999,2.653701924,3.735313503,3.3872535110000004,4.24518793,2.757788731,3.3393896030000003,3.718506891,3.720385549,3.454475608,2.8067615000000004,3.127659418,3.616358705,3.9907369210000003,3.51860132,1.764951351,3.634319656,4.615431697,4.3045167,3.938295756,2.682367728,4.198123123,4.754924248,4.097700825,2.9134069030000003,3.4799555860000004,3.466003933,3.442297762,3.045854701
Ga0242637_11528,9.513942106,9.834254831,9.600033156,9.623150148999999,9.754366162,9.687921132,9.568460121000001,9.409715296,9.475163992,8.958280912000001,9.105307317000001,9.191251609,9.042066118,9.663969748,9.463308187,8.212726923,8.265487619,8.299606337,8.470511134,8.54408213,8.174661169,8.512105032000001,8.670442264,8.764074054,9.133767112000001,9.223367807,9.590638163,9.336663662000001,9.521920059,9.744967537,8.797746575,8.807511932,8.965084787999999,8.438926221000001,8.60910375,8.455192672999999,7.586740087000001,7.982207333,8.452686114,8.280350271,8.474219156,8.562733959,8.794286368,9.541559487999999,8.360621083,9.107845746,8.322044822,8.157772452
Ga0242637_11529,10.00972563,10.13506681,10.02459616,9.802190277000001,9.689019265,9.732957473999999,9.664974783,9.601919076,9.750434988,9.161614456,8.743556177,9.233385627,9.716874081,10.00236266,9.76060741,9.28400977,9.507511633,9.506324123999999,9.540094643,9.577017592999999,9.585266943999999,9.615411822999999,9.733106866,9.723139907,9.485029539,9.262358039,9.483393465,9.698353722,9.935098107,9.826624142,9.552824236000001,9.604664253,9.540358929,8.813233905,8.839990237,8.939346325,8.588867677,9.257138675,9.215165145,9.370643512000001,8.944691021,9.05414949,9.259904933,9.625490211,9.434668833,9.539152982000001,9.286144448,9.256490292
Ga0242637_1153,7.456582292999999,7.789521956000001,7.791289034,8.551703926,8.507843307,8.511458223,8.219479874,8.309302887000001,8.121277719,6.928239866,7.462514627000001,7.261765471,8.471915447,8.308705298,8.440835266,9.067617109,8.664267166,8.644007062,7.9597857670000005,6.584525481,6.839382229,5.771053014,6.067026782999999,6.40791227,7.251423521,7.120977571,7.634490802,7.3309290339999995,7.227487346,7.778527789,7.2085507479999995,7.188599254,7.533385517,7.599059396,7.513717647000001,7.606724541,8.905733439,9.202894283,9.200748482,9.37682529,9.326525704,9.040082456,9.124313979,7.859342876,7.089650862,7.557583361,8.961441019,9.242935078
Ga0242637_11530,8.015737787,8.364542026,8.145827812,7.885893931,8.061569265,8.011888539,8.175895484,7.928348222,8.033015592,7.32089385,6.834631907,7.407496925,7.989339299999999,8.371841316,8.301235699,8.013483836,7.834639664,7.9416963439999995,7.841008769,7.491774135,7.233404254,7.509391607,7.73767538,7.775722363,7.743707942,7.651031711,7.859335428,7.923035982000001,8.277008832,8.273049695,7.679884015,7.757532427999999,7.956109098,7.054123276,7.11608408,7.346505389,7.666413492,7.600976356,7.6803978310000005,7.880016897000001,8.037199892,8.068847802999999,8.335244314,8.420806986,7.650913388999999,7.977195412,7.932310778,7.761132194
Ga0242637_11531,9.623142838,9.75262201,9.573659478,9.43604995,9.318017903,9.386594385,8.985381122,8.834204893999999,8.793394954,9.076303675,8.574087707999999,8.541501822999999,9.692558806000001,9.735802917000001,9.8306676,8.437602101,8.539772871,8.240794698,6.919405475,5.967815598,5.996681476,5.56032048,5.8843656179999995,5.48758844,9.642904813,9.539865541000001,9.674561012,9.602242561,9.748887059,9.488549877,8.638452291,8.470291352,8.762353427,9.043878381,8.949344042,8.918190369,8.088914303,7.7446304360000005,8.156569989,8.582708642,8.632130314,8.694309549,8.668310487000001,9.027990807,9.084109765,9.077847868,8.298703287999999,8.321503244
Ga0242637_11532,9.769203071,9.913662543,9.77869663,9.633214262000001,9.587380778,9.60824568,9.36109464,9.212929642999999,9.342743797999999,9.500095856,9.396710641,9.230940928999999,9.321174294,9.62925184,9.567705904,9.079439647000001,9.178859191,9.132608316,8.858437996000001,8.690895605,8.651411891,7.675059347,8.002119537999999,7.934865021,9.790658919,10.04673059,9.718641392,9.442066279,9.548017794,9.546825572000001,8.964944182,8.926302948,9.045543217999999,9.402337405,8.957029272,9.08567856,8.41527722,8.558655828,8.813724051,9.033734682999999,9.403187324,9.586554999,9.572798028,9.103357605,8.639692526000001,9.133348697999999,9.019701551,8.689496187
Ga0242637_11533,10.9434561,11.02093199,10.9538295,11.294020399999999,11.10055978,11.26239981,11.44863565,11.44676201,11.63644522,11.10465778,11.066301600000001,11.01282601,10.50308994,10.84664845,10.66018928,10.96109683,11.12570315,11.20417629,11.57508525,11.69058377,11.65762141,11.36466085,11.30405118,11.32572221,10.94252045,10.914395800000001,10.98639751,10.96685685,11.05060409,11.043059699999999,11.13903649,11.03404787,11.36788561,10.62425116,10.33209848,10.81653159,10.86528771,10.77861888,10.89908651,10.70165189,11.60057139,11.57027005,11.79570413,11.5205814,11.49137282,11.62260286,10.84963614,10.73597302
Ga0242637_11534,12.20855512,12.11994598,12.196226699999999,11.701023,11.65447584,11.55699068,11.30276046,11.43465852,11.6971281,12.86155744,11.47676604,11.12107927,11.47140967,11.75916521,11.51416587,11.05489759,10.9222465,10.9335834,11.26855692,11.44995579,11.48413304,10.83017687,10.74215846,10.9598785,11.64731759,11.52050734,11.79435113,11.80815724,11.81537085,11.95591214,11.84554401,11.68539952,11.93284838,12.37045104,11.87663494,12.0165244,10.53833313,10.41339929,10.4076608,10.02832702,11.89008349,12.20646137,12.61054563,11.28237219,11.36623308,11.45068393,10.05274334,9.892555952999999
Ga0242637_11535,11.60687376,11.51784563,11.54903911,11.23700603,11.2111617,11.17987096,10.90975473,10.93921724,11.12574041,11.75882633,10.45832837,10.51371823,10.99807223,11.06866233,11.02141458,10.22029794,10.24155436,10.23068385,10.211741900000002,10.23313334,10.15423501,10.11324192,10.200898800000001,10.00681568,11.42819123,11.08573465,11.28907398,11.65540276,11.56434974,11.6325837,10.92075532,10.89253346,11.12555929,11.52447376,11.06286231,11.25970998,9.954893197,10.21116901,9.837872772999999,9.257940303,10.54755802,10.96505874,11.004136599999999,10.78311287,11.04621399,10.73000279,9.280198437000001,9.394690156000001
Ga0242637_11536,11.55311303,11.4184981,11.5879912,11.35951469,11.45313385,11.25898246,11.10157161,11.16387883,11.24293093,11.6347634,11.05867232,10.91190014,11.224443800000001,10.97945893,11.03406839,10.5554752,10.27276743,10.08366869,10.14907344,10.49134399,10.41415049,9.947721297000001,10.07257692,10.10631511,11.45424817,11.12087504,11.52412664,11.69108129,11.68783382,11.85933385,11.13903649,11.16406426,11.30437061,11.56790413,11.245478199999999,11.21595516,10.03710197,10.06069218,9.974889472000001,9.203332198,10.5838103,11.02431485,11.36757836,11.02231219,11.05843228,11.03173562,9.386418393,9.266573765
Ga0242637_11537,11.70300521,11.7191358,11.67980311,11.53448931,11.53691344,11.50348376,11.24958508,11.20454228,11.35839153,11.38694723,10.71865483,10.69758089,11.2864427,11.34239257,11.30111836,10.52121236,10.48398868,10.42478978,10.34181362,10.383204300000001,10.33756197,9.925971741,10.11869598,9.977406166,11.85358712,11.44971813,11.81080791,11.915424900000001,11.96357549,12.05429724,11.06017273,11.1755306,11.23793004,11.48897636,11.12728393,11.26111086,10.17965323,10.31965322,10.52802445,9.773424169,10.84267322,11.11601331,11.60002241,11.28587391,11.11685025,11.34130487,9.953491251,9.756079902
Ga0242637_11538,12.67212146,12.646666,12.81170139,12.49332644,12.52951664,12.50269872,12.15866578,12.22789353,12.42963609,12.39789582,11.81599349,11.84966085,12.46863091,12.4511916,12.42597942,11.65718287,11.559045800000002,11.491877699999998,11.35167717,11.0041436,11.10791886,10.24204315,10.22601455,10.39173283,12.84473064,12.38089844,12.74943087,13.07861466,13.07395215,13.19613009,11.99349995,12.06229828,12.32793356,12.57637177,12.31247999,12.42170948,11.46251332,11.39899056,11.37912049,10.93005177,11.664256800000002,12.08154824,12.69940808,12.58008892,12.40129854,12.5371883,11.05598193,10.94085144
Ga0242637_11539,11.05380704,10.85147128,11.40481516,10.89093773,10.96617205,10.91804151,10.57948177,10.57094607,10.79405919,10.83353269,10.16197446,10.28421096,11.00853838,10.85152923,10.96305747,10.28809104,10.05904252,9.982983296,9.756516454,9.010903177000001,9.337690251,7.846979295,7.614296792999999,8.2317106,11.29371312,10.83197017,11.29063929,11.7670508,11.71560298,11.82919976,10.30333395,10.08017051,10.5915821,10.95463344,10.83439424,10.92523576,10.01698477,10.04227457,9.941835867,9.382980691,10.106067300000001,10.50024072,11.15266514,11.22834525,11.22052591,11.04109379,9.604348253,9.605331123
Ga0242637_1154,8.593117873999999,8.601493422999999,8.543240771,8.830670957999999,8.646144677999999,8.88845834,8.543479522,8.547127953,8.571173586,8.352827307,8.357358844,8.464509069,8.556777495,8.701718077,8.454349,8.381403767,8.349875376,8.550248077000001,7.73673601,7.209359308,7.113649792,7.182343406,6.976738986,6.7668268760000005,8.207217798,8.166670875,8.358501055,8.427755179,8.495420422999999,8.451452268999999,7.868071807000001,7.977903416,8.122226135,8.674937199,8.294189232999999,8.324600475,8.815433355,8.75239664,8.686466668,8.494489737,8.157556759,8.450214865,7.734467112999999,8.073071199,7.637941192,8.125351035,8.292808402,8.468528325
Ga0242637_11540,12.31430141,12.33111813,12.34852515,11.9814031,11.99742103,11.9977695,11.61382044,11.60634162,11.87934639,11.93908713,10.90462792,11.08971742,12.00383627,12.04948854,12.02019287,11.19461206,11.14326136,10.96059743,10.35270693,9.294250418999999,9.60759306,8.139364853,7.671689705,8.363481405,12.41052971,12.10338205,12.45844804,12.80496185,12.71174245,12.81308838,11.41175634,11.23974997,11.7976786,12.04439256,11.6840244,11.86007705,11.0374409,11.218017199999998,11.05261705,10.59698638,11.19270107,11.39553971,12.22945719,12.09697609,12.2031459,12.06805445,10.72385742,10.64098708
Ga0242637_11541,12.79408532,12.95671546,12.84056029,12.53451582,12.58043474,12.44446971,12.19711185,12.0890375,12.30564062,12.21200427,11.38274045,11.61108886,12.57182299,12.71383681,12.71494389,11.69865339,11.50618278,11.36898177,10.56312878,9.266420525,9.364158147000001,8.000569135,7.63752881,8.516033857,13.04619068,12.81398539,13.11145264,13.37832191,13.32632163,13.42212811,11.966687199999999,11.74971437,12.23712475,12.46682108,12.29641563,12.46717839,11.56305689,11.53473771,11.64138936,11.33433628,11.55528031,11.8056894,12.90474754,12.77893809,12.78741542,12.69240324,11.33440723,11.30441314
Ga0242637_11542,12.70726999,12.77388431,12.6882448,12.48744413,12.544333199999999,12.48836031,12.25363123,12.20513978,12.4231406,11.53984294,11.43671283,11.47774634,12.33756106,12.42806077,12.38158201,11.27048601,11.18378308,11.05535623,9.913737813,8.222215777999999,8.552579458,7.594603642,6.9209990370000005,7.278369412000001,12.7733898,12.33736676,12.82032148,13.08721564,13.05043615,13.18699758,11.89430088,11.58750763,12.15142425,12.10461651,12.03568729,12.17911775,11.23542318,11.26377789,11.35421434,11.02067788,11.86790981,11.84717894,13.18159857,12.6737778,12.70276624,12.59410406,11.02698269,11.01947543
Ga0242637_11543,11.3209695,11.28716219,11.41969827,11.27043687,11.27793054,11.23091226,10.77414009,10.96732109,10.89138598,10.53178772,10.44551464,10.60998836,11.22044769,11.12545158,11.03856084,10.424110800000001,10.10832299,9.875948344,8.862254772,7.414959266,8.005602315,6.602629057000001,5.629148799999999,6.4872149420000005,11.48785405,11.04464255,11.49861926,11.94793312,11.79916436,11.97161978,10.51446005,10.23065955,10.85789439,11.06042285,10.94415222,11.20398673,10.09102009,10.19180375,10.08214824,9.742639889,10.44091969,10.56061021,11.85740825,11.46760437,11.79866724,11.62537064,9.902149506,9.896890087000001
Ga0242637_11544,12.00383181,12.00100516,11.85000685,11.7936681,11.7269215,11.71623381,11.44015947,11.40239514,11.6293566,11.04741293,10.76814532,10.83269564,11.39856359,11.61474968,11.48352027,10.36416123,10.33914782,10.24851694,9.097391992999999,7.437327184,7.913009391,6.758584973,5.804244499,6.67952201,11.99283649,11.54227267,12.02248556,12.45348247,12.34164515,12.4688371,10.89316145,10.7129716,11.30670447,11.50349167,11.29432308,11.24243789,10.41692293,10.37466708,10.406763900000001,10.30284498,11.12345943,10.85787593,12.22117282,11.69434166,11.86625227,11.79075787,10.11586658,10.22626903
Ga0242637_11545,9.841912204,9.814850271000001,9.76322065,9.738354498,9.562753339,9.616280644,9.274745523,9.338419777,9.365005964,9.229738028,8.43485074,8.833434998,9.148954623,9.428897858,9.281191758,8.349209651,8.223498877,8.206627931,6.904664781,5.76988924,5.73248443,4.737776482,3.963144162,4.113428357,9.880518689,9.318935981000001,9.782335033999999,10.32297056,10.18376187,10.27640526,8.707679025,8.421041643999999,9.138617874,9.501616925,9.360087618,9.378100619,8.460672297999999,8.117399427999999,8.148006843,7.897324533,8.468025172,8.401528901,9.812233045,9.467939824,9.442148589,9.630156425,7.6846872479999995,8.045118957
Ga0242637_11546,12.80731839,12.86493746,12.72382416,12.69084419,12.81177168,12.72456598,12.67440367,12.66428871,12.730752699999998,12.07375983,11.7263796,11.86156217,12.43216557,12.51466743,12.52870764,11.18734686,11.11368629,11.00323689,9.818727897999999,8.464662951000001,8.632179717,7.338747958,6.289057454,7.26344423,13.09489983,12.69887008,13.11130502,13.46794218,13.40547494,13.45424052,12.01328748,11.88052801,12.37917522,12.50971666,12.36011002,12.33124299,11.25057845,11.29781745,11.37408177,11.21001595,12.3131391,12.02999089,13.23029509,12.88980857,12.966658099999998,12.73563219,11.19124655,11.28552994
Ga0242637_11547,12.39611372,12.43027253,12.37930519,12.43375524,12.44508316,12.46036507,12.24898809,12.22394294,12.33207763,11.74288818,11.38335137,11.51187753,12.13672983,12.10293502,12.11682746,11.03175943,10.86604842,10.66597285,9.43382119,7.914760661,8.141037568,7.236386233999999,6.229043205,7.186407929,12.65068048,12.32172058,12.73321422,13.01913746,12.96665419,12.99431862,11.54775363,11.29598864,11.83728507,12.12513758,11.85760137,11.92382143,10.79319062,10.92318452,10.98812278,10.80383034,11.89355365,11.48197595,12.790970800000002,12.48389793,12.63992284,12.40007006,10.79959373,10.91009247
Ga0242637_11548,12.34552722,12.40549559,12.27654373,12.23435563,12.21873232,12.2046526,11.91970927,11.85733709,12.05393493,11.62412443,11.12738504,11.214986300000001,12.00150944,12.14961656,12.05519956,10.73062495,10.71440055,10.52753473,9.291050208,7.922708163999999,8.295726814,6.92145699,6.428968772999999,7.088175727,12.51242774,12.250126,12.53396233,12.82566948,12.77172527,12.85315138,11.076075999999999,10.93969546,11.52085887,11.94699254,11.88000752,11.68744559,10.76933724,10.68476809,10.86095771,10.73932317,11.42705516,11.06656207,12.20614,12.05449603,12.23417541,12.08951048,10.70067282,10.80678019
Ga0242637_11549,11.04779248,11.15633023,10.93553609,10.60164441,10.54217404,10.55327787,10.12420993,10.07324775,10.19198637,10.24851442,9.535098284,9.886226534,10.70891584,10.95945781,10.87033795,9.395395608,9.154487114,9.062177365,8.029341869,7.101422267,7.379013552999999,6.830653764,7.21165498,7.775722363,11.11631922,10.90546654,11.02765655,11.53703012,11.41124549,11.36848409,9.425052625,9.34920655,9.842713168,10.64355974,10.57368158,10.29822169,9.109473525,9.235685054,9.075406318999999,9.492359672000001,9.152073475,9.129157871,9.562342192000001,10.31785351,10.4219292,10.38113701,9.187935743999999,9.249728606
Ga0242637_1155,10.91994054,10.95259479,10.9825135,10.88041411,10.83606378,10.77762831,10.86981341,10.85373794,10.80075594,11.19582267,11.72926595,11.43802697,10.82268066,10.84308839,10.93970988,10.988525099999999,11.26467251,11.46764105,11.98261469,12.6480519,12.54288389,12.79235197,13.05654585,12.76752119,10.82028296,11.02106789,10.6204184,10.88959831,10.8373189,10.76863452,10.7832101,10.79108138,10.65303743,10.87355205,10.470971,10.72964601,10.77832854,10.53254594,10.60433139,10.76311538,11.22519651,11.13102186,11.32569058,10.83303458,10.95765969,10.77618891,10.86957304,10.81252686
Ga0242637_11550,8.465366889,8.332789619,8.271490246,7.86895613,7.928121815,8.125102908999999,8.098997512,7.862095919,8.012646013,8.86229056,8.401459098,8.476942375,8.370970621,8.264137807000001,8.362725497000001,8.161733969,8.436965394,8.363023867,8.445286348,8.420447483,8.413058227999999,7.509391607,7.5906842999999995,7.925416898,8.405454176000001,8.487076842,8.255385738,8.675229174,8.669302017,8.543780402000001,8.191793427999999,8.366052656,8.083545407999999,8.649692906,8.605848249,8.508070473,8.286737634,8.324669622,8.139392551,8.233424735,8.436649891,8.30482653,8.11682633,8.0024523,7.598309286,7.942097785,8.465198929,8.49163889
Ga0242637_11551,8.035327582999999,7.923475421,7.846194201,8.218956402,8.142749092999999,8.187559869,8.098997512,8.162895406,8.116513432,8.787978815,8.264894744,7.925815431,8.633921592,8.472058366,8.413421939,8.615956313,8.563528081,8.677652919,8.189834897,7.357472189,7.632377921000001,6.5466481420000004,6.100925536,6.787850294,8.534825968,8.447635346,8.487864068,7.839742667,7.685079721,7.239082336,7.922480414,7.76969132,7.984380784,8.286755913,8.158559792,8.03466482,9.011197379,8.505862875,8.604349369,8.818983167,9.186430842,8.960161771000001,8.758093345,8.226745122,8.391859495,8.27034559,8.857454597,8.974254232
Ga0242637_11552,9.499912258,9.522898995,9.503984436,9.489656282,9.466464567000001,9.503839927000001,9.496703682,9.493784063,9.400709831,10.3533879,9.955631149,10.00830348,9.513078586,9.577700085,9.449879467,10.48018265,10.42500915,10.47269132,11.19177302,11.42779301,11.33897378,10.85484703,11.0301382,11.21377507,9.858573012999999,9.881253085,9.926233319,9.615655942,9.773674504,9.638449076,9.927606542000001,10.00117803,9.745589678,9.935733519,9.863786827,9.72831975,10.45480462,10.69855496,10.62684322,10.59698638,10.07380208,9.85110084,10.00985372,9.751142389,9.590879662999999,9.607938067000001,10.488866900000001,10.69673841
Ga0242637_11553,10.40837556,10.51482763,10.48863881,10.66678194,10.45620311,10.60869834,10.55940301,10.57163708,10.63494427,11.2850737,10.94491522,10.91571043,10.08206199,10.3069595,10.18773352,10.44710592,10.27995432,10.28626385,9.52572751,8.61935587,8.511069098,9.245701294,9.390995542,8.841456113,11.267500199999999,11.23352626,11.25847256,10.86664243,10.80762177,10.84537459,10.49827083,10.32532056,10.55120876,10.8571051,10.78055368,10.53319323,9.949596222,9.558698652999999,10.01428618,9.688998591,9.978985089,10.33724409,10.24539711,10.74418605,10.56239222,10.73193027,9.795721862,9.445873058
Ga0242637_11554,11.32991902,11.21367293,11.38093165,11.72298207,11.72865224,11.67867996,11.64304245,11.61742688,11.59766072,12.45348389,12.87560966,12.4029865,11.29073686,11.01627906,11.08750966,12.07835143,12.00583573,12.13430371,12.07595627,12.03604158,12.06055634,10.4314748,10.40246567,10.68272086,12.15254887,11.96680857,12.09116179,11.45266132,11.5247435,11.44085955,11.60065192,11.62269792,11.47012209,11.92480515,11.86272432,11.62761168,11.44756039,11.04843503,11.25852963,10.62841397,11.22519651,11.55736553,11.06927695,11.72723171,11.92281506,11.70471923,10.80063255,10.46389748
Ga0242637_11555,3.893771605,3.942239546,4.223012272,3.285877101,4.0603926580000005,4.268645649,3.8963039360000002,4.2144303910000005,3.495777414,4.389318268999999,4.023771416000001,3.82092602,4.280950425,4.175655838,4.500591236,4.671023263,5.041072829,5.0177777,4.834070366000001,5.161685736,4.924884106,5.171091359,3.963144162,4.845648752,3.752046685,4.348487282,4.08603391,3.917216817,3.454475608,3.209420395,4.742474206,4.013713061,5.065064829,4.67152528,3.584336313,5.055180197,4.615431697,4.122987674,4.363716926,4.246408504,4.621105128,5.2263368560000005,4.5964761439999995,5.007333227,4.80563102,4.419220102,4.250125233,3.866371795
Ga0242637_11556,7.4995357810000005,7.284872882999999,7.595413269,7.638515472999999,7.726652447,7.648988247999999,7.822854266,7.663744951,7.537010412000001,7.6969265689999995,7.525881571,7.424719487000001,7.334776408,7.14706257,7.543666652000001,7.180428965,7.4169355910000005,7.4581124910000005,7.4322337439999995,7.459353332999999,7.500686035,6.783010875,6.9583976089999995,7.105019867999999,7.570244519,7.634910685,7.399290525,7.663638949,7.648012842999999,7.040321433,7.60926127,7.467747577999999,7.643871555,7.841338532999999,7.412977427,7.773105342000001,6.85567705,7.081211592000001,6.983950287000001,6.945405302999999,8.371774562,8.345433286,8.035995056,7.74693687,7.442892986,7.417648377999999,7.407530735,6.902816122999999
Ga0242637_11557,9.248338637,9.10665278,9.30281439,9.026651801,8.970246203,8.890668388,8.543479522,8.544314267999999,8.528773467,8.697652153,8.530623955,8.71247311,9.650109844,9.328082554,9.387853601,9.144663303,8.919621502,9.232199073,8.683960378,7.584878938999999,7.726079061,6.331543479,5.674972682000001,6.265172641,9.459526996000001,9.160957737,9.262967181,9.425025329,9.56799458,9.715100797,8.524760348,8.668346306,8.301448201,9.752241786,9.632210729,9.183490091,8.561348185,8.374602082000001,8.594929828,8.894175678,8.118543228,8.444885757,8.291596887999999,9.323783281,9.357657597000001,9.146896567999999,8.908458462999999,8.623027564
Ga0242637_11558,12.21795963,12.09862948,12.333103699999999,12.92608813,12.99276939,13.02325439,12.90708458,12.88173677,12.92358279,12.44477727,12.70527771,12.2859853,12.80166769,12.39910832,12.34632224,14.17898016,13.99697751,14.02154093,13.09178422,11.75486345,12.06459675,10.27467634,8.913404709,10.31784465,12.83913822,12.3250727,12.87560186,12.69770162,12.688304800000001,12.92254081,12.13555536,12.18338492,12.36960735,13.34447421,12.86004247,12.57135547,13.44210047,13.67333169,13.52324393,14.56243271,14.49323885,14.07144725,14.42564031,13.26596242,13.25482166,13.19935216,14.47133471,14.55804955
Ga0242637_11559,13.27845017,13.27735485,13.57465352,14.13424175,14.24442293,14.16051616,13.7697307,13.85535463,13.87756992,13.51312459,14.08435183,13.60920805,14.05664872,13.57049936,13.35008709,15.35972495,15.12208614,15.06603039,14.73962571,14.27452932,14.32737003,12.87271157,12.45210344,13.14961814,13.53771845,13.10239008,13.82018565,13.22116582,13.44391487,13.56060046,13.38394324,13.24815657,13.45327435,14.39412079,13.95530499,13.86046855,14.83723758,14.76439686,14.65361733,15.52718428,15.46730176,15.2553237,15.60177368,14.15903965,14.43386447,14.25776879,15.60186229,15.56994095
Ga0242637_1156,10.28085171,10.34299595,10.154836099999999,10.36926856,10.27287948,10.4700086,10.38563612,10.37506907,10.47388071,10.0857337,10.57843739,10.329474699999999,9.953142562,10.10551431,9.941326143,10.22562741,10.39978301,10.44202236,10.65729911,10.99475158,10.93528296,11.05472685,11.46768569,11.18635496,10.13797068,10.02112485,9.93959813,10.06757533,9.944952726,10.07702855,10.21396584,10.28036027,10.39063112,9.926304484,9.656013124,9.973626566,10.08136549,10.1233629,10.15232209,10.13975569,10.67804231,10.48992889,10.85040875,10.20586124,10.09183026,10.29162349,10.11920122,10.11533962
Ga0242637_11560,10.86216246,10.6309874,10.70252734,11.13002217,11.02256735,10.94699999,10.93762205,11.02244338,10.82431799,11.41967069,11.29844405,10.92557034,10.60393008,10.54359221,10.72405666,11.19642266,11.21999842,11.30628664,11.34145984,11.41023829,11.43573423,10.08162227,10.16138466,10.56142036,10.59444727,10.42498292,10.670973199999999,10.45475085,10.25766575,10.519510400000001,10.81231217,10.72940241,10.81394352,11.18908014,11.10209049,10.75770523,11.04242547,10.75807542,10.57748293,10.74291711,12.32817645,12.06818094,12.55888779,10.76378075,11.16849232,10.87077781,10.49657993,10.60170069
Ga0242637_11561,11.56495345,11.42754451,11.44416726,11.75789585,11.67831456,11.72802276,11.6559102,11.72040919,11.66853022,12.42539031,12.08068587,11.57636543,11.47476848,11.4876988,11.32925943,12.21948269,12.31634388,12.35959106,12.06108948,11.94290458,12.02090437,10.79910776,10.8579172,11.24353725,11.12985503,10.8749156,11.44246001,11.03395685,11.05111108,11.10072969,11.69919344,11.68178567,11.6285122,11.68030529,11.60429974,11.28575275,11.91251537,11.79428979,11.8274885,11.52730128,12.920605,12.4880549,12.99667734,11.76064752,11.65720887,11.60763437,11.56525047,11.59588373
Ga0242637_11562,10.53674621,10.59195668,10.34961953,10.69648142,10.53427894,10.71851912,10.643641699999998,10.71363618,10.57022289,11.12100518,10.19436453,10.06292844,10.43660991,10.57290355,10.61578371,10.92442378,11.05684277,11.28598019,10.66278041,10.29871557,10.28773566,9.117237758,9.473978825,9.687259663999999,10.55405303,10.18689841,10.57146559,10.57549484,10.43439886,10.42071043,10.40582923,10.39269653,10.47522931,10.71039584,10.46559351,10.259496400000002,10.69847658,10.72766193,10.70480378,10.38487691,11.21783324,11.09149956,11.34944943,10.68971295,10.47576249,10.63911884,10.50552665,10.30990362
Ga0242637_11563,11.29581443,11.34639607,11.24687545,11.538176199999999,11.49563171,11.66969987,11.59039212,11.60903679,11.53478058,11.52593976,11.36676497,11.11711338,11.50341816,11.41072459,11.40149185,11.54014977,11.33437925,11.29097045,10.43188597,9.530976522000001,9.536967862000001,8.358189764,8.583415117000001,8.871282886,11.51410369,11.32886034,11.57425556,11.41958659,11.36142463,11.40290881,11.44592156,11.43747823,11.38477352,11.59592772,11.53110842,11.297405699999999,11.29302207,11.17075734,11.13345242,11.08344409,12.25046974,12.06166816,12.3649715,11.6900533,11.55656957,11.57650836,11.00191173,11.17656296
Ga0242637_11564,10.40084516,10.33420364,10.47445354,10.70007643,10.71066931,10.92506631,10.78700917,10.71613835,10.70086976,10.65768131,10.43022293,10.24960806,10.62600055,10.6037366,10.57677921,10.81789596,10.55087316,10.33187957,9.170016405,7.653353107999999,7.960048835,7.3551231779999995,6.9583976089999995,7.3787301020000005,10.83424074,10.71929394,10.84227825,10.5547546,10.36676989,10.66720264,10.51284928,10.32634966,10.63606247,10.61580318,10.57284824,10.54933616,10.61059227,10.60125831,10.52884906,10.54303606,11.31247271,11.25418235,11.66437667,10.94191596,10.86052384,10.97969247,10.38880463,10.27203287
Ga0242637_11565,9.548431154,9.669908319,9.516346106,9.936261928,9.913782818,9.87031312,9.677048403999999,9.616725927000001,9.759630249,9.308636366,8.902029869,8.927023333,9.676604156,9.667999818,9.775755624,9.614362253,9.607202796000001,9.385975582,7.61531041,6.168747975,6.055767905,5.094429967,5.259079827,5.724953022999999,9.651939699,9.612993688,9.83477712,9.692036211,9.55375373,9.536076686,9.271580558,9.102436297,9.405749856,9.721074391,9.431701535,9.318795564,9.431670561,9.592847176,9.910540374,9.472292447000001,10.23567242,10.10360496,10.33871782,9.87604509,9.486230563,9.811223986,9.247049937,9.256490292
Ga0242637_11566,10.60059015,10.524697300000001,10.57759164,10.93482604,10.64032676,10.83326224,10.51771597,10.67685837,10.7509089,10.40032925,9.832188381,9.749444461,10.58618261,10.58680681,10.61096543,10.14541707,10.05066292,9.806682308,7.945462727000001,6.321095654,6.6224148529999995,6.155449891,5.674972682000001,6.072762742999999,10.64509751,10.34633414,10.53671042,10.80357867,10.49825559,10.41485504,9.939646129,9.77111783,10.22480126,10.74298592,10.38052525,10.28313191,10.24597266,9.953073048,10.02016262,9.903289832,10.81488067,10.6315121,10.86217775,10.63378923,10.66023716,10.7736961,9.938468443,9.928987584
Ga0242637_11567,11.73965855,11.78396717,11.71005015,12.11195506,12.08244371,12.16617455,12.13916069,11.97038582,11.95066608,11.5623085,11.20753563,11.15112752,11.91730328,11.91501266,11.99128471,11.20723878,11.25896849,11.22944447,9.357456442,7.681732133,8.106611357,7.580746799999999,7.453414029,7.419691114,12.13761819,11.93013222,12.28711522,12.15588622,11.97377295,12.05743262,11.22172149,11.17210026,11.40321194,12.05788799,11.65281894,11.400795800000001,11.168606,11.17780517,11.35095405,11.44585123,12.25991102,12.08754472,12.46693808,12.24125975,11.74449328,11.94078797,11.34013424,11.44792905
Ga0242637_11568,11.6105508,11.69592574,11.55766188,11.82556079,11.87804649,11.94531487,11.86297285,11.78588927,11.66078013,11.57341144,11.10014274,11.10047051,11.80604258,11.69716879,11.83555305,10.81318361,11.07348242,11.00820385,9.064638817,7.369154476,7.6986024760000005,6.830653764,6.346665849,7.419691114,11.99046417,11.78523895,12.01902736,11.992954899999999,11.81447525,11.75659532,11.11800033,10.96370302,11.14864048,11.98482865,11.54859215,11.24137367,11.26130699,11.04226969,11.301627,11.23830036,11.78998758,11.68601709,11.96004308,11.98994543,11.88146214,11.77806584,10.98556153,11.26052228
Ga0242637_11569,11.57920167,11.77985229,11.56214034,11.87384085,11.85762849,11.97971735,11.970624800000001,11.85052028,11.8032056,11.31478179,10.86318318,11.01353735,11.83703963,11.88329895,11.96036554,10.98014104,11.09401568,11.069681800000001,9.157645839,7.681732133,7.928860299,7.106981535,6.580665552999999,7.186407929,12.11601697,12.06880782,12.10783192,12.10537782,11.92785806,11.85861508,11.11269301,10.95441416,11.30530461,11.75883946,11.40708669,11.33314284,11.31790152,11.08788002,11.44612989,11.46990549,11.97933492,11.8390775,12.31134694,12.18259129,11.9381045,11.9410657,11.28107048,11.36667166
Ga0242637_1157,10.35091548,10.44971472,10.25873517,10.39832721,10.440236800000001,10.36026741,10.65100572,10.560541,10.60209478,10.1005913,10.44082674,10.33403784,10.43488646,10.44017183,10.40788619,10.51542193,10.54577134,10.64911238,10.25448007,10.00889848,10.05483063,10.58854927,10.78698809,10.43896963,10.03122819,10.12189289,10.21048591,9.83936859,9.985834567000001,10.01773944,10.27605579,10.11512761,10.3404852,9.876037034,9.855587307999999,10.03387393,10.02707843,10.17217501,10.34255326,10.73692222,10.58952705,10.56184143,10.79455276,10.74609398,10.3718954,10.50202338,10.73150355,10.66786457
Ga0242637_11570,8.255916911,8.069347379,8.449652293,8.974169188,8.963206317000001,8.925576286,9.102814035,9.164281068,9.122852185,10.21319406,10.50173829,9.648644629,8.441336973,8.374310169,8.205387088,9.916324228999999,10.06023564,10.15208396,10.49715953,10.51124193,10.51994999,10.72704792,10.7381352,10.03344087,8.365731669,8.207206331,8.537933275,7.805029891,7.530726955,7.569476568,8.933982416000001,8.87095387,9.029806533,9.811488755,9.760712946,10.28588727,9.707489484,9.662835194,9.621461156,9.492359672000001,9.661104791,9.680231563,9.870603696,9.417750786000001,9.580749821,9.37781379,9.703206055,9.489574048
Ga0242637_11571,12.46001061,12.15531768,12.39005087,12.05530714,12.178268699999999,11.99700045,11.80666361,11.89950277,12.06015023,17.13796163,17.35838622,15.476779800000001,11.61569122,11.61631471,11.42192461,12.53421496,12.64670087,12.28378968,13.2745533,14.37242054,14.29954633,17.78425247,17.29023337,16.09010017,13.96883443,13.24503321,14.19542465,12.8977798,11.61597839,13.06409748,12.14520496,12.06075328,12.02417584,16.24820425,15.30957393,16.68016077,11.56997741,11.29263259,11.20536312,11.81935984,19.49439001,19.14963853,19.99606526,11.37980357,11.91745878,11.44677733,11.74436301,11.94726617
Ga0242637_11572,7.929378321000001,7.9192050929999995,8.029884498,7.860412037000001,7.989474423,7.7547077710000005,9.000833949,9.283801901,8.458982034,9.124071369,9.902067199,8.807417524,8.707148618,8.740508533,8.714555536,10.41636358,10.965552800000001,11.36855266,12.59943474,13.33960456,13.18617439,13.67752467,12.73618346,13.48012803,8.087997446000001,7.979364179,7.772362507,10.29302027,8.357925007999999,8.481645125,8.707679025,8.987434936,9.574849944,9.057379147,8.820462614,9.342810927999999,10.56974552,11.39778379,11.473799699999999,11.48643652,11.21598654,8.863620344,9.266361157,8.101173553999999,8.092424055,8.848337834,11.54183447,11.71725728
Ga0242637_11573,9.464228833,9.51584721,9.374166994,9.286248857,9.236670559,9.304436845,9.218029001,9.331908514,9.358968455,10.25056541,10.14766178,9.646811801,9.673684258,9.547393154,9.641622672999999,9.89418307,9.947407201,10.40232677,11.69763241,12.52165197,12.31877969,13.30429194,12.46676563,13.22879106,9.447469746,9.438276812,9.483393465,9.531470505,9.086286187999999,9.056253307,9.568416181,9.696671239,9.467131556,9.96058042,9.403856049,9.663054897,9.774928483,10.24645764,10.402271,9.696431822000001,10.67670021,10.40466822,10.59614265,9.458661418,9.126509552,9.352980061,9.644244991,9.483823172000001
Ga0242637_11574,7.1767666839999995,7.216893082,7.210230661000001,8.041379966000001,7.864042659,7.910968054,7.975369679,8.083712923,8.077821734,8.484145843,8.462869498,8.00808288,7.43478096,7.603760918,7.400178666,8.594144676,8.816069306000001,8.881487159,8.873644882,8.861822926,8.757281116,8.759669214,8.884573361000001,8.636721584,7.409006884,7.50493636,7.4223303089999995,7.023800546,7.241777825,6.913080226,8.125873442,8.093651352,7.9703142179999995,8.381811222,7.896078563,8.517479775,9.021331800000002,9.219382835,8.97247989,10.30932341,10.738467,10.03610865,10.73528374,8.0690115,8.437484108,8.190352847,10.25575381,10.48995157
Ga0242637_11575,8.490419748999999,8.558213977000001,8.561251261,8.041379966000001,8.012393603,7.966508094,7.907291364,7.632286067000001,7.7913641920000005,9.231815909,9.272934476,8.9774802,8.24679219,8.34691755,8.280142442,8.116543236,7.921252212000001,7.880400132,7.642204809,7.824319132,7.967741707,7.675059347,7.660392428,7.248362872,8.872909489,9.006675805,8.473233452,8.110010428999999,8.43454199,8.420613878,7.932156067999999,7.9245279360000005,7.7683359439999995,8.808679335,8.429247525,8.79206689,7.559172932999999,7.105083786000001,7.2065477829999995,8.082727501,8.134275503,8.238612342,7.6871191439999995,7.772129252,7.855262732999999,7.608844835,8.01341443,7.770612449
Ga0242637_11576,6.306927933,6.238688913,6.20567637,6.449561387,6.433183635,6.423749481000001,5.799848765,5.937005012999999,5.880705882999999,7.207161145,6.80572772,6.303844391,8.475273383,8.548377196,8.621791491,7.875614583,8.022679026,8.266820344,8.95095269,9.619191764,9.316763043,10.19735124,10.38541766,9.609759834,6.743297869,6.562245801,6.9164179279999995,6.962089227000001,6.81454626,6.6052589489999995,7.039745923,6.974094147000001,6.3283223070000005,7.786795313,7.272161968,7.868118166,8.069508682999999,7.496584004,7.749960747,11.69252743,6.372055156,6.151927777999999,6.236194534,6.775993977000001,6.885186692,6.514802763,11.33655752,11.30767209
Ga0242637_11577,7.527476541,7.641838784,7.601229407000001,7.673080446,7.445995129,7.435436021,8.02911736,7.932658673,8.022866764,6.810732279,7.405891121,7.099623768,7.793400833,7.832879077,7.7016191439999995,8.922013748,9.368023532999999,9.598496752,9.826563246000001,10.09404501,9.940269306,10.41400316,10.09582073,10.22656859,7.259331327000001,7.335714291,7.000501771000001,6.875466584,7.13863432,6.999143899,8.285347018,8.546458842,8.109447481,7.015095381,7.1611614889999995,7.413576067,8.668409663,8.394100917000001,8.741572771,8.640373592000001,7.968651526,7.681706205,8.508648877999999,8.304769784,8.024282216,7.959753367,9.072263247,8.468528325
Ga0242637_11578,7.809345316,7.594413991000001,7.728907522,8.171398513,7.823145632,8.079328354,8.870210369,8.709146101,8.697765497999999,6.742351611,6.197054432000001,6.8290344339999995,7.912146467,7.9988841079999995,7.872433775,9.853451967,10.25620453,10.47827043,11.0542331,11.46159273,11.35225632,11.35146391,11.05082987,11.17144839,7.72670091,7.807843404,7.5252330679999995,7.650662881000001,7.990201984,7.912024773,8.611611071,8.825092822,8.467533129,6.236619579,7.272161968,7.5889797539999995,9.05131476,8.729555039,9.045753061000001,9.469402777,7.820930477999999,8.047908892,8.562108169,8.816680606,8.740204541,8.39236892,9.538623844,9.038434096
Ga0242637_11579,4.739094285,4.8396225489999996,4.648502583,4.216990205,3.9047313960000003,3.880786982,3.824625541,3.956726771,3.3591003539999997,5.450934997999999,5.4167632679999995,5.564227731,4.342851821,4.12786471,4.0499543110000005,4.389752078,3.798069659,4.028070049,4.302796251,4.182356513999999,4.475808083,5.094429967,4.240772454,4.999446763,4.7708554219999995,4.6836464069999995,4.497285518,4.439115107,5.1819052469999995,4.459612024,5.378952529,5.3024296369999995,4.066401976,5.53123974,5.892566548,5.728708628,4.615431697,4.608026708,3.551058527,4.453106302,4.198123123,4.754924248,4.319533971,3.570185443,3.4799555860000004,3.5704800810000004,3.908340615,3.525262858
Ga0242637_1158,5.666474096,5.713996002000001,5.918747099,5.9498557629999995,5.770785618,6.064438497,6.073453281,6.203323652000001,5.989240719,6.2940877,6.056689091,6.445752672,5.875795049,6.085272242,6.271995232999999,6.613550644,6.769133834,6.590118555,6.697893701,6.841079783,7.113649792,12.16114371,11.76588814,11.07328557,5.970292571,6.245327559,5.950613207999999,5.843389882,5.877443975,6.02047032,6.101270058,6.106106572000001,6.221334345,6.626970511000001,6.409185214,6.629125069,6.375740119,6.458614121,6.39793398,7.041991197000001,6.703001936000001,6.457812702000001,6.742145415,5.9855268310000005,6.3290014789999995,6.309494405,7.221390161,6.85010341
Ga0242637_11580,5.082054823,4.875814748,4.899179735,3.677498875,4.495743092,4.211327143,4.669329099,3.956726771,3.8326399510000004,5.165755178,5.337731785,5.36332174,4.7121471669999995,4.431583664,4.698894265,4.163986673999999,4.527676153,4.34968863,4.630727353,4.71973642,4.790629011,6.155449891,5.719373603999999,5.634681831,4.354923841000001,4.348487282,4.003383257,4.815949237,4.350212306,4.459612024,4.697037544,4.096620832,4.270630967,5.553303362,5.320156877,5.15595604,4.377864054,5.335555734,4.780426735,5.489094956000001,4.870542887,4.754924248,4.677691172,3.465722858,3.712631568,3.8395838010000003,5.221123476,5.6281973910000005
Ga0242637_11581,6.558125456,6.478469212,6.508080855,5.8320685789999995,5.813320753999999,6.227533759,5.630628464,5.773048738,5.661855816,6.694890934,6.324916617,6.735462563,6.066476507999999,6.156009002999999,6.170640542,6.000247085,5.959184685,5.909058272,6.351476382,6.584525481,6.52137848,7.738837951,7.330485722000001,7.248362872,6.47083431,6.393435247999999,5.971645017999999,6.592764596,6.715579105,6.645865485,6.232612634,6.431507014,5.980002565,7.077042443,6.7297801260000005,7.080459127,6.018255341000001,6.78863294,5.773630285,6.331979231,6.398391844,6.7275943510000005,6.097926172999999,5.314628667,5.527144606,5.544273273,6.09283893,6.365290169
Ga0242637_11582,4.28318584,4.725074123,4.77944872,3.9748242310000004,4.325924049,4.151463913,3.8963039360000002,3.723610747,3.927618893,4.665563422,4.306336811,4.2014779110000005,4.0761650860000005,4.30963189,4.217393007,3.892319216,4.281103862,4.098857669,3.7340261939999997,4.067851648,3.64741757,4.927376411,4.994320674,4.24518793,4.414305016,4.045959163,4.163851932,5.150240853000001,4.454607607,4.106914192,3.987546693,4.2484376169999996,3.409177202,4.826076093,4.058751566000001,4.223785943,3.7220789030000003,4.122987674,4.167803702,4.632733889,3.5755614760000003,4.823235936000001,4.510207018,3.755778032,3.712631568,3.466003933,4.522624281000001,4.552351294
Ga0242637_11583,7.715312115,7.812729564,7.801428541,7.009493064,6.749505697999999,6.826416382000001,9.470582535,10.27848803,7.826799519,7.584315871,7.685035803,7.786237576,9.381472471,8.073712267000001,9.414368287,9.353816058,9.243308797000001,9.203614545,8.767743672,8.051516616,8.3960555,8.158145805,7.716013945,8.144825772,8.938376138999999,8.936085089,7.778326773,12.85069987,9.457595137,9.721440121,8.475988612,8.325450359,10.94856336,8.309502344,8.820462614,9.428844364,9.498487753,10.84918438,11.05032163,12.26029391,10.51187727,6.796220224,7.101396765,7.3383546729999996,7.127278905,9.398995892,12.11884617,12.46307944
Ga0242637_11584,9.395793435,9.417868846000001,9.334575337,9.314668013,9.558088521,9.358128838999999,9.488505881,9.336794715,9.260925197999999,9.513822536000001,9.924067953,9.269567478999999,9.480032427000001,9.474481723,9.568948699,10.30999883,10.3381645,10.33275974,9.719123044,9.437013663,9.476250821,8.60400639,8.73647089,9.020711986,8.839027222,8.99830107,8.888782041,9.470028029,9.074364008,9.201645675,8.872505422,8.923585355,8.936432575,9.269442058,8.923426819,9.007705991,10.26315478,10.50591096,10.40406984,10.81752937,10.92862491,10.26045995,10.81120666,8.939602806,8.758295036,8.935672983,10.73585464,10.9025686
Ga0242637_11585,9.06276153,9.309489304,9.071070653,9.197469472,9.20916382,9.253828834,9.257159427000001,9.242739383,9.267386345,9.124071369,8.929062112,8.936056696,9.399257957,9.562626203999999,9.548934344,9.970234584,10.02644949,10.08157573,9.742089519,9.330541,9.233074285,8.819877576,9.477200892,9.192001600000001,9.412454575,9.411721116,9.383267073999999,9.291411839,9.176416585,9.230823588,9.191277571,9.393085917,9.218136374,9.018465301,8.715633639,8.949809079,9.118942713,9.319649215,9.51728092,10.44935587,9.884487932,9.629463699,10.01752838,9.304922815,9.045345543,9.410274111,10.23899191,10.39968362
Ga0242637_11586,9.453349392,9.57267913,9.576613809,9.712482426000001,9.886754294,9.754959162,10.2031435,10.09935975,10.10928334,10.19093852,10.27821912,10.04911801,9.390392622,9.545203814,9.404656324,10.11510742,10.11752185,10.21262756,10.76824765,11.15173141,11.02832507,11.22581019,11.52718605,11.40007054,9.36012362,9.682593087999999,9.512303574,9.573318172,9.404621807,9.508848774,10.43673964,10.44100321,10.40551541,9.556976562000001,9.598213492000001,9.841272709,9.738534905,10.21665453,10.03300716,10.59566192,10.86051455,10.47693458,10.90418256,10.31442863,10.18616247,10.16988573,10.57030598,10.58030214
Ga0242637_11587,9.792410712,9.805627608,9.611601787,9.489656282,9.491145947,9.498053588,9.662547886,9.615386112000001,9.625235984,10.32836112,10.46527001,10.15992834,9.529322065,9.510837166,9.655728254,9.813898204,9.953841065,10.05515422,10.66605922,11.10535762,11.03657641,11.15395563,11.37140166,11.29395851,9.908432259,9.953425057,9.840488064,9.883006234,9.76998343,9.585566813,10.00527174,9.969910152999999,9.756558005,9.868398246,9.766555638,9.746437105,9.527219049,9.528140882999999,9.346319229,9.6664663,9.886811315,9.787268174,10.04031041,9.573429359,9.917668808,9.540619972,9.692052969,9.746505542000001
Ga0242637_11588,10.099686300000002,10.16422335,10.20629087,9.995000467999999,10.03287651,10.01408178,10.13825144,10.14742894,10.20550768,10.79400129,10.71380542,10.47395673,9.892903074,10.12982445,9.939405568,10.37059032,10.36930271,10.30432466,10.88070829,11.16015793,11.0393164,11.71388082,12.02834374,11.66491523,10.13044877,10.18597692,10.27832734,9.880230386000001,10.01315344,9.875763128,10.59887465,10.7169007,10.52016957,10.17657166,10.00516309,10.27691304,10.152247599999999,10.08188636,10.05263556,10.35856856,10.54902574,10.45058948,10.90003669,10.4137951,10.34621238,10.29336487,10.40938001,10.40729888
Ga0242637_11589,8.21355628,8.549952502,8.238290006,8.494882597,8.369136419,8.288233454,8.402243025,8.396135751000001,8.655696136,8.452419928,8.096255424,8.220167258,8.008008761000001,8.379235232000001,8.356980973999999,8.061966307999999,7.952436195,7.9042849120000005,7.90161978,7.984759037999999,7.913009391,7.958329732,8.285555351000001,8.10353337,8.339871991,8.537078657,8.018969192,8.780214476,8.446924966000001,8.385113872,8.550112992999999,8.218643752,8.551807171,8.20592684,8.052542756,8.086164204,7.349860838,7.567011883999999,7.692227206,8.226594699,9.035447776,9.00067551,9.058876613999999,8.297848494,7.637941192,8.194086763,8.250855507999999,8.288891595
Ga0242637_1159,8.344949762999999,8.419992228,8.366738111,8.564909182000001,8.494883167000001,8.455824265,8.7723097,8.626425177,8.790407069,8.81317715,9.160525851000001,8.862154488,8.258533428,8.559267597,8.575547495,8.822348404,8.866047922,9.021267637000001,9.30233237,9.464490453,9.384413718,13.68320803,13.45286605,12.60617205,8.398312794,8.387977861,8.378268133999999,8.321253295,8.477425152,8.734508939,8.590383698,8.436375281,8.813144944,8.565807657,8.814834393,8.874924274,8.217900238,8.117399427999999,8.520594127,8.786845041,8.98428792,9.209913497,9.084678355,8.991996963,8.851123289,8.740130171,8.741063197999999,8.804698132999999
Ga0242637_11590,10.78977261,10.75535087,10.86116265,10.90138515,11.11809655,10.97278338,10.61819386,10.56609971,10.60889439,11.211700800000001,10.95727772,10.62403015,10.77783753,10.46586243,10.37060094,9.56756195,9.342752059,9.12449859,8.914655648,8.836808991,8.847595209,9.906668129,9.973385247000001,9.731294752,10.71501621,10.45894642,10.73062017,10.40153939,10.26991361,10.14816375,10.1829024,9.929847517,10.08821321,10.86644805,10.04896935,10.12747608,9.583019977000001,9.617938353,9.776704883999999,8.267098032,11.24615892,11.14669664,11.26331325,10.22787413,10.29549869,10.3226512,8.304574179,8.302024868
Ga0242637_11591,7.076284421,6.693973939,7.202597458,7.339719828,7.4256454110000005,7.654202221,9.359597155,9.934015452999999,8.58503445,6.371650663,6.957969167999999,7.242467689,7.749694085,7.366386035,7.9316100060000005,7.743119732,8.184634625,7.88520884,8.121407385,8.351474163999999,8.141037568,8.771913605,8.477987716,8.4582454,7.862650451,7.210746651,8.153533255,10.45475085,8.501369301,8.170199842999999,8.442533186,8.304712406,10.87498074,7.695980573,6.920191215,7.725175363,8.872529779,9.384445507,9.686464022000001,8.650614886,10.34617032,7.7086422070000005,7.780309673,9.388732723,9.337744835,9.829341756,8.93897206,8.547845477000001
Ga0242637_11592,8.217848768,8.323125974,8.356460347,9.030464491,9.052149336,9.185267072,10.74174345,11.26602981,10.23437622,5.827360771,6.585311029,7.261765471,8.003364004,7.709238535,8.198978995,8.840989076,8.966193447,9.217024506,9.203498439,8.942202383,9.042286094,9.38373928,8.714795439,8.938570136000001,9.225387952,9.479473815,8.849671017,12.65246035,9.54658024,9.606267945,9.790743434,9.840470502999999,10.87435151,7.121815267000001,7.33645044,8.241868644,9.118942713,9.721889931,10.25854696,9.928758592000001,8.903976472,8.51775904,8.68768211,10.44701722,10.57605468,11.30852914,10.17474168,10.02517045
Ga0242637_11593,4.786832832,5.250182575,5.078538254,5.2829045180000005,5.1934255810000005,5.3712010779999995,6.028808547000001,6.114862433,6.306781677999999,4.978420755,4.968531455,4.7960525910000005,5.1123508730000005,5.122309652,5.292855855,5.705893862999999,5.586119897000001,5.748870973,6.165911317999999,4.643484469,5.4964242720000005,6.488400766,6.481331944,6.701849566,5.740284804,5.8568202629999995,5.322368268,8.090926712,5.616384732999999,5.86832935,5.795880545,5.431291565,6.0352413689999995,5.3911709420000005,4.827425965,5.679052574,5.152609088,5.92592229,6.261458827999999,7.132506993,5.62111866,5.122407431,5.698872497000001,5.741238147000001,5.582626785,6.194683446,6.668036582,6.85010341
Ga0242637_11594,4.585211685,4.139153812,4.092030704,3.9748242310000004,3.522085263,4.151463913,4.4102561080000005,3.8835986489999996,4.321039304,4.506527245,3.795137545,4.684252222,4.000280065,4.613495265,3.787498028,4.163986673999999,4.582983929,4.098857669,4.555764506,4.643484469,4.718346846,5.3129993319999995,4.994320674,5.768038651,4.7708554219999995,4.595882851,4.664329848,4.815949237,4.176888662,4.973300362,4.328871157,5.233337442,4.790327679,4.711795822,5.320156877,5.5188111179999995,3.7220789030000003,5.0681414689999995,4.68738559,5.394172671000001,4.425862026,4.6073727060000005,4.896326773999999,5.395190985,5.211812222,5.107153384,4.94560721,5.496599292999999
Ga0242637_11595,9.367097235,9.498780944,9.066874624,9.517089872,9.639830947,9.913338274,10.29374932,10.15390342,10.22997233,9.183250668,9.396710641,10.13530285,8.230987033,8.657808099,8.710056314,8.275746805,8.25718709,8.835029663,9.754464275,10.18108509,10.06562269,10.03158173,9.869321255,10.00008189,10.13689852,10.15523266,10.8157071,9.89405652,9.810074965,9.928772442,10.45363016,10.61951639,10.52418647,9.605046544,10.47721951,10.59059292,7.502405071,7.2830344,7.82709094,7.231388892999999,8.344984743,8.512674153999999,8.623749093999999,11.54233762,11.20302222,11.29555505,7.196336807000001,6.902816122999999
Ga0242637_11596,12.01126891,12.00100516,11.92841581,12.81249473,12.88032988,13.13291555,13.19491373,13.16147614,13.2962718,12.1338826,12.65328986,12.81362879,10.97097528,11.2347732,11.03181691,11.21886546,11.2882843,11.41542041,12.06025904,12.45609552,12.33522466,11.75763354,11.76193061,11.60626548,12.84193714,12.79658366,13.2485065,12.34089074,12.08242316,12.38795797,12.88369567,12.77076672,13.20003011,12.32493132,12.79149399,13.04023644,10.84831015,10.7486399,11.12965234,10.10666355,12.12569556,12.43596244,12.13912455,14.02350378,13.691674599999999,14.09445497,10.26180109,9.903366971
Ga0242637_11597,7.865147105,7.631433925,7.5659753510000005,7.999195307999999,7.139428815,7.573940835,7.587212515,7.857568971,7.736522999999999,7.7844848529999995,7.434480869,7.653763297999999,6.846412032999999,7.624653335,7.253241405,7.529850665,8.290106385,8.248278639,8.015696435,7.890651932000001,7.936720895,8.555249677,8.225505546,8.254525462,8.203125356000001,8.682692372,7.859335428,8.197361577999999,8.01536616,7.900894605,7.974910704,8.155186067999999,8.352950574,8.229973511,7.646420202000001,8.517479775,8.352438823,7.8890709779999995,7.164694511,8.555715332,7.868739173,8.281098854,8.347476197,7.613916961,7.571269564,8.152472189,8.103730937,8.14325076
Ga0242637_11598,9.35934752,9.511599533,9.517883894,9.350185205,9.434582812,9.231335035,8.79686161,8.753673246,8.857609664,7.950161897999999,8.773694809,8.666173584,9.464911053,9.516435846,9.356530915,8.845611848999999,8.483959674,8.41382177,8.317659001,8.549224447,8.641827856,8.722299813,8.987584703,8.821223372999999,7.831172285,7.687960958,7.853697615,8.51624244,8.880308933,8.8460534,7.883115257,7.669422381,7.897846647000001,8.253625837000001,8.19368146,7.964154665,8.602433012999999,8.797022606,8.866868792,8.744443757,8.61541443,8.322369592000001,8.377609637,7.75201068,7.83267135,7.802305287,8.849445286,8.889793008
Ga0242637_11599,7.768958134,8.080862733,8.038482474,8.309611517999999,8.159272488,8.125102908999999,8.330669181000001,8.338831826,8.135476871,8.13473563,8.751150074,8.568862691,7.693129156,7.689544647000001,7.776700984,6.907103172999999,7.1914778429999995,7.315736935,6.415319721,6.7001160639999995,6.270436562,6.629823533,6.556467632,6.537754228,8.056586243,8.232420821,7.9145335029999995,7.97079644,8.088326848,7.849717639,8.215756838999999,8.549987448,8.066015256,7.902469684,8.13616635,8.308429391,7.502405071,7.8041537320000005,7.496979202,8.163623742,8.094618293,7.907731432,8.226859048,7.835641186,7.750692193,7.767640359,8.01341443,8.427171857000001
Ga0242637_116,2.493146696,2.422088851,2.4500833419999997,2.409644588,2.744398912,2.426167481,2.858160055,2.4271808669999997,1.764951351,2.7737677119999997,3.152346767,1.764951351,2.963087176,2.587354007,2.64618703,3.063272146,2.492414675,2.452468344,1.764951351,2.654240015,2.653701924,2.8057856639999996,1.764951351,3.390490989,2.473778066,1.764951351,3.19503281,3.196494403,2.7038793560000003,1.764951351,2.4650293580000002,2.80145218,2.747370773,2.418245537,3.328847895,1.764951351,3.19781202,1.764951351,2.974604675,2.682367728,1.764951351,2.984995328,1.764951351,2.439497919,2.792585865,2.4396198080000002,2.638270533,3.310755737
Ga0242637_1160,10.04759187,10.30177213,10.07247141,9.994024565,9.96048676,10.049128900000001,10.09030318,10.07031703,10.15180954,10.00784798,9.984909279,10.13268607,10.16028523,10.32493764,10.21020881,9.974461626,9.878736872000001,9.931620667,9.316312113,8.75015049,8.87648563,13.60452649,13.186237900000002,12.38021885,9.890731677,9.808875498999999,10.04104096,9.928053016,10.05014534,10.04705777,9.703055906,9.611434365,9.856797475,9.521235361,9.66854896,9.771228514,9.279548484,9.554372687,9.674590145,9.957914781,9.758205389,9.729273431000001,9.721170264,10.40093506,10.43885206,10.27849571,9.947876014,9.918367568999999
Ga0242637_11600,8.866236702,8.989361688999999,8.881010385,8.671305025,8.488359166,8.473625788,8.268185611,8.07203773,8.244301949,9.124071369,8.80321662,8.729892274,8.754901045,8.866854042,8.873881617999999,7.541297577999999,7.332518124,7.490035118,7.442471472,7.533897991,7.479313968,7.087508715,6.6735829429999995,7.053884947999999,8.854764138,9.17959557,8.688022474,8.501866411,8.399930252,8.24691828,8.344506415,8.507063556,8.236331662000001,8.40613585,8.907649995,8.253177603,7.3816884279999995,7.38403829,7.510405911,6.5448917589999995,7.394123495,7.876400639,7.14411537,7.963617151,7.786398269,8.144775187999999,6.3646691120000005,6.919966869
Ga0242637_11601,8.971660622,8.929059573,8.950985157,9.106482845,8.908061228,8.825160955,8.82968197,8.72165325,8.86046168,9.135215237999999,8.80321662,8.797538706000001,8.44818843,8.618779502999999,8.582948462000001,8.226971224,8.349875376,8.288760268999999,8.382883819,8.709388481,8.707616179,9.535079115,9.036457103,9.085762179,8.844291959,9.140174111,8.73170171,8.381388979,8.341437728999999,8.251306526,8.810915579,8.771693989,8.783957697,8.808679335,8.462025191,8.712375404,8.629186868,8.384384447999999,8.177758032,8.645503328,9.108938582999999,8.948912199999999,9.055152688,7.989623096,8.517556017999999,8.263254097,8.600200719,8.889793008
Ga0242637_11602,9.593720818,9.529916479,9.508632484,9.971394631,9.90646148,10.00900481,10.21063832,10.1127155,10.17261162,9.37406597,9.243625386,9.323341571,9.642663131,9.608432312,9.528638409,10.51251798,10.75180362,10.83266401,11.00588485,11.23784676,11.1625568,11.41627357,11.63857596,11.376,9.576443966,9.600599239,9.472401042000001,9.438296759,9.307812071,9.392502432999999,10.11657439,10.06422085,10.00787377,9.308677621000001,9.190085585,9.841272709,10.72352046,10.62414208,10.62066806,11.40409108,10.81853629,10.4019209,10.79007905,10.38795936,10.46111145,10.30894342,11.37263054,11.51007558
Ga0242637_11603,7.960452035,8.201811132000001,7.8559561879999995,8.489352454,8.418014257000001,8.337673164,8.357927264,8.615743378,8.017765443,10.01871962,8.586875496000001,8.329335792,7.186904744,7.530373099,7.319745954,9.242549494,9.003886843,9.034312267,10.492242,10.6952835,10.56754699,10.82871246,10.28970654,11.02545403,8.255442236,8.708591549,7.830923328,7.514043557000001,7.176324364,7.65808927,9.544964611000001,10.19842302,9.832382976,9.099005792,9.783943066,8.946329919,9.726196791,10.08488884,9.255579062,10.4464199,8.575640487000001,8.810743463,8.551573637999999,8.031950616,7.750692193,8.455949239,9.536131153,9.830469831
Ga0242637_11604,9.041125618999999,9.140057849,9.054212805,8.830670957999999,8.900710443,8.919095075,9.224624893,9.42049574,9.03470014,9.034062049,9.636980367,9.47565753,8.8792447,9.024474127000001,9.069208425,8.375022173,8.342047832,8.369901177000001,8.538880347000001,8.776698997999999,8.761712457,9.855810704,9.441356054,9.366195272999999,9.047388164,9.318935981000001,9.177558031,9.830767973,9.527760492999999,9.59595451,9.242717324,9.353251194,9.71076609,8.953933683999999,9.352338292999999,9.430090367,8.561348185,9.026731547,8.99890812,10.60753849,9.363698557000001,8.129900089,7.587486987999999,9.023802555,8.917023228,9.336183518,10.30928783,10.48995157
Ga0242637_11605,10.19420042,10.35094274,10.09736976,10.18827712,10.0418143,10.14110469,10.71447209,10.98662122,10.533169599999999,10.15416156,10.00092177,9.887779245,9.737993595,10.08982818,10.06450725,10.29824368,10.43791775,10.58849885,10.715423,10.47657574,10.42815607,12.26278487,11.77180414,11.84667635,10.52975241,10.55128743,10.34814117,11.73974692,10.31451646,10.17843141,10.71269757,10.78734945,11.13714604,9.978938731,9.813875749,10.22545532,10.6665477,11.48673672,11.57906095,13.29175895,10.34785778,9.449595054,9.514329856,9.931871038999999,9.814826791,10.61216421,13.002619099999999,13.54220611
Ga0242637_11606,13.69724904,13.70545559,13.63488495,13.60133456,13.66896674,13.63987197,13.36296032,13.28795987,13.48976566,13.83840483,13.46064396,13.463760999999998,13.34569998,13.51711463,13.25850929,13.09504084,12.85404638,12.54456043,12.17977142,12.01714698,12.08241846,12.17503995,11.75928622,11.87516881,13.65498243,13.68204676,14.02087473,13.02354674,13.21749701,13.10285324,13.16324468,13.11320864,13.13978248,13.47415678,13.133069199999998,13.20760478,12.56403884,12.29781267,12.2007024,11.82897302,12.90693401,13.01382724,12.98473694,12.94622072,13.18326091,13.06843903,11.90173919,11.93203692
Ga0242637_11607,8.716548819,8.633121595,8.64244885,8.397858999,8.5334194,8.508583005,8.818824609,8.741441832000001,8.919087264,9.84635983,9.665389392,9.456951689,8.692797581,8.591453997999999,8.473058019,8.917629805,8.898430221,8.972402045,9.706440041,10.19755278,10.19576185,11.00502542,11.06802718,10.67569529,9.171954287,9.293493466000001,9.052736737,8.722490586000001,8.907442842,8.857611392999999,9.60516334,9.762019407999999,9.379382745,9.177054372,9.154878874,9.248497177,8.706594123,8.422863671,8.476819267,8.876832685,8.922213838,8.760151541,9.091966305,8.840689401,9.246708228,8.946780631000001,8.900728136,9.018682896
Ga0242637_11608,6.748352842999999,7.100980322000001,6.896803831000001,6.6314880679999995,6.693832269,6.8356303789999995,6.226209227999999,6.084121432000001,6.030454724,5.849257156,5.527653255,5.945759205,7.515302223,7.351421915,7.240812927,6.403574545,6.442613816000001,6.086995849,6.115517037,5.659621767999999,5.314116753,4.393970655,3.963144162,4.577747215,6.8308467,6.443721711,6.792151821,5.910445054,6.3435475,6.195007635,5.975579241,6.1252000639999995,5.712482951,6.616573237000001,5.955492894,5.662109912999999,6.375740119,6.758834553,6.30840501,5.12479833,6.660134217,6.414785426,6.337962407000001,6.322734152000001,5.920349227000001,6.52671136,4.818322602,5.190157933
Ga0242637_11609,9.183983387,9.317622461000001,9.306378113,9.408480812999999,9.408905658,9.389722828,8.799073019,8.81798835,8.897033723,7.795767661,8.029122406,7.563355333,9.691115652999999,9.51755298,9.392072665,8.549506304,8.458845464,8.403804300000001,8.460474092,8.149583991,8.378849954,7.726305915,6.9583976089999995,7.459520327999999,8.875483148999999,8.826818268,8.974386667000001,7.895802607,8.119605614,8.118291537000001,8.647289511,8.564016183,8.595225297999999,8.260313011000001,7.852785529,7.796485849,8.872529779,8.549990094,8.952950618,7.284988808,9.396680471,9.187753837999999,9.621453888,8.944042407000001,8.684530636,8.894962005,7.522846399,7.370204206
Ga0242637_1161,6.700032449,6.568579232,6.6269949189999995,6.355276022999999,6.114599127999999,5.844248707999999,6.073453281,6.0367391239999995,6.05062613,6.938461869,6.304380712,6.559383887999999,6.9271545439999995,6.962381567,6.840519979,6.697865064,6.985708971,6.714322657,6.62779767,5.967815598,6.140072837000001,10.19507988,9.641300957,8.993847732999999,8.37667402,8.144070849,7.998678327,6.592764596,6.745989976000001,7.147843249,5.918146994,5.899744585,6.017063725,7.389282232999999,7.312677018,6.947467416,7.215019439,8.374602082000001,6.821016694,9.651246852,6.785088255,6.796220224,6.337962407000001,6.402452117999999,7.011311974,6.573383941,8.80458108,9.786764885
Ga0242637_11610,4.140753994,3.710259249,3.783277731,4.323454215,3.9047313960000003,4.088802371,3.748712635,3.723610747,3.3591003539999997,3.680174811,3.152346767,3.086552422,4.402065233,4.026822059,4.108128152,4.035114441,4.061476221,3.4955664389999996,2.957841924,1.764951351,3.003423942,3.208116214,3.6101325589999997,2.73549049,3.930480587,4.175237798,4.497285518,3.486982523,3.5583942139999998,3.502034565,3.821877488,3.493771372,3.733234295,3.7001612999999995,4.058751566000001,4.175373085,3.7220789030000003,5.162995195,4.095618047,6.051283375,4.068024151,3.445576453,3.6742944960000004,3.839256689,3.4799555860000004,3.080556652,5.534437141000001,5.89503271
Ga0242637_11611,7.809345316,7.692765767000001,8.029884498,8.033801237,8.130231121,7.958101461,7.407510908,7.6533347339999995,7.8384204010000005,8.208344651,7.813923289,7.682681968,7.941580093,7.885756001,8.003240751,7.506680518,7.251233776,7.279659597999999,7.072315947000001,6.028151717999999,6.219701615,5.819219846,5.197383578999999,5.380361131,7.614065048,7.425933736,7.819399872000001,6.962089227000001,7.092065152000001,6.711096695,7.4432329,7.422251985,7.526991935,7.401436691000001,7.187546267,7.463125646,7.790137228,7.344481926,7.503708187000001,6.894570085,7.543017475,7.76105012,7.743752959,7.873379129,7.557557126,7.850424287,6.721727367000001,6.936915806
Ga0242637_11612,7.621213357,7.19585775,7.577822742,7.785667653,7.913585019,7.744966657999999,7.140694399,7.245495902999999,7.262885316,8.371796726,8.137404756,7.594125525,7.462124154,7.405547147999999,7.307880228999999,7.447071651,7.424370313,7.47096649,7.149351592,7.058766186000001,7.2461162329999995,6.117484336,5.259079827,6.265172641,7.538108118999999,7.56289183,7.4299291279999995,7.023800546,6.725787601,6.723795598,7.2400623060000004,7.095034236,6.998934993,7.681103747000001,7.344288572000001,7.160754664,7.531068389,6.929023064,7.263172592,7.271774542999999,8.078444962,7.828089955,7.833463707000001,7.166558437999999,7.070461826,7.056495336,7.196336807000001,7.184048004
Ga0242637_11613,5.920178385,4.643131277,4.97368299,5.429665733999999,5.834123756,5.058786706,5.76393575,5.323067096,5.763272576,9.161614456,10.07691221,9.19376444,3.7419712460000003,4.30963189,4.412551724,4.281559972,4.347036161,4.656285493,5.169295709,5.734069421,5.658047511,6.488400766,6.882603522999999,6.072762742999999,4.292841717,3.9026848060000003,4.859823026,3.917216817,3.904206087,4.329301877,4.202547268,4.917352993,4.605178942,4.67152528,4.208962548,5.338268365,4.377864054,4.737982187,4.780426735,5.344228856,4.198123123,5.275578888,4.5964761439999995,4.1281220880000005,4.489924871,4.36583428,5.17014544,5.190157933
Ga0242637_11614,8.719578905,8.604155752999999,8.64244885,8.854525673,9.162803586,8.458806484,9.088421177,9.134658611,9.006653921,11.30297186,11.87452502,11.3752126,8.488627498,8.561435846,8.44354816,10.96535066,11.02725342,11.24121153,11.18645508,11.38241914,11.33451896,12.40713978,12.03382455,12.32066332,8.21536801,7.975102271,8.572661971,9.092318594,8.15400196,8.260043166,8.078739961,8.20079608,8.240244514,8.901429723,9.342592729,9.904491708,9.201479492999999,9.767452687,9.892713739,12.54532681,8.958011119,8.781447551,9.032604971,8.093200029,7.910239703999999,8.085699859,12.38088835,12.80526956
Ga0242637_11615,9.883030779,8.821066911,9.238980453,10.01245477,10.74185515,8.624663971,9.745150184,9.708806463,10.12952145,14.90144443,15.73139382,14.89303658,8.341833911,8.261472806,7.912153159,8.948041259,8.626101442000001,8.603735225,8.59958934,8.549224447,8.457442716000001,9.535079115,9.615214702000001,9.570906075,8.823116732999999,7.579833718,9.211008775,7.879212257000001,7.893984128,8.151539535,7.725114535,7.326712514,7.857654816,8.62917448,9.034134315,9.720193977000001,7.741914006,8.40375237,7.9003043129999995,9.294319113,8.324560707,8.368133988,8.316699768,8.093200029,8.721884289,8.332647251000001,9.213121793,9.422013022
Ga0242637_11616,11.77467554,11.74439368,11.66357035,12.46508131,12.4584952,12.27189447,12.16425183,12.08226463,12.22826866,14.12772001,14.79507969,14.08417098,11.62894196,11.66350295,11.71696129,11.272203900000001,11.57248706,11.56635825,11.73713879,11.78514326,11.87668967,11.69953089,11.65574028,11.75299349,11.94033739,11.85646649,11.86364541,11.05318498,10.88644206,10.89599235,11.78343834,11.96521836,11.91552049,11.41112362,11.11130272,11.79217469,11.91659321,11.45807691,11.74508635,11.14721386,12.61764738,12.11841457,12.41993528,11.89712182,11.78843415,11.82667513,10.867591699999998,11.10625146
Ga0242637_11617,4.472236948,4.076708291,3.0999819539999995,4.1604384130000005,3.9848634689999995,4.523839893,4.205635493,4.154517597,4.251042272,4.389318268999999,3.914464957,4.024865287,4.0761650860000005,3.797966011,4.108128152,4.753392565,4.582983929,4.459643842,3.8692144980000003,3.942535777,4.181123441,5.865819405,4.919580587,4.845648752,3.930480587,4.348487282,4.2374047710000005,4.1660224,3.904206087,4.329301877,4.134656991,4.013713061,4.137988429,4.243951367,4.524616065,4.40180063,4.615431697,4.966460517,4.236306217,6.111983072,4.425862026,5.067434938,4.510207018,4.251984307,4.079391123,4.470605637,5.757208706,6.596347517000001
Ga0242637_11618,5.448827833999999,4.9110977160000004,5.207248198,5.6449828129999995,5.726947847000001,5.151038858,5.590140635,5.1842268439999994,5.635336689,5.759588345,5.562780417000001,5.32689956,5.607412015,5.341670188,5.292855855,5.705893862999999,6.019482112,5.92787885,5.863888597000001,5.998300844,5.803239861000001,8.597141235,7.287064152,7.572802832000001,5.806764082000001,5.699778795,5.885600897000001,5.509900869,5.616384732999999,5.672033075,5.540362097,5.735294446,5.64294101,6.563429375,6.165142749,6.602816785,6.900325658,7.5840941310000005,6.229287113,8.090272097,6.261601092,7.1244108310000005,5.620042009,5.840183939,5.582626785,5.678876289,7.720265484,8.396888272
Ga0242637_11619,7.194306599999999,7.100980322000001,7.341136088,7.452047812000001,7.759539527,7.5235479000000005,7.935713866,7.962476393999999,7.717769106,7.903990985,7.336890401000001,7.290236159,7.349494605,7.3363008160000005,7.427850597999999,8.479846672999999,8.462460091,8.69144366,8.799940312999999,8.870065435,8.78366724,9.178306762,9.373810305,9.238515173,7.10989389,7.136332819,7.294963429,7.212278835,7.227487346,7.40587083,7.708318915,7.74527014,7.979707157000001,7.13643564,7.230475016000001,7.611126822999999,8.049838389,8.658776457,8.363042437999999,9.601964551,8.378394986,8.390482948999999,8.492216953,8.321929085,7.931656771,7.950952595,9.341441823,9.578600556
Ga0242637_1162,8.015737787,8.140771751,8.025566212000001,9.082810359,9.065358913999999,9.185267072,8.973681893,8.884015802,8.885879218,7.69089589,6.971043474,6.964795992999999,8.82237275,8.528564845,8.636092135,9.043677328,8.810407711,8.900609279,9.885886008,9.225249593,9.236262015,9.820881597,9.269884795,9.223176684,8.42315446,8.438378238,8.832578995,7.549431095,7.459157577999999,7.772433565,9.160744487999999,9.168197681,8.894842326000001,8.075497938,7.901399938,7.9607094929999995,9.719987936,9.528140882999999,9.771140107,8.603945391,9.72222892,9.378706134,9.538535752,8.939602806,8.600118382,8.871838278,8.356363806000001,8.781444653
Ga0242637_11620,10.56986099,10.65814232,10.6676248,11.14284686,11.1101517,11.08318329,11.11139213,11.04550844,11.15507171,10.54938856,10.80509219,10.5326993,10.5822954,10.74014204,10.58969416,10.81671931,10.8238206,10.83577176,10.68880459,10.71486389,10.64033889,10.13710172,10.48480875,10.41216685,10.41503068,10.27619669,10.51634041,10.50156078,10.32293806,10.57831935,10.40322322,10.38678951,10.63160117,10.406448199999998,9.812464378,9.921424169,10.26315478,10.29652859,10.15125147,9.85981651,12.08378076,11.64187465,12.07804784,10.899687199999999,10.9085599,11.04109379,9.975736157,10.03109741
Ga0242637_11621,9.848847203,10.04682401,9.830354293,8.890633214,8.880923231,8.955442771,8.572210383,8.478036751,8.377699762,9.026899937,9.140427249,9.21865491,9.607904298,10.11513999,10.03243337,7.541297577999999,7.718503021,7.811338225,7.472755524,7.285317455,7.343966892999999,9.70753045,9.798963707999999,9.230866314,9.144476455,8.975016659,9.260839202,9.316270442999999,9.501290305,9.233043788,8.025501559,7.977903416,8.074806966,8.687395586000001,8.501100935,8.024800555,7.026523678999999,7.38403829,7.656443894,6.749524052999999,7.554758139,7.945961329,8.028417061,8.588996792,7.983847927999999,8.427684376,7.036116594,6.638418239
Ga0242637_11622,9.091113708,9.388828334,9.35019738,8.516793558,8.369136419,8.360177617,7.947725524,7.928348222,8.121277719,8.718548535,8.337317431,8.584267572,8.7241835,9.264294656,8.948352736,7.791848667999999,7.987985225,8.274170796,9.397459777,9.867860327,9.995868473,10.93188947,11.30677022,10.76181129,8.409011652,8.568532972,8.454733994,8.341578375,8.648008837,8.633917296,8.215756838999999,8.044463336,7.946560685,8.459411273999999,8.518518626,8.397757081,7.284016434,6.817827167999999,7.189952047999999,6.5882120010000005,7.394123495,7.487996300000001,7.290733500000001,8.148110588,7.529734682000001,8.101691379,6.948788762,6.530841443
Ga0242637_11623,8.22639561,8.386360002,8.332190207,8.297004449,8.146897722,8.318100162999999,8.59020013,8.552738912,8.432393645,8.448851362000001,7.905253748,8.154600109,7.846234798999999,8.316429165,8.313151923,8.467902513,9.081151352000001,9.14268178,9.770800541,10.1761079,10.17431712,11.05221928,11.20453294,10.79849479,8.239545907,8.416544443,7.836650708,8.381388979,8.45000417,8.146836489,8.611611071,8.496129989,8.433762196,8.276896548,8.127110704,8.258799003,8.368406927999999,7.9430258910000004,8.027134031000001,8.312957757000001,9.035447776,8.926146403999999,8.842614002000001,8.764922698,8.593415834,8.719553277000001,8.345014632,8.456832689
Ga0242637_11624,1.764951351,3.0479219410000002,2.725182339,2.669405787,2.4640428340000002,2.891426793,3.017944431,2.693612905,2.506512943,3.570748818,2.58606159,3.086552422,3.136324976,3.154430736,3.1287230089999998,3.3312073310000003,3.17815798,2.452468344,2.620112537,3.4707135389999997,4.066657595,4.51831327,4.470928413999999,4.672884133999999,3.143822338,3.453203863,3.0152714460000003,3.486982523,3.214162602,3.209420395,3.987546693,3.8303429139999996,3.129829243,3.999983807,4.467038435,4.175373085,1.764951351,3.347410348,2.761863632,3.306485327,3.5755614760000003,3.239141445,3.283209092,3.0803301339999996,2.792585865,2.4396198080000002,3.2361992219999998,3.045854701
Ga0242637_11625,9.024070438999999,9.02952771,9.284862513,9.805531621,9.712998472,9.747662485,9.158991065,9.151396024,9.286597951000001,7.57124289,7.595046579,7.271318325,9.483371316,9.493909565,9.362276767,8.779504748999999,8.898430221,8.755863697,8.954532664,9.28194781,9.229879496,10.72547494,10.55814765,10.53991578,8.464769428,8.545725353,8.710027412,8.353637352,8.259564408,8.568607402,7.974910704,7.823172184,8.381575354,8.397062118,7.671555596,7.611126822999999,9.833615707,9.541316406,9.701170243,8.517055415,10.17612912,9.631810502999999,10.11016788,8.650054025,8.659079767,8.740130171,8.556589086,8.643807576
Ga0242637_11626,7.975741369,8.022343895,8.219509769,8.749722557,8.595443309,8.635247246,9.120605492000001,9.007642119,9.004077018,8.880947568,10.02304482,9.325634713,8.182505037,8.258802872,8.182833087,9.489963171,9.530076827,9.471581579,9.674235964,9.791809261000001,9.75489047,9.335058147,9.543253308999999,9.561789244,7.601680206,8.11724862,7.993560688,7.611018937000001,7.262951327000001,7.872687459,9.314745447,9.422256332,8.846894441,8.704658515,9.019528889,9.340162212000001,9.5057244,9.706376859,9.188275624,10.53338379,10.08598626,9.598602662000001,9.857835008,8.64733405,8.510457671000001,8.752843253,10.30197029,10.71280637
Ga0242637_11627,8.255916911,8.273812035,8.31105716,9.131549217,9.1338371,9.163498378,9.012315898999999,9.094832487,9.001495504,7.62283831,7.578063896000001,7.458559361,8.687016949,8.451161692000001,8.478359183,9.337499300000001,9.575844637000001,9.702941795,10.55253812,10.80682238,10.83266865,12.01170329,11.97464071,11.81888583,8.144577394,8.162928711000001,8.272387641,8.011961757,7.9385167910000005,8.008509901,8.401334679,8.52868516,8.586030801,8.322341041,7.796774927,8.092474225,9.786858475,9.550033709,9.693835872000001,10.18096461,10.55925816,10.04494055,10.41478987,9.125025167,8.948877596,9.01591327,9.953491251,10.32927455
Ga0242637_11628,2.493146696,2.884693773,2.4500833419999997,1.764951351,2.744398912,2.6922148339999996,2.664422505,2.4271808669999997,2.506512943,3.1652587430000003,2.911501305,3.086552422,2.7522056530000003,2.7656934210000004,2.64618703,2.697953195,2.783394397,2.452468344,2.620112537,3.261710257,3.003423942,8.158145805,7.649005937,7.406166355,2.757788731,3.0702452019999997,3.19503281,2.7970937510000002,3.34059104,1.764951351,3.524340602,3.7278747230000002,3.527022611,3.7001612999999995,3.976769105,3.634319656,1.764951351,3.347410348,1.764951351,1.764951351,2.713663973,3.239141445,2.667729675,2.9134069030000003,1.764951351,2.9136076980000003,2.638270533,1.764951351
Ga0242637_11629,3.698529345,3.869455631,4.021383903,3.024689424,3.629237593,3.196938321,3.277942678,3.324328978,3.495777414,3.316819254,3.6635147669999997,4.2014779110000005,3.416771273,3.666205171,3.2488538360000003,3.7318454780000003,3.3308858669999997,3.379426388,5.011617463,5.106417025,5.16019695,10.31915714,9.959629044,9.750145351,2.9697458610000003,3.2130425060000003,3.915202194,3.8225672999999993,3.6541520239999996,3.8398030480000003,4.267180386000001,3.616358705,3.634407682,3.931277971,4.406945965,4.270522828,3.7220789030000003,4.122987674,2.974604675,3.042219942,3.35606442,4.149880037,3.8313353180000003,2.9134069030000003,4.230481,3.8395838010000003,3.7713112289999997,3.310755737
Ga0242637_1163,6.73642393,6.182676609,6.15903142,6.863129449,6.587849591,6.941831839,9.463629209,9.327005708,9.324270252,12.3172674,11.36552873,10.82461175,8.618819302,8.052285523,8.032368174,12.52199359,12.72983911,13.14854032,15.08615624,14.79595232,14.90283208,13.40623719,11.80487751,13.443784400000002,7.87813556,9.366887775,7.45248817,7.933786946000001,6.330218,6.061131447999999,13.36487308,13.73871645,12.31616637,9.733141668,11.47199509,11.59909358,13.86982773,13.44088951,14.07767707,9.271275345,9.82029898,8.8435118,9.473061661000001,9.707418976,9.743971347999999,9.069741951000001,8.908458462999999,9.02265483
Ga0242637_11630,5.3261307989999995,5.106036055,5.29665076,4.831518636,5.160686274,5.3192756260000005,4.887640704,5.497155633999999,5.200592728999999,6.48765592,5.901091802000001,5.740317942999999,5.423897621,5.0492857319999995,5.537352457999999,6.2721494589999995,6.881488354,7.257571624,8.171492486,8.718546767000001,8.617585422000001,12.66930082,12.34242311,12.26885053,6.4293368410000005,7.210746651,5.840561032999999,6.5088783139999995,6.066362448,6.913080226,6.066467498,6.027086881000001,5.77880057,7.069443157,7.196234926,6.482905643,6.6089580539999995,6.260050016,6.000522022999999,6.671126478,5.20761762,4.950622766,5.773584463,6.01967202,6.157496936,6.1179690110000005,6.918462087000001,6.596347517000001
Ga0242637_11631,7.237244581000001,6.991294871,7.22537684,7.017204262000001,7.071181994,7.162863561,7.126668637000001,7.339417472999999,7.183078121,8.626780032000001,8.221816814,7.889068704,8.194779172,7.405547147999999,8.123163807000001,8.443713318,8.673652877,9.03647495,10.17077988,10.95849366,10.96824704,13.90456754,13.70555735,13.64171172,9.626192448,9.592276716,8.85814168,9.895431873,9.460651458,9.861483414,8.442533186,8.325450359,8.087894854,9.377949982999999,9.300926844,9.113864937999999,8.547389017999999,8.487826936,8.709926322000001,8.306494966,7.709815247000001,7.616826792,7.752979389,9.032166934,9.640488636,8.639665047000001,8.719253463,8.235128957
Ga0242637_11632,1.764951351,2.686586935,1.764951351,1.764951351,2.744398912,2.6922148339999996,2.4060372180000003,2.4271808669999997,1.764951351,2.9887932989999997,2.58606159,3.275040208,2.4697179680000003,2.350359106,2.64618703,2.697953195,1.764951351,1.764951351,2.957841924,3.00415308,2.653701924,6.656513704,6.481331944,6.380475612000001,2.757788731,2.4340741830000003,1.764951351,1.764951351,2.905376211,2.8067615000000004,3.524340602,3.0217587530000003,3.278155795,3.6127142039999995,4.684234868,4.018654177,1.764951351,1.764951351,2.476742168,2.682367728,3.084464068,3.445576453,3.4946380269999997,1.764951351,2.792585865,1.764951351,3.2361992219999998,2.685057094
Ga0242637_11633,3.4671807360000004,3.425456982,3.692998448,3.16318366,4.0603926580000005,3.720956082,3.667967475,3.437259219,3.927618893,4.261120417,4.858901346000001,4.2014779110000005,4.402065233,3.594743442,3.787498028,5.6217700520000005,5.041072829,5.0177777,6.009089276,5.936668265,5.870663298999999,7.594603642,7.21165498,7.3787301020000005,4.011281094,3.453203863,3.349279727,3.8225672999999993,3.977831842,3.8398030480000003,4.742474206,4.728067906000001,3.9907369210000003,4.2986041319999995,4.344097046,4.559310492,4.377864054,5.69298164,4.480248635,5.182918672,3.923781767,4.68310128,3.8313353180000003,4.1281220880000005,4.7081409160000005,4.252354428,5.686739139,5.496599292999999
Ga0242637_11634,6.760183736,6.600966907,6.798920884,6.719233055,6.624051209,6.880836341,7.069159153999999,7.159813512,7.146138354,7.558050286,7.7846168460000005,6.6054638070000005,6.4551835539999995,6.51992215,6.444686722999999,8.085609753,8.330226289,8.713238229,9.661150311,10.41875491,10.14578425,11.897606199999998,11.88651056,11.56883456,6.342567085,6.380583992999999,6.883576477999999,5.866092029,6.28947145,6.040944895,8.266350787999999,8.58824288,8.079182805,7.395372272,7.973908166,7.708838007000001,8.49016093,8.487826936,8.520594127,8.88118802,7.6886592579999995,7.380417295,7.798246267000001,7.976678742000001,7.529734682000001,7.757581082000001,8.89295616,8.957752974
Ga0242637_11635,5.9822274239999995,5.106036055,5.380760691,5.917178237000001,5.536779121,5.445701935,5.918894785,5.937005012999999,6.2556058189999995,6.555678718999999,6.931459089,6.060653995,5.213194683999999,5.531674586,4.735373538999999,6.796755582,6.733643871,7.050475792,7.677301022999999,7.922708163999999,7.880775129,9.694725335,9.411351192,9.127554477999999,5.321587674,5.321969697,5.840561032999999,4.815949237,4.8834896080000005,5.474946152999999,7.176334751000001,7.015545812999999,7.079811716,6.626970511000001,7.040892058,6.8464822320000005,6.900325658,6.902018501000001,6.426579632,7.284988808,6.110405722,5.2263368560000005,5.773584463,6.069412979,6.646816487000001,6.323221721,7.552758734,7.419256131
Ga0242637_11636,5.003826086,4.764308352,4.860393744,4.998533019,4.984562088000001,5.120951485,4.4102561080000005,4.963699583,4.920335663,4.449171825,4.218583159,4.948618036,4.88611688,4.774297383,4.698894265,5.705893862999999,5.663882817,5.909058272,5.73610727,5.659621767999999,6.112517617000001,6.038401672000001,6.289057454,5.809865286,4.525876352,4.881573326,4.813450465,4.992980103,4.454607607,5.096740307,5.130586303,5.197488063,4.833019414,4.965263925,5.22071963,5.001963246,6.172077286,5.978686848,6.110648987,6.170220277,5.479739868999999,5.579486505,5.976844206,5.495974041,5.527144606,5.315075955,5.949929124,5.962955225
Ga0242637_11637,13.58751345,13.64234435,13.97834026,13.59314099,13.65720092,13.53860717,11.69294723,11.938597300000001,12.14504977,10.08688204,10.44551464,10.4127204,14.12824758,13.87002628,13.45639941,10.91345775,10.40730351,9.624606853,8.954532664,8.914576148,9.074701581,9.788102913,9.324573127,9.464046000000002,11.642792800000002,10.90882149,11.89519804,11.94561153,12.31866886,12.47024936,10.46450391,10.160841900000001,11.06453316,11.80100884,11.05393181,10.22903898,12.38431761,11.96777632,12.01895833,8.932451467,10.67401225,10.87580697,10.24212543,10.91842031,11.54966165,11.685619,8.889054414,8.957752974
Ga0242637_11638,3.698529345,2.686586935,2.930832432,3.16318366,2.744398912,3.632791763,3.155796047,3.54034049,3.618475267,4.042654659,3.914464957,4.429408888999999,4.000280065,3.518874686,3.456396836,4.281559972,4.138748662,4.291204563,4.476506155,4.5628060999999995,4.066657595,5.37897011,5.259079827,4.924648265,3.143822338,4.401657499,3.820616643,4.088157498999999,4.047550568,3.8398030480000003,4.786479382,4.096620832,4.391441637,4.965263925,4.827425965,4.766360622,5.152609088,3.662028972,4.301503826,5.182918672,3.923781767,3.775076592,3.9712646019999998,3.351217807,3.4799555860000004,3.080556652,4.818322602,5.071312206
Ga0242637_11639,5.666474096,5.881951384,6.1270713279999995,4.998533019,5.256720726,5.058786706,4.669329099,4.326831004,4.875333574,4.326727,3.795137545,4.429408888999999,6.218800207,5.746015131,5.746021878,4.035114441,3.3308858669999997,4.1660756469999995,3.7340261939999997,4.182356513999999,3.2608517239999997,5.094429967,5.06529812,4.577747215,4.292841717,3.9026848060000003,4.08603391,4.499638053,5.120823571,4.837999339,4.601460261000001,3.7278747230000002,4.50244731,5.061310594,4.957334987,4.521587941,5.540984152,5.754864724,4.301503826,4.353666799,4.068024151,5.122407431,3.4946380269999997,3.351217807,4.079391123,3.991945537,4.145636678,4.007957471
Ga0242637_1164,9.852992256,9.434418388,9.899229853,10.43546472,10.1177445,10.46852992,9.64175274,9.106324014,9.09406257,10.23614692,10.13320569,9.073389383,12.58858462,12.26019449,11.73810665,10.59581899,10.67677996,11.01040591,12.64001698,11.03195828,11.61845792,12.72821614,11.62120496,12.61611472,10.06994241,11.88058795,10.34312131,12.0829194,10.57711511,11.16899467,9.608183767,9.312285212,9.108968777000001,11.66652819,12.15351862,11.50290503,12.92615288,12.14939985,12.35420416,12.47251333,10.01766285,9.509526391,11.50767692,10.83781377,12.0597853,11.50052994,11.49190242,12.84085304
Ga0242637_11640,4.412075361,3.0479219410000002,2.930832432,3.3965277680000003,3.273794517,3.4349120319999997,3.155796047,3.19900412,3.0232919369999998,3.680174811,3.795137545,3.275040208,3.416771273,3.040961976,3.632975974,4.281559972,3.891911795,3.9532778719999997,4.895776856,4.79203651,4.859361138,5.721208933,5.429562132999999,6.234841304,3.652503691,3.453203863,3.19503281,3.196494403,3.5583942139999998,3.9350153569999997,3.987546693,3.7278747230000002,3.527022611,3.8587559139999996,3.7955693239999997,3.9028094710000003,4.377864054,4.856866072,4.363716926,5.887248805,2.713663973,2.640110246,2.667729675,3.224071216,4.3663536910000005,3.3514834060000003,5.757208706,6.059163999
Ga0242637_11641,5.388800592000001,5.106036055,5.559620534,5.965919447999999,5.813320753999999,5.880404005,6.013612885,5.848243122,5.880705882999999,5.2342578269999995,5.9548551320000005,5.500353304,5.7918038570000006,5.279345685,5.654928391,6.635096769,6.757400776,6.454173358999999,6.515804557,6.624096125,6.478889971,7.403161433999999,7.400068956,7.217718295,5.351684131,5.0872886280000005,5.721345382000001,5.325055145,5.211486433999999,5.891077441,5.638641911000001,5.431291565,6.017063725,6.1087839420000005,6.284199342999999,6.54871191,7.666413492,7.460036408,7.173162972,7.633786882999999,6.785088255,6.87764457,6.685401651,6.765989407,7.051013781,6.96324555,7.512736099,7.621415924
Ga0242637_11642,7.4995357810000005,7.76117063,7.541984447999999,7.638515472999999,7.492389628,7.7252847639999995,7.550920972999999,7.245495902999999,7.558250763999999,8.249951783,7.72415424,7.308908906,7.364064036,7.677597896,7.674157782000001,7.782233725,8.066093049,8.151816702,8.02253529,8.149583991,8.064184962,7.700910285,8.186663838,8.200718313,7.50523903,7.693160195,7.621277862,6.38883245,6.684511967000001,6.6052589489999995,7.216493466,7.179511439,7.2447735579999994,7.472286896,7.1611614889999995,7.0287260929999995,7.71718383,7.344481926,7.8641622,8.067518867,7.577956478,7.568629215,7.628169662,7.473523104,7.108587705,7.283841689,7.862383586,7.370204206
Ga0242637_11643,8.341019838,8.358247217999999,8.383706629,7.812492614,8.074694829,8.997064274,9.782509474,9.674478838999999,9.271677755,10.96237539,11.5079147,11.352340199999999,7.97991315,7.930064956,8.156617684,7.165708966,7.356035682999999,7.502608842000001,7.4322337439999995,7.392238797,7.4355951739999995,8.061695493,7.769569364,7.677829287000001,7.953161015,8.177839461,7.962467522000001,8.241295386000001,8.422051787000001,8.023981344,8.104639887000001,7.852048507,8.134892563,10.07308925,9.224453504,8.776476908,7.349860838,7.600976356,7.406518196,7.087959745,8.474219156,8.182080783,7.4353141570000005,7.89647349,7.61164133,7.48016506,7.340513119,7.111271886
Ga0242637_11644,6.370101353,6.663634462,6.615536061,5.9498557629999995,6.349131116000001,7.579432853999999,8.312206672,8.374120602,7.9227144439999995,7.672651022999999,8.645097149,9.540269109,5.7254107229999995,6.144458896000001,5.928099412999999,3.7318454780000003,2.492414675,3.2503850360000004,2.620112537,3.00415308,2.653701924,3.500516376,3.963144162,3.390490989,5.126244417,4.595882851,5.147612545,5.647517796,6.1748033079999995,5.72368813,5.461940492999999,4.872372338,6.172925789,7.2280150679999995,6.7177551079999995,6.808628485,5.29418298,3.91283721,4.480248635,4.934560538,5.7497599379999995,5.2263368560000005,5.143286713999999,5.446473152,5.737211476000001,5.342441495,6.008811897,5.6281973910000005
Ga0242637_11645,7.456582292999999,7.343428574,7.049310683,6.601009441,7.139428815,8.337673164,9.189655061,9.090981545,8.694572596,8.401638255,9.288673773,10.13660946,6.495484058,6.817395326000001,6.7556690260000005,5.041600655,4.875340189,4.868474378999999,4.206860836000001,4.067851648,4.475808083,4.51831327,4.572983816,4.365241902,6.35739723,6.393435247999999,5.745996002,6.7349040989999995,7.043940484,6.956754693,6.248217188,6.368856881,6.913246471,7.985535908999999,7.665312706,7.292701644,4.615431697,4.737982187,5.26970062,6.253374702,5.829514431000001,6.203436097000001,5.536607461,6.223772972999999,6.043816337000001,6.209546626,6.341975574,5.401599866000001
Ga0242637_11646,8.200601627000001,8.699359158,8.423634694,8.251991161,8.155159352,8.14375502,7.931687644,7.783135645,7.867069386,7.994900374,7.762239407999999,7.792883877,7.97517687,8.641503525,8.413421939,7.471211758,7.409462326,7.502608842000001,7.149351592,7.101422267,7.071413057000001,6.783010875,7.196087837,7.12166938,7.771614702999999,8.097779812,7.919938865,7.781414945,7.790884693,7.671251269,7.263251914,7.284956502999999,7.328049635,7.333282114,7.10689688,6.793203913999999,7.066247163,6.846441292000001,7.086151866,6.60939271,7.313481831,7.4459230860000005,7.7621471589999995,7.835641186,7.334488155,7.8969893639999995,6.295484655,5.823730594
Ga0242637_11647,6.080026936,5.694057138,5.353272905,4.866546745,5.375431402,6.5745242610000005,7.491978971,7.245495902999999,6.750306935,6.958690805,7.821157774,8.338449501,4.216089736,5.321197417,5.268396495,3.3312073310000003,3.465611188,3.698969074,3.409865375,1.764951351,2.653701924,1.764951351,1.764951351,1.764951351,4.354923841000001,4.235484963999999,4.436793403,4.815949237,4.9199410210000005,5.2461741669999995,4.551085283,3.8303429139999996,4.554766425,6.341425564,5.38278311,5.180067749,1.764951351,4.3045167,3.6595699839999996,4.791768251000001,5.20761762,4.149880037,4.418181822,4.784684284,2.792585865,3.991945537,5.363917751000001,4.639364039
Ga0242637_11648,7.950168345,7.8535846629999995,7.884851807,7.135280667999999,7.35566029,9.148801253,9.911767582000001,9.847646727999999,9.3869298,9.911325607,10.55368328,11.44014495,6.749813689,7.448368019,7.271685452000001,5.485497969,5.416603517,5.333866685,4.476506155,3.648450477,3.64741757,4.51831327,3.7987871739999997,4.999446763,6.415233951,6.456023328,6.548470468,6.818556632999999,7.338030185,7.256656938,6.838243042,6.85353939,7.494591674,9.022404264,8.50809327,8.014868356000001,6.018255341000001,6.342794463,6.45466585,6.9783253720000005,7.878113614,6.478853096,6.18247369,6.909215849,6.566864648999999,6.281640101,7.772039137,7.126124115
Ga0242637_11649,7.141033108999999,7.2099153639999995,7.049310683,6.330705967,6.92415056,8.614002474,9.810181546,9.863534439,9.394820214,9.950965112,10.73502193,11.25824309,6.048509266,6.5981364000000005,6.627793283,5.386834068,5.079632359,5.152783744,4.630727353,3.942535777,3.469757717,4.105023658,3.6101325589999997,3.1138557000000002,5.090900202,5.780451694,5.417757568,6.357187197999999,6.408402041,6.231072713,6.731384782999999,6.35275835,7.172867403,8.873353265,8.34193317,7.729230942,5.934684068999999,5.335555734,5.839156551,6.280056735,7.61206879,6.301223246,6.038661895,6.281153743,6.422869211,5.878397296,7.270227002,6.7385107710000005
Ga0242637_1165,6.257656398,6.238688913,5.760888199,6.131679505,5.971856624,6.032686313999999,6.327915275,6.0367391239999995,6.725468564,5.587727367,5.165124858,5.712434593999999,5.813267869,6.190112254,5.616801532,8.116543236,8.654819985,8.649669487,9.544852066,9.828222287000001,9.732490925,11.763777000000001,11.51312816,11.53972306,6.327582362999999,6.111654136,6.476841712000001,6.523203402999999,6.642017826,6.283527792999999,7.232248773999999,7.533407191,7.026401446,6.093851225,6.284199342999999,6.482905643,5.845938526,6.758834553,6.884296102,8.351137948,6.261601092,6.151927777999999,6.66597891,7.03115232,6.29629906,6.478473856,8.367624377,8.365955214
Ga0242637_11650,10.26849154,10.28941985,10.10352778,9.348659027,9.722757572999999,10.49419045,11.38418437,11.18886462,10.86180409,11.57791048,12.14334139,12.52424319,9.401024504,9.762433346,9.95469905,8.583113917999999,8.483959674,8.453210105,8.41442252,8.333702877,8.774925383,8.526630441,8.642012633,8.438456384,9.516698746,9.774959453,9.668152408,10.25709551,10.44137743,10.35699294,9.173035379,9.10723426,9.348905581,10.66765204,10.243755199999999,9.694501865,8.200165012000001,8.69852582,8.859020829,8.660783981,9.175069062999999,8.542918022,7.926098597999999,9.450883567,9.38508162,8.992520727,9.31841653,8.633454987999999
Ga0242637_11651,8.909335136000001,8.814184942999999,8.497205425,8.041379966000001,8.215657692,8.440819977,8.630496088,8.486856312,8.308370737,8.2209533,8.669347444,9.28849971,7.912146467,8.170645763,8.237007323,7.384891297999999,7.503717441,7.40551876,7.136794931,7.34569445,6.788127941,6.427695064,6.82302007,7.105019867999999,7.275017955,7.419673435,7.244141526,8.138170738,7.898499789,7.826376017,7.232248773999999,6.920543805,7.229101591,7.383166356,7.230475016000001,7.0287260929999995,7.989164691,9.202894283,7.2789507339999995,6.566714891,7.577956478,7.2148940679999995,7.278004095,7.429860202,7.689144099999999,7.545940106000001,6.222800831,6.699304861
Ga0242637_11652,7.757208084,7.812729564,8.016890655,6.863129449,7.01778812,7.341585958,7.02446874,6.830651294,6.786779111,7.433547515,7.677083132999999,8.320164131,7.203204199,7.356427236,7.366255539,5.823474616,5.999663255,5.51956703,5.3111713830000005,5.161685736,5.104939347,5.37897011,4.840645444,5.07047746,5.970292571,5.614282574,6.237687229,6.747156146,6.8799865989999995,6.231072713,5.540362097,5.75997554,5.902877171,6.341425564,5.634836862,6.086709458,5.422921493,5.560550526,5.795807193,5.064189077,5.429319039,5.413829457,5.143286713999999,6.415319116,6.594011782000001,6.402941922,4.347120349,4.871888998999999
Ga0242637_11653,7.131959527999999,7.085812998,7.099501157000001,6.58032575,7.01778812,7.3480363429999995,8.735834909,8.613060522,8.208931476,10.00420582,10.80600384,11.12041904,7.076212309,6.8813272439999995,7.2345582639999995,6.942083727999999,7.101570542,7.024545734,6.933996844,7.260440233,7.707819635,7.106981535,6.4553886270000005,6.982753397000001,7.444117518,8.155415128,7.467333769,7.432991311,7.36439023,7.203276837000001,7.126618764,7.104668902,7.035441787999999,8.493865532000001,8.12256147,7.761271375,6.437684056,5.978686848,6.468505938,6.170220277,6.523292994,6.071026256000001,6.126665356,6.890922161000001,7.108587705,6.746267497000001,6.756440132000001,6.059163999
Ga0242637_11654,4.140753994,4.198816504,4.021383903,3.3965277680000003,3.404506301,4.8539482210000005,6.468136681,6.286652073,5.787542227,7.597271382000001,8.084279561,8.374339174,3.416771273,3.43792384,3.925317194,3.7318454780000003,3.3308858669999997,3.8739550510000003,3.7340261939999997,3.942535777,3.469757717,4.105023658,4.240772454,4.24518793,3.652503691,3.453203863,3.607398345,4.088157498999999,3.6541520239999996,4.023757596,3.821877488,3.493771372,3.733234295,5.179993123,5.037725431,4.175373085,1.764951351,3.91283721,3.759391237,4.353666799,3.5755614760000003,3.775076592,3.283209092,3.755778032,3.9089009,3.5704800810000004,4.437674205,4.135802667
Ga0242637_11655,5.156181191,5.136062347,4.899179735,4.1604384130000005,4.547988485,5.788245009,7.662034101000001,7.41532088,6.480229479,8.511772523,9.105307317000001,9.433754622999999,4.801831877,5.0492857319999995,4.8724601519999995,4.97489283,4.527676153,4.98190923,5.3111713830000005,4.79203651,4.384474106,5.442018557999999,4.994320674,5.809865286,4.815079697,4.502186862,4.497285518,4.7182830000000004,4.6422935160000005,4.739959922,4.601460261000001,4.5671028389999995,5.1002818780000005,6.606100304,6.30042989,4.79806646,5.29418298,5.8711413839999995,4.734680932,6.081954045,5.429319039,4.950622766,4.5964761439999995,4.701851081,4.489924871,4.31027734,5.791183595,5.89503271
Ga0242637_11656,6.153735218,5.791084149,5.434193744,4.795592988,5.3173146,6.125910317000001,7.001592707,7.352348857000001,6.434961866,8.52199762,9.197124797999999,9.620904677,5.1123508730000005,5.439836747,5.692064792999999,5.334814583,4.636168732,5.2157469,4.302796251,4.988943819,4.859361138,4.737776482,4.840645444,4.999446763,4.979232842,5.294670595,5.220116807,5.673519212,5.616384732999999,6.350616533999999,5.130586303,4.4483658010000005,5.028947718,6.697721515,6.74170554,5.499843621,4.995296209,5.628299527999999,4.867664457,5.815991866,5.7497599379999995,5.692222557999999,5.536607461,4.51974777,4.3663536910000005,4.78509857,6.037371072999999,5.131981726
Ga0242637_11657,11.81949249,12.31577117,11.97338187,11.48880295,11.56972696,11.23265551,10.78812282,10.68326663,10.61397315,9.926799399,9.044804574,8.640613537,11.71772968,12.0560384,11.93287745,10.13412544,10.24575533,10.34851157,8.947363809,7.681732133,7.983005427999999,7.305428628,7.453414029,7.364813634,10.71645237,10.61155117,10.97670626,12.18626295,12.46186293,12.75537169,9.563756266,9.448959962,10.03965065,11.70930468,12.16655791,10.65648111,10.96315985,11.34616598,11.6136743,10.73812319,13.64596307,12.96417497,12.795720699999999,8.840689401,8.459766407,8.829257878,10.76275564,10.710346000000001
Ga0242637_11658,12.80000155,13.15037775,13.24744479,12.64012587,12.706279499999999,12.31346424,11.44933976,11.58733313,11.49450066,11.31625126,10.49270728,9.811297254,12.83814671,12.79761159,12.43759155,10.70795663,10.71440055,10.60316332,9.508782991,8.604612092,8.912800024,7.738837951,7.13208112,7.796602482999999,11.08553009,10.81895212,11.26060397,12.62453563,13.17451765,13.42078967,10.43843762,10.23724018,11.0208506,12.8236756,13.22159813,11.72091788,12.14693966,12.27892818,12.03558969,10.86886934,14.74761536,13.94586991,14.13153867,9.318663922999999,9.460680048,9.364622354,11.15596493,11.06640455
Ga0242637_11659,10.33914364,10.30341114,10.79864729,10.04674236,10.25088718,9.522486834,8.88485945,9.104415105,8.71362485,8.81317715,8.102206269,7.745703323,10.38844835,9.898999624,9.986669183,8.449798753,8.032440155,7.749390145,6.844145432,6.4143704,6.319441296,4.835778512,5.429562132999999,5.8900235279999995,8.398312794,7.936167495,8.603218595,9.993733073,10.50196891,10.85765703,7.95606495,7.437577271,8.535978435,10.16325488,10.78199659,9.032528174,9.569270784,9.563011686,9.111085211,8.059853983,11.86908538,11.30432868,11.44645223,6.561363021,6.697752363999999,6.80609677,8.232495291000001,7.948197971
Ga0242637_1166,6.558125456,6.394709184,6.294655017999999,6.505497762,6.259857714,6.617907858,6.946758814,6.830651294,7.008839465,6.177947146,6.174592427,6.303844391,6.084221612,6.3086570239999995,5.988965352999999,8.83169885,9.138760442999999,8.924160895,10.05215888,10.35411928,10.36548806,12.57506404,12.12137518,12.27630091,6.550401957999999,6.20213732,7.000501771000001,6.565342306,6.598230864,6.6189221510000005,7.0924955370000005,7.284956502999999,7.088524065,6.403249746,6.991822982,6.933467245,7.317314586,7.344481926,7.2552182720000005,8.436480999,6.86274643,6.969641547999999,7.303351467000001,6.725261135,6.422869211,7.014855696000001,8.647160148,8.445041446
Ga0242637_11660,11.46468591,11.77749565,11.94679911,11.43120535,11.60859395,11.14326796,10.34156241,10.50808147,10.26052091,9.857168342000001,9.230103645,8.607070749,11.48563092,11.13930635,11.23336978,9.273755873999999,9.134235437000001,9.008103971,7.856402018,7.333819682000001,7.761918562000001,6.96479845,6.882603522999999,6.8289981410000005,9.703544435,9.004586675,9.614166171,11.25630656,11.86148126,12.04105372,9.197307397000001,8.926302948,9.611559237,11.27784168,11.72735736,10.14655075,10.55935053,10.61378534,10.56868858,9.264623232,13.45504278,12.66059439,13.03096922,7.816395292,7.809720408,7.937649907999999,9.487932812,9.422013022
Ga0242637_11661,13.54298873,13.721098699999999,14.02098656,13.72786738,13.93933848,13.44274324,12.63425183,12.68997348,12.58706809,12.10809873,11.72686106,11.07888358,13.48764502,13.16074417,13.04123292,11.276489699999999,10.99330157,10.81324508,9.632384187000001,9.483417492000001,9.489669282000001,8.933242401000001,9.447939892,8.95258938,11.62072066,11.57466916,11.93143665,12.83770251,13.52681069,13.76620631,11.75816757,11.30958223,11.98303369,13.31537319,13.91057542,12.65219019,12.40478354,12.47419206,12.38048161,10.92056222,15.96556284,15.23322881,15.81537056,10.09045771,10.30987914,9.96335492,11.14209892,11.04117426
Ga0242637_11662,8.501024903,8.728933811000001,8.47203898,8.322109349,8.307467974,8.261155913,8.051552721,7.8439022320000005,7.685960187999999,7.336432818,6.568196225,7.0670811339999995,8.136584504,8.521899791000001,8.602500719,6.9592605270000005,7.718503021,7.425466942999999,6.66327232,6.272086056,6.366830345,6.458368144,6.506815658,6.4872149420000005,8.343594737,8.542848877,8.05871406,8.990458,8.916375233,9.053743394,7.685616031,7.575575706,7.661489953999999,8.067894132000001,8.066821086000001,8.224737191000001,7.640341822000001,7.9297252270000005,7.5434355989999995,7.931328842,9.20517052,8.620598986000001,9.227183156,6.834604227000001,6.566864648999999,7.006381381000001,7.862383586,7.780030784
Ga0242637_11663,10.47801956,10.53030694,10.38037666,10.61693929,10.68949782,10.60601093,10.39224242,10.281025300000001,10.2244485,10.28599351,9.937441982000001,9.827568819,10.37323081,10.301132899999999,10.3005097,10.31833711,10.32233969,10.42065626,10.1270354,9.930282383,9.982642863999999,9.182899017999999,9.558544152,9.444338347999999,9.80557989,9.96528938,10.03233488,9.797315602000001,10.06929302,9.923283355,9.737945925,9.639858076,9.770152176,10.04044244,9.782502091,9.62003003,10.34208657,10.49692222,10.48278029,9.926653284,11.19832395,10.95009155,11.25034466,10.01334238,9.823443949,10.03588079,9.930897965,9.922624961
Ga0242637_11664,7.6721623260000005,7.5453760579999996,7.571911216,7.469010218999999,7.492389628,7.4713295529999995,7.3663321470000005,7.2032913810000005,7.271486023,6.75397629,7.02218549,6.904667408,7.835821731,7.7013932270000005,7.864356912000001,7.223707786,7.489611742,7.451642255,6.66327232,5.2148792639999995,4.790629011,5.56032048,5.1328806060000005,5.380361131,7.343568737000001,7.166560996,7.173465107,7.663638949,7.710984549,7.716394543,7.012628766000001,7.123747099,7.026401446,7.061803577999999,7.213456654,6.793203913999999,7.249930782000001,7.549724815,7.698105697999999,7.3865558039999994,6.936430594,6.82934442,6.685401651,7.429860202,7.089650862,7.211972161,7.270227002,7.155377075
Ga0242637_11665,8.356675698,8.53886308,8.403808816,8.374049175,8.418014257000001,8.42565797,8.109728162,8.016267845,8.097297328,7.950161897999999,7.828356146,7.901421944,8.687016949,8.582940937,8.602500719,8.116543236,8.361537615,8.423770148,7.769630362999999,7.321846273999999,7.457620293,7.7757935279999995,7.287064152,7.472555892999999,7.948278941,8.074064938,8.276606986,8.420130244,8.524922465,8.373083685,7.912739404,7.81145778,7.917530162,8.145802286,8.108827032,7.853330542999999,8.26983383,8.283440498,8.428142309,7.880016897000001,8.05383973,7.938395996000001,7.842135302999999,8.027773331,8.092424055,8.007220423,8.069659839,7.879765047
Ga0242637_11666,7.506571901,7.697760917,7.618538364,7.95974454,7.884064301,7.648988247999999,7.705131591000001,7.567231091,7.666532472,6.765507867,7.199263142,6.816033568,7.86171476,7.836465168999999,7.719640401,8.226971224,8.433286228,8.510346503,8.312088086000001,8.667441047999999,8.451968772,9.093043676,9.387574833,9.077256441,6.851926815,7.2323416279999995,7.030809605,7.732992201,7.746486816,7.6907717,7.109658157,7.188599254,6.970934691,7.3269234260000005,7.26392048,7.242498893,8.49016093,8.354836038,8.298738313,9.139321127999999,8.581390066,8.281098854,8.291596887999999,6.890922161000001,6.539195511,6.704953937999999,8.97990146,9.136995415
Ga0242637_11667,5.94116114,5.881951384,5.535401821000001,6.367405363,5.749034568,6.399083778,5.998254556,5.919686915,6.00999571,5.362081109,5.597064109,5.041850661000001,6.281638967999999,6.245211299999999,6.284176283,7.293070644,7.356035682999999,7.343962424,7.1113485139999995,7.058766186000001,7.127457992,7.7512620089999995,8.240754003,7.962843577999999,5.466084075,4.988179731000001,5.220116807,5.866092029,5.525426303,5.935518384,5.407155786000001,5.197488063,5.439022045,5.617519654,5.608930552,5.15595604,7.104904802999999,7.422538112000001,7.821716384,8.47156542,7.482835688,6.954710971,6.866449232000001,5.421062803,4.982365562,5.258711873999999,8.268984942000001,8.396888272
Ga0242637_11668,5.764010054,6.305766856,6.06093428,6.48338353,6.213051455,6.125910317000001,6.388010931,6.2175516570000005,6.109493207000001,5.33118652,5.020303588,4.948618036,7.235260287999999,6.788043912000001,6.832256361000001,7.49495429,7.292448879,7.418848173,7.124127892000001,6.938427418,6.698428825,7.418824905,7.780045832000001,7.419691114,5.410032329,5.118838335,5.591285377,5.953466869,5.983560667000001,6.266254644,5.488562956,5.160708887,5.324968256,6.123562943,5.804121743,5.537529792000001,7.179241362999999,7.9297252270000005,7.9003043129999995,8.47156542,7.507210689,7.31179242,6.8144842489999995,6.01967202,4.896774386000001,5.496430504,8.09019893,8.468528325
Ga0242637_11669,9.112018047000001,9.021583476,9.327577532000001,11.00674425,11.01294119,10.90388847,10.78366307,10.86561991,10.76999354,10.54354544,12.31102022,10.8164823,11.741976,10.69345758,10.75932172,15.72216466,15.61521287,15.68940562,15.71716253,15.63531369,15.61683259,14.83418294,14.809285699999998,15.14512569,8.659529212999999,8.384768589,9.175300158999999,9.02102253,8.829197768,9.392502432999999,9.488714579,9.213399912,9.608535556,11.38688611,11.15260279,10.99171934,15.06617445,15.25488084,14.82390956,16.53802512,15.14449361,14.17514596,15.22218008,10.21231643,10.47028577,10.479255,16.53305167,16.65254409
Ga0242637_1167,5.787389618,5.673836388,5.760888199,5.452719867000001,5.4849991860000005,5.4932897060000005,6.013612885,6.144959018,5.925110496,5.507235187999999,5.8452330660000005,5.6839969660000005,4.7121471669999995,5.14583677,5.577629402,7.279462555,8.144694069,8.08651346,9.693644547,10.5386459,10.59884054,14.01379343,13.86502266,13.59182746,5.806764082000001,5.799928989,6.148225393,6.886583612999999,6.598230864,6.445721832,6.848505369,6.96354215,6.053191622000001,5.935299644,6.0924001,5.96786824,5.422921493,5.754864724,5.81764587,7.972736822000001,5.7081519489999994,5.323171115,5.578933935,6.01967202,5.876712489,5.4718936760000005,7.66656342,7.835284427
Ga0242637_11670,7.2540678729999994,7.251283745,7.040772955,6.828480807999999,6.952886391,6.617907858,6.864616463,6.545285916,6.762567262999999,6.832822792999999,6.34516328,6.707571502,7.297309666,7.480815442000001,7.271685452000001,6.656325108,6.039030937000001,6.828657112999999,6.66327232,6.391612815,6.245292997000001,6.331543479,6.166412467000001,6.002435286,7.387522555,7.640304413,7.294963429,7.139818226,7.409391277999999,7.138393403999999,6.45056443,6.368856881,6.37184384,6.7651576470000006,6.5783923589999995,6.566973832,6.497069943,6.5998232429999995,6.612558363,6.454130328,5.377048301,6.277393187,5.620042009,6.295147957999999,6.392255812,6.102121777000001,6.806988873,6.31426495
Ga0242637_11671,6.884285762,6.673818836000001,6.798920884,6.756577571,6.727493992,6.700938747,6.962639771,7.076528389,6.934949771,7.4902133420000006,6.384820797000001,6.42876132,6.634286400000001,6.711935979,6.508346877,9.091166083,9.165616401,9.740569854,10.92334755,10.85329372,10.87725111,11.43564311,11.26543651,11.51474411,8.354705671,7.6076351760000005,8.646243647999999,8.061819152,8.266567516,8.938746934,7.49638442,7.757532427999999,7.8778907479999996,8.858005737000001,9.058152813,8.695894844,8.768071128999999,9.235685054,8.832548235,9.428327611,8.195542717,7.819878449,8.11682633,7.42351327,7.61164133,7.404812992999999,9.801960336,9.273257136
Ga0242637_11672,5.920178385,5.933828587000001,5.937310685,5.3581763460000005,5.704514842999999,5.729961299999999,6.144907657,6.0042588189999995,5.857976777,6.41625629,6.128586255,6.227265922000001,6.169799106,5.86354852,5.710277532,7.692686315,7.748425782000001,8.094839907,8.465501344,7.554507195,7.805500512999999,8.911270968,8.799608988,9.180135036,7.743707942,7.475060878,8.053805439,7.923035982000001,7.786018563,8.731371192000001,6.817496362000001,6.931414317000001,6.702332816,7.823385712,8.057317923,7.492057998,7.8595768679999995,8.1521721,7.810906803,8.685897435,6.499165323,6.540188594,6.866449232000001,6.453243495,6.620656288999999,6.149148229,8.869385794,8.633454987999999
Ga0242637_11673,5.357810669,5.430180045,5.176150348,4.831518636,5.092846127,4.890225764,5.4612961460000005,5.449548256,5.006240364,5.849257156,5.630544265,5.500353304,5.53163335,5.341670188,5.3405469839999995,6.815744047000001,6.815132769,7.445142849,7.186378151,5.872266967000001,6.412707192999999,7.509391607,7.180350701,7.2931416229999995,6.8414253270000005,6.940297022999999,7.383723513,7.092607425,6.795289529,7.790639511,5.638641911000001,5.8546532970000005,6.070920132,6.84746438,7.247294762,6.7459133510000004,6.375740119,7.422538112000001,6.788302803,8.170757829,6.172806286,6.098503088999999,6.313187963,5.859178469,5.582626785,5.369290538,8.048824016000001,7.956528196
Ga0242637_11674,7.167916015,7.070484317999999,6.788756487000001,6.64150585,6.792544611,6.80780962,6.750308849,6.725184894,6.202539906,7.654172335,7.285500167,7.390066109,6.704709085,6.5725344560000005,7.054523682,7.422520414,7.439125705,7.759901405,7.369231856,6.624096125,6.905001625,6.830653764,6.259363603,6.8085711820000006,7.953161015,8.271173949,7.998678327,8.385310266,8.161535458,8.352807681,6.848505369,6.783264879,7.01730402,8.138561157,8.282002162000001,7.773105342000001,7.026523678999999,7.8041537320000005,6.934984804,7.9563160239999995,6.843720942000001,7.137690077,6.832015077,6.295147957999999,6.262835217999999,6.52671136,8.034764335,7.478313195
Ga0242637_11675,6.060992991,5.500861604,6.06093428,6.102930507999999,6.275127016,5.932982249,6.013612885,5.866440742999999,6.00999571,5.5345733479999994,5.901091802000001,5.872127302000001,6.482175612000001,6.501948327000001,6.476868927999999,7.692686315,7.618350724,7.628407446000001,7.502416475,6.246939936,6.698428825,7.027459622,7.012735715,6.927000692000001,6.08175786,6.096003362,6.072413452,6.806899709,6.959978419,7.45996819,5.730596441,6.006632882999999,6.070920132,7.03863875,7.534418532,7.048344299,7.666413492,8.344850504,8.041075592,9.006084745,7.61206879,7.335032292999999,7.2651612629999995,5.169295167,5.063055895,5.200017905,9.112975831,8.986507473
Ga0242637_11676,7.6721623260000005,7.523034319,7.284418297,7.156381913,6.943371332000001,7.0166408989999995,7.046987216000001,6.725184894,6.712886817,7.39696585,7.569496947,7.172814876,7.399856099,7.649331073,7.394579961,6.9246996339999995,6.582228827000001,6.692522689,6.261687055,5.872266967000001,5.966199916,5.721208933,5.922806584,5.8900235279999995,6.776755546,7.000280496,6.731916091,7.033833577999999,7.262951327000001,7.2123119529999995,6.579440329,6.830493495,6.790438489,6.736642322000001,6.681065397999999,5.911715405,6.097225568,6.817827167999999,6.914922865,6.859655011,6.474626088,6.457812702000001,6.778769051,6.538028848,6.722560023,6.629673327000001,6.668036582,6.85010341
Ga0242637_11677,7.389652676,7.517394365,7.354973552000001,7.524152109,7.652714661,7.7252847639999995,7.348317514,7.076528389,7.164726596,6.658239547999999,6.056689091,6.227265922000001,7.814767265,7.861321172,7.904296319,6.73823992,7.025373799,6.989229997000001,6.697893701,5.838947521000001,5.7682992539999995,5.721208933,6.374626861,6.139804722,7.092291181,7.21798099,7.26128205,7.203418015,7.13863432,6.821545624,6.7202494999999995,6.864925505,6.873462762999999,6.933716975,6.496275108,6.838990663,6.85567705,6.78863294,7.10397949,6.9783253720000005,6.68172764,6.954710971,6.778769051,7.345086954,7.350482686,7.551773487,6.612265337999999,6.699304861
Ga0242637_11678,7.278940251,7.054990806,6.9524918389999995,7.276885478,7.297117903999999,7.213202384,7.119604227999999,7.02090724,6.8684516879999995,6.75397629,6.602224679,6.411566827000001,7.195077515,7.25822019,7.465720054,6.523987701,6.527997551,6.8583257170000005,6.889771672,6.523051353,6.888874919,6.629823533,6.556467632,6.4872149420000005,7.3058881410000005,7.335714291,7.000501771000001,7.4023501210000004,7.052073717000001,6.711096695,7.04867273,7.318457523999999,6.932733707000001,6.908379159,6.799894557000001,7.099389963999999,6.985673822000001,7.081211592000001,6.788302803,6.994507531,6.9183599120000006,6.924377386000001,6.849335065,6.909215849,6.7709286760000005,7.112840309,6.855823241,6.986597971
Ga0242637_11679,9.706444901000001,8.519249052000001,8.51271436,8.147018281,8.47522197,8.936314011,10.32247318,7.9958155710000005,8.022866764,8.075797199,9.446670419,7.711032034,8.296994632999999,8.647639357000001,8.568108358,9.587016876,9.424706179,9.60142132,12.22271054,10.50066386,10.38859262,10.64621915,10.83172573,11.07114547,7.457925781,10.00971273,7.830923328,10.299268099999999,8.377464156,8.089170202,8.432343351,8.462823065,8.301448201,9.106446895,8.501100935,10.374629400000002,9.965429155,11.64666278,9.812361956,10.89279205,9.263552234,9.095545824,9.240361065,9.050811327,11.10039938,11.2793913,10.20330207,11.2871818
Ga0242637_11680,8.443541143,7.085812998,7.057798116,6.81968681,6.659364554,7.1701633739999995,8.618024099,6.390735909,6.538452242000001,6.228875327999999,7.534710841,6.266065182999999,6.975412786000001,7.351421915,7.646163238,7.98861739,7.624818231,8.00932974,9.826563246000001,7.969494816,7.880775129,8.358189764,8.618858484,8.619249672,6.35739723,8.786045421,6.491455609,9.326503087999999,7.176324364,7.203276837000001,6.984991397000001,7.161162052000001,6.644396604,7.437297012999999,6.788443353,8.489065706,8.384200191,9.871963409,8.306454001,9.029816992,6.744630009,6.82934442,6.685401651,7.391352554,9.460680048,9.489885954,8.470430952000001,9.232684422
Ga0242637_11681,8.719578905,7.550907812,7.548019704,6.880146112,6.781904882999999,7.7053305,8.765540559,6.793187538,6.687388565,6.261851396,7.0470914360000005,5.84671801,7.297309666,7.747837295,7.73301006,7.866543952000001,7.823437967,7.816382418,9.330157685,7.014808626000001,6.905001625,7.305428628,7.554524265,7.722159712000001,6.754537032999999,9.212548632,6.476841712000001,9.830767973,7.383848665,7.39003409,6.78580492,6.96354215,7.105792302,7.777500777999999,7.0214645120000005,8.460080652,8.145612062,9.354900725,7.945480242,9.095012603999999,7.198422224,7.239736213,6.996500469,7.74693687,9.486230563,9.591046816,8.454677601,9.415985838
Ga0242637_11682,8.376009541,8.533286234,8.380328857,8.365018176,8.574036984,8.353783522,8.405149555,8.133240962,8.349554912,9.292800098999999,8.89519191,8.391954594,8.967727264,8.906624257999999,8.769642815,8.715282665,8.77014189,8.626885189,8.585804637999999,8.386373059,8.349709953,8.071636004,7.301683833999999,7.722159712000001,8.898441775,9.3206163,9.017878793,8.420130244,7.898499789,7.741570014,8.179660745,8.196299439,8.113719625,8.61880477,8.429247525,8.33793925,8.445698785,8.354836038,8.385070475,8.170757829,8.35172899,8.379351753,8.329089253,8.692890241,8.474432313,8.549273165,8.110449625,8.098787236
Ga0242637_11683,5.293729104,5.477688232999999,5.583435282000001,5.475407059,5.5619811960000005,5.583952678999999,5.689287742,5.733916842,5.880705882999999,6.645812063999999,6.197054432000001,6.015794089,5.993216969,5.321197417,5.38669096,6.9246996339999995,6.647264568,6.659190967000001,6.844145432,6.922652875,7.271208693999999,8.734864152,9.104713002999999,8.398044766,5.4933045510000005,5.321969697,5.61826134,5.866092029,6.098190232,5.978623197,6.928073273,6.887431198,6.508080294,7.370856203,7.457016513999999,7.571013849,7.317314586,7.682543879,7.607308064,6.877218346,7.121547025,6.969641547999999,7.057372902999999,7.1589360289999995,7.350482686,7.014855696000001,7.221390161,7.065773967
Ga0242637_11684,9.109710246,9.298025295,8.921078565,8.719337683,8.485086067000001,8.66137063,8.838309403,8.841099421000001,8.86046168,8.914968842999999,8.18864244,8.164883415,8.123802748,8.582940937,8.861763455,7.743119732,7.862269037999999,8.065484574,8.127763968,8.215761968999999,8.035191072,7.869947838,7.769569364,7.857487888,8.668461371,8.77872904,8.541444013,8.62304959,8.590571143,8.610198393,8.390848527000001,8.374037743999999,8.579868415,8.579240595,8.625271952,8.445366741,6.554101254,7.128566922999999,7.164694511,6.253374702,8.358441848,8.522826065,8.371633101,8.140393061000001,8.237054337,7.8969893639999995,6.5931841129999995,6.638418239
Ga0242637_11685,6.68769462,6.000201688,6.265603366000001,6.131679505,6.148172079,6.11078736,6.340137045,6.259409334,6.220447202000001,7.273245809,6.971043474,6.479144816,6.585347852000001,6.359469741,6.569309079,6.096716606,5.87462932,5.592302132,6.063289417999999,6.114150367000001,5.695750143,7.182343406,7.811026153999999,7.170493899999999,6.9233683710000005,6.859312715,6.681844582999999,6.962089227000001,6.96859828,6.94595959,6.858695086,6.683889763,6.942379346,7.676110499999999,7.863731242999999,7.632938844,6.375740119,6.846441292000001,6.056641552,6.198476607000001,6.615950569,6.762316097999999,6.949096485,6.538028848,6.539195511,6.350289248999999,5.408498381,6.1198970479999995
Ga0242637_11686,1.764951351,1.764951351,1.764951351,1.764951351,2.4640428340000002,1.764951351,2.4060372180000003,1.764951351,1.764951351,1.764951351,2.911501305,2.855977779,2.4697179680000003,1.764951351,1.764951351,2.697953195,1.764951351,2.452468344,1.764951351,1.764951351,1.764951351,2.8057856639999996,1.764951351,3.390490989,1.764951351,1.764951351,2.7960011330000003,2.7970937510000002,2.434624694,1.764951351,1.764951351,1.764951351,2.4662029569999997,1.764951351,2.491398329,2.7892875010000004,3.19781202,1.764951351,2.761863632,3.306485327,1.764951351,1.764951351,2.667729675,2.710597517,2.792585865,1.764951351,2.9824992530000003,1.764951351
Ga0242637_11687,4.06343774,3.6224631489999997,2.930832432,3.8347331430000002,4.325924049,3.3221123230000003,4.4102561080000005,4.2144303910000005,4.387612859,3.9610702360000003,4.218583159,4.429408888999999,4.0761650860000005,3.594743442,3.357279135,5.105299126,3.979426665,4.34968863,4.206860836000001,3.648450477,3.64741757,5.442018557999999,5.429562132999999,5.587314472,4.0874184730000005,3.741635782,3.718506891,3.8225672999999993,3.743072834,4.92963042,4.328871157,4.013713061,4.270630967,4.065284571,4.524616065,4.125150941,4.818200909,5.489425957000001,4.587683268,4.934560538,4.3167515430000005,4.823235936000001,4.510207018,4.784684284,4.7081409160000005,4.31027734,4.522624281000001,4.871888998999999
Ga0242637_11688,7.854158155,7.76117063,7.589573572999999,8.18856405,8.087702016,8.106206415,8.1826871,8.21690576,8.087592405,8.182791782999999,7.945531464,7.889068704,7.887151058,7.785429722000001,7.977262569,8.503442315,8.955973284,8.945033521000001,9.46678393,9.660167955,9.554950938,9.335058147,9.373810305,9.54028987,7.72098703,7.718878834,7.539351727000001,7.676499282000001,7.524896686,7.677787486000001,8.227590877,8.366052656,8.021234368,7.87658727,7.652745248,7.700599386,8.693977946,8.875415135,9.06634699,8.69582166,8.331400902999999,8.188472605,8.508648877999999,8.056763385,8.014279426,7.864552363,8.719253463,8.553347531
Ga0242637_11689,8.969116785,9.307857155,9.22021108,8.508615901,8.414577383,8.458806484,8.827517025,8.794500975,8.899808924,8.278378717999999,8.849937176000001,8.923999597,8.863955199,9.00867059,9.231829009,7.7231575370000005,7.873174251,7.738801700000001,8.056251421,8.554348496,8.607773209,8.421739908,8.130465843,8.2317106,8.474988242,8.459886459,8.572661971,9.552546071,9.76875097,9.671565885,8.818759659,8.768668625,8.79729788,8.412153448,8.886342181,8.608343654,7.586740087000001,8.032846436,8.122008062999999,6.730321245,8.411048832,8.639382741,8.335244314,9.059021000000001,9.154099201000001,8.973095142,6.9337052329999995,6.659001264
Ga0242637_1169,11.38534538,11.59548652,11.61230771,11.36329847,11.4726815,11.5451147,11.15951634,11.17392513,11.3179858,11.54695324,11.000129199999998,11.43431301,11.77197785,11.74635797,11.49304439,10.72436384,10.53808462,10.38206173,10.41509546,10.21221469,10.22493794,9.267484178,8.799608988,9.033958807000001,11.86884319,11.69290256,11.90169976,11.03208239,11.46093016,11.23804891,11.33087752,11.16980882,11.28934382,11.44049095,11.30941041,11.49190996,10.64048586,10.401406800000002,10.52223889,9.916080415,10.99796927,10.97525934,10.83528982,11.330639300000001,11.461320800000001,11.46543328,10.16024662,10.19317186
Ga0242637_11690,4.963023044,5.075358701,5.044444469,5.029684248,5.1934255810000005,4.993760535,5.319638257,4.963699583,4.875333574,5.200420057,6.056689091,5.6549823770000005,5.679373022999999,5.098384862,5.292855855,5.224692397,5.25809114,5.3894393670000005,6.609726987999999,7.709563376,7.593123265,7.7757935279999995,7.900163323999999,7.498278656,3.752046685,3.5570608089999998,4.2374047710000005,4.613261821,5.701897872000001,5.315375734,4.870546616,4.960939729,4.205940684,5.121895423,5.037725431,4.766360622,5.540984152,7.105083786000001,5.681317807999999,5.238749722,4.526930893,5.499061404,4.097700825,3.465722858,4.3663536910000005,3.466003933,5.117265012,5.131981726
Ga0242637_11691,4.472236948,4.802471659,4.648502583,4.46901742,4.1996928989999995,4.323638534,4.4102561080000005,4.47976412,4.387612859,4.326727,6.105018361,5.086255088,4.88611688,4.743585868,4.997345056,4.97489283,4.527676153,4.98190923,5.4401634770000005,5.62089209,5.4964242720000005,5.615986788,6.289057454,6.787850294,4.0874184730000005,3.824681115,4.30716112,4.2396179919999994,4.76808594,4.6882346880000005,4.551085283,4.318388806000001,4.066401976,4.351143767,5.150333711,4.521587941,4.818200909,5.560550526,4.587683268,5.238749722,3.923781767,5.010237392,4.677691172,3.465722858,4.230481,3.3514834060000003,5.117265012,5.748692192
Ga0242637_11692,4.585211685,4.55605399,4.936924235,4.55814469,4.0603926580000005,3.9538468489999996,3.748712635,4.154517597,4.251042272,3.874070482,6.031900167000001,4.497658663,4.801831877,4.833769529,4.8724601519999995,4.163986673999999,4.470061133,4.60967979,4.954887797,5.540133262,5.4964242720000005,5.819219846,5.532841605,5.965935097999999,3.143822338,2.703120283,4.08603391,3.720385549,4.047550568,3.73698757,4.134656991,3.7278747230000002,4.270630967,4.450525224,5.22071963,3.775624263,5.422921493,5.69298164,4.638428239,4.864979065,4.526930893,4.6073727060000005,1.764951351,3.755778032,4.230481,3.466003933,4.522624281000001,4.798593744
Ga0242637_11693,4.689666095,5.106036055,4.77944872,4.323454215,4.441439466,4.8539482210000005,4.669329099,4.573021305,4.625687201,4.042654659,6.219170611,5.46731071,5.003764776000001,5.122309652,5.4313862429999995,4.904869941,4.582983929,4.561454398,4.630727353,5.804834614,5.6193236120000005,6.228496762000001,5.06529812,6.139804722,3.930480587,3.652763928,3.349279727,4.613261821,4.237162325,4.578634773,4.267180386000001,4.318388806000001,3.8248971380000003,3.7001612999999995,5.037725431,3.775624263,4.615431697,5.754864724,4.824724139,5.000863439,4.068024151,4.6073727060000005,3.6742944960000004,3.839256689,4.603319646,3.224318896,4.522624281000001,4.721248791
Ga0242637_11694,4.28318584,3.942239546,4.021383903,3.497605637,4.0603926580000005,3.196938321,4.028820076000001,4.2144303910000005,3.618475267,3.450563658,4.306336811,4.024865287,4.0761650860000005,4.351503758,4.366319211,4.671023263,3.6967962130000003,3.9532778719999997,4.476506155,4.182356513999999,4.066657595,5.3129993319999995,4.840645444,4.7619335519999995,2.9697458610000003,2.703120283,4.003383257,3.8225672999999993,3.904206087,4.459612024,3.127659418,3.7278747230000002,3.278155795,4.2986041319999995,4.579888975,3.5571700739999996,4.818200909,5.560550526,4.535009727,4.791768251000001,3.923781767,4.442236701000001,3.6742944960000004,2.710597517,3.4799555860000004,2.4396198080000002,4.145636678,4.135802667
Ga0242637_11695,4.213849054,4.2559482730000004,4.97368299,4.216990205,4.384900493,3.4349120319999997,3.9642345660000005,4.379729396,4.016152236,3.9610702360000003,4.800700892,4.281776014,4.280950425,4.833769529,4.698894265,4.035114441,4.582983929,4.405768825,4.834070366000001,4.5628060999999995,3.64741757,4.835778512,5.1328806060000005,5.634681831,3.425532893,3.5570608089999998,4.08603391,4.767968562,4.176888662,4.396006508999999,3.907346379,3.616358705,3.8248971380000003,4.401735515,5.037725431,4.521587941,5.152609088,6.126249389,4.01929759,4.714516113,4.198123123,4.351588736,3.4946380269999997,3.351217807,3.9089009,3.3514834060000003,5.0051764169999995,4.552351294
Ga0242637_11696,5.388800592000001,5.222501755,5.353272905,4.900722199,5.4312682,5.0266480069999995,5.368440552,5.213102528,5.006240364,5.78253743,6.15177356,6.227265922000001,5.834414947999999,5.566816086,5.763564733,5.664450563,5.446292747,5.184614833,5.595786167000001,5.497973493,5.314116753,5.865819405,5.804244499,6.234841304,4.815079697,4.725536827,5.535755054,5.673519212,5.742810498,5.504822717000001,5.196869523,5.605065865,5.594626205,5.951967002999999,6.5783923589999995,6.40381689,6.375740119,7.460036408,5.607950139,5.62059316,4.7092957680000005,5.499061404,5.447991032000001,4.936962314,5.527144606,4.744292858000001,5.451725904,5.5856647520000005
Ga0242637_11697,4.638419917,4.076708291,4.223012272,3.9748242310000004,5.287340617,4.211327143,5.569458109,5.473550621,4.51177886,3.450563658,5.663258026,5.532647821,4.000280065,3.9732559860000003,4.108128152,6.796755582,6.238141675,5.152783744,6.009089276,5.697329897,6.026528808999999,7.338747958,6.739535199,7.536022217999999,4.292841717,4.401657499,4.6108539319999995,4.95076686,4.113784807,5.773543117999999,4.387889002,4.960939729,5.065064829,4.587308921,6.23437802,4.018654177,6.311006991,7.478426019,5.81764587,7.548709099,5.266368163,5.762726817000001,5.578933935,5.074360102,4.896774386000001,4.78509857,6.5931841129999995,7.155377075
Ga0242637_11698,3.5882946430000002,3.710259249,3.692998448,3.497605637,3.727858533,3.055524389,3.277942678,3.54034049,3.618475267,2.9887932989999997,3.795137545,3.7054419960000002,4.0761650860000005,4.221805808,3.7126032810000003,4.035114441,3.465611188,4.1660756469999995,3.7340261939999997,3.942535777,3.9413868460000003,4.51831327,5.1328806060000005,4.475591067,2.9697458610000003,2.703120283,3.820616643,3.8225672999999993,3.82616232,4.259162309,3.6315993030000002,3.35722349,3.278155795,3.8587559139999996,4.278211688,3.634319656,4.377864054,4.608026708,3.759391237,4.714516113,3.084464068,3.621276007,3.4946380269999997,3.839256689,3.4799555860000004,3.3514834060000003,4.250125233,3.707348591
Ga0242637_11699,4.689666095,4.600275824,4.092030704,4.46901742,4.0603926580000005,3.5378787089999997,3.748712635,3.956726771,4.099120538,4.1921740110000005,4.609972668,3.9268758439999996,4.1479527,4.647175328,4.622938842,4.281559972,3.17815798,4.230088347,4.206860836000001,3.803921163,4.181123441,5.171091359,5.8843656179999995,5.07047746,3.844348227,4.175237798,4.003383257,4.666762687,4.6422935160000005,4.520405555,4.063137997,4.2484376169999996,4.205940684,4.351143767,4.781305918999999,4.175373085,4.615431697,5.25189535,4.301503826,4.353666799,4.198123123,4.6073727060000005,4.418181822,3.6664255989999996,4.7081409160000005,3.8395838010000003,4.250125233,5.007921351999999
Ga0242637_117,1.764951351,1.764951351,1.764951351,1.764951351,1.764951351,1.764951351,1.764951351,1.764951351,1.764951351,1.764951351,1.764951351,1.764951351,1.764951351,1.764951351,1.764951351,1.764951351,1.764951351,1.764951351,1.764951351,1.764951351,1.764951351,1.764951351,1.764951351,1.764951351,1.764951351,1.764951351,1.764951351,1.764951351,1.764951351,1.764951351,1.764951351,1.764951351,1.764951351,1.764951351,1.764951351,1.764951351,1.764951351,1.764951351,1.764951351,1.764951351,1.764951351,1.764951351,1.764951351,1.764951351,1.764951351,1.764951351,1.764951351,1.764951351
Ga0242637_1170,7.057237513,6.958358731000001,7.2178236479999995,7.971693496,7.8989001960000005,8.140043845,7.681347743,7.6792206929999995,7.711463211,7.69089589,6.128586255,6.146374915,8.475273383,7.896102644,7.904296319,7.552654322,7.242847414,7.21235345,6.904664781,6.643480802000001,6.6224148529999995,5.997163747,6.289057454,6.40791227,7.76607639,7.510837876,7.993560688,6.672029281,6.494549028,6.231072713,8.025501559,7.793705788,7.975018335,8.270285996,7.683960867000001,8.379812832999999,8.12695937,7.549724815,7.761235162999999,7.481435096,8.733723493,8.712163342,8.492216953,8.318513517000001,8.633171772,8.498844634,6.918462087000001,7.489839742999999
Ga0242637_11700,8.518528709,8.250208855,8.484677088,8.191972777,8.079043605,8.20897328,8.511469991,8.512995984,8.470228718,9.798096624,9.554757322999999,8.89649692,8.206949735,8.220895366,8.280142442,9.228460315,9.470297709,10.048740400000002,11.18493207,12.04744239,11.87106133,13.1846087,13.519624300000002,12.93780394,8.883176695,8.723910753,8.737835018,8.662360162,8.550968047000001,8.481645125,9.08037168,9.314361376,8.953215449,9.338999603,10.07156397,8.965362287,8.460672297999999,8.441725063,8.744415588999999,9.153793285,8.126430816000001,8.356828295,8.365631698,8.630905607999999,8.545605168,8.525761543,9.551023103,9.341624323
Ga0242637_11701,7.854158155,7.523034319,7.652545107999999,7.653430607000001,7.147736806,7.611952767000001,7.890794833999999,7.9958155710000005,7.761154705,8.990546088,8.945703587999999,8.292293947000001,8.258533428,8.079776177000001,8.402309047000001,8.368612219,8.838496063,9.154677815,9.618911549,10.45755846,10.25510791,11.74681912,12.16048227,11.59215589,8.534825968,8.267693649,8.420825053,8.626366699999998,8.252527132,8.206811436,8.329942487,8.570979716,8.24414678,8.970339232999999,9.292852208,8.410439088,8.445698785,8.117399427999999,8.374098507000001,8.786845041,7.645392652999999,7.778104527000001,7.926098597999999,8.266284988999999,7.931656771,8.03663307,8.812842679,8.836635843
Ga0242637_11702,5.740242287999999,5.194270186000001,5.51076505,5.62485469,5.5619811960000005,4.890225764,5.392228114,5.323067096,5.524045455,5.827360771,6.219170611,6.227265922000001,4.801831877,5.024081165,5.3405469839999995,5.280820142,5.25809114,5.333866685,5.3111713830000005,5.804834614,6.084423183999999,6.94329072,6.781882584,6.701849566,5.054650004,5.42621131,4.948212928,5.843389882,6.144646775,5.8452143020000005,5.918146994,6.217035715,6.1397226,6.354004901000001,6.467827035,6.362579332,5.650022798999999,4.856866072,4.867664457,5.292467671,5.829514431000001,5.618061775,5.660000498,5.229225673999999,6.043816337000001,5.613159236,4.8834059430000005,5.669500702000001
Ga0242637_11703,8.230650114,8.166219222,8.318135969,8.593542101,8.322217188,8.366543492,8.095402814,8.345312518,8.54304577,8.094189967,7.806652326,7.857714555,8.296994632999999,7.946750816000001,7.819106962,8.131764686,8.066093049,8.107240133,7.945462727000001,7.969494816,7.960048835,8.000569135,8.32900693,7.689040317999999,8.123077747,7.896152325,7.983270605,7.965567162999999,7.884910164,7.9340306720000005,7.974910704,8.064340301,8.236331662000001,8.156596268,8.330144527,8.224737191000001,9.011197379,9.575873953,8.816428307,8.809873674,8.344984743,8.201171893,8.377609637,8.311658021,8.444949852999999,8.471415871,8.706007567999999,8.990568867
Ga0242637_11704,10.56649937,10.51341215,10.73594489,11.16686078,11.11227461,11.18618208,11.04026741,11.06035462,11.11563036,10.22992318,10.04946027,10.18287629,10.74552729,10.67855335,10.46774161,10.89907616,10.69992919,10.57368379,10.09657776,9.838759397,9.712029596,9.288943035,9.29930967,9.207673352999999,10.59288431,10.27012257,10.83371408,10.25066193,10.30008593,10.49659295,10.34466667,10.29935164,10.71268568,10.62100779,10.69199453,10.58780445,11.56825039,11.933209399999999,11.53746372,11.97160244,10.80262792,10.502807199999998,10.78446734,11.14113747,11.31928034,11.31625796,11.8954324,12.27526724
Ga0242637_11705,7.113639142,6.966663631,7.163812945,7.009493064,6.8031063,6.9838710520000005,7.390006707,7.3651652620000005,7.3547830439999995,7.940028682,7.131020562000001,7.3545591120000005,7.170418827000001,7.158572179,7.51299185,7.4831319,7.510718871,7.816382418,8.858437996000001,8.902572429,8.948222652,10.11564573,9.727706117,9.744784552999999,7.841741538,7.568561275,7.68616405,8.086116065,8.060390157,8.127869431,8.425509914,8.890568532,8.066015256,7.725281526,7.968848184,7.939863817000001,8.200165012000001,7.666595349,7.821716384,7.704322417,6.804898923,6.9990463389999995,7.14411537,8.052657456,7.844011281,7.950952595,7.29403857,7.382624555
Ga0242637_11706,5.833033812999999,5.950712059,5.802013633,5.583727362,6.02706223,5.648361909,5.869081032,6.068500491,5.811407347,6.48765592,6.15177356,6.227265922000001,5.631803786,5.4013783470000005,5.864534518999999,6.7181940220000005,6.367372167,6.387860775,7.072315947000001,7.426186607999999,7.220579154,8.65116883,8.019906792,8.528567285,6.709044174,6.753717872,6.44716083,7.417752127000001,7.002571027999999,7.194184719,5.956689586,6.491541595,5.862700526,5.737895312999999,6.30042989,5.59225673,5.751330366,6.495236836,6.30840501,6.253374702,5.528438668,5.579486505,6.038661895,6.640175935,6.539195511,6.036923185,6.247439525,6.178165077
Ga0242637_11707,6.6243675920000005,6.703946649,7.014851951,7.184044703,7.236096697000001,7.032750478,7.175172933,7.174452366000001,7.088890139,7.248817774,7.346952184,7.152279693,7.399856099,6.90202242,6.943843041,8.116543236,7.669296257999999,7.733478177,7.442471472,7.798635997000001,7.64202684,8.3903148,8.217820435,7.999323485,6.972312201,7.246560585,6.82711972,6.606282247,6.81454626,6.978105202,7.483279124,7.197630121,7.349950425,7.3269234260000005,7.671555596,7.823292453,8.26983383,8.129083718,7.761235162999999,8.184921005,8.378394986,8.256974303,8.11682633,7.378284637999999,8.228427643,7.83136893,8.395397101,8.255525506
Ga0242637_11708,6.117354014,5.653325594,6.06093428,6.073594029,6.197104265,5.86244039,6.172522663,6.390735909,6.147438318,6.718816836,6.568196225,6.543690071,5.423897621,6.060897007,5.848192787,6.378233109,7.356035682999999,7.483706892000001,8.429936983,8.949999383,8.888692285,10.91542759,10.74483441,10.39173283,6.008417962,6.273416267999999,6.03295117,6.015672426,5.742810498,5.821720179,6.338445395,6.590926915,6.156420148,6.8385480770000004,7.031211031000001,6.7297982560000005,7.317314586,7.261955631,6.934984804,7.644077117,6.474626088,6.324664655,6.883362422,6.606926023,5.7852377310000005,6.42856251,7.854400384,8.068364611
Ga0242637_11709,6.516865246,5.950712059,6.3648146510000005,6.17375179,5.834123756,6.322441609,6.376191068,6.415620744,6.030454724,6.682777196,6.91801882,6.3765485029999995,6.218800207,6.060897007,6.061586635,6.834485387999999,7.005677887999999,6.818630182000001,7.482710467,7.866133296,7.839441879,9.542244894,9.373810305,8.933866613,6.372075965,6.743722994,6.520245445,6.308373689,6.082364551,6.350616533999999,6.409537338,6.416098498999999,6.357482551,7.1934774610000005,7.230475016000001,7.13039894,6.943631749,7.218850081,6.810194429,7.4347758829999995,5.790192407999999,6.540188594,7.01196139,6.281153743,6.794517034,6.863539144,7.282181959,7.293347061
Ga0242637_1171,9.392000095,9.36233972,9.386004088,9.053131409,8.944263577000001,9.115174813,8.987321802,9.123391468,8.959550347999999,9.947176282000001,9.418334171,9.290848863999999,9.169828297999999,9.175076579,9.330387557,9.287411602999999,9.44494418,9.416186735,10.12862075,10.30480877,10.33161328,10.63620819,10.39055325,10.47664664,9.629245496000001,9.742735647,9.510513567,9.423119405,9.25421702,9.398449176,9.047370512999999,8.942501861,9.080880927,9.249416714,9.290826467,9.141511126000001,9.021331800000002,9.262452597000001,9.163001646,9.578019361,8.818928849,9.068080676000001,9.102829656,9.002676933,9.220849543,9.173616483,9.440736199,9.501007478
Ga0242637_11710,5.003826086,5.35580836,5.267470844,5.475407059,5.586746145,5.469694346,5.2691012960000005,5.733916842,5.16379862,5.267307644,5.562780417000001,5.3988349929999995,5.451604304,5.214161193,5.055868844,6.452955864,6.367372167,6.692522689,7.817606351,8.108368837999999,7.967741707,8.657782187,8.941671096,8.349420775,4.159436799,4.293160833,4.664329848,4.666762687,4.9199410210000005,4.396006508999999,6.066467498,5.8546532970000005,5.383136995,5.951967002999999,6.165142749,5.911715405,6.809599865,7.196803992,6.884296102,6.823872422999999,6.172806286,5.7279088929999995,5.976844206,5.69966181,6.193474781,5.821404777000001,6.993114274,7.111271886
Ga0242637_11711,5.260571412,5.075358701,5.48569537,5.333525783,5.160686274,5.421298715,5.319638257,5.29636356,5.200592728999999,5.267307644,5.630544265,5.36332174,5.53163335,5.495645916,5.4313862429999995,5.6217700520000005,6.1865182,6.120081047,7.072315947000001,7.392238797,7.071413057000001,8.374341716,8.613011404,7.827366495,4.414305016,5.118838335,5.031380373999999,4.95076686,4.503972568,4.837999339,5.290825408,5.122949492,5.594626205,6.181203308,5.995960243,6.111833565,6.497069943,6.126249389,6.212927028999999,5.887248805,5.941392431000001,6.599016019,6.1548405939999995,5.169295167,5.920349227000001,5.446927207000001,6.534373737,6.4385855670000005
Ga0242637_11712,8.525471187,8.205322489,8.776967345,8.865239678,8.86086082,8.852629184,8.79020697,8.734052888999999,8.83458824,8.940603738,8.898614941,8.655274689,8.74936447,8.770806938,8.687347272,8.793927817,8.8930834,8.886291505,9.400087634,9.636205497999999,9.567660118,9.901105034,9.558544152,9.564834594,8.798917046,8.759035305,8.794836547000001,8.768252553,8.793281077,8.843149374,8.511914942999999,8.567502151000001,8.695528633,8.499528737999999,8.638077287,8.754761801,8.655453538,8.916444551,8.707014645,8.863687222000001,9.01009463,9.2348289,9.282376425,9.103357605,9.419591964,9.240134997,8.576134995,8.982434612999999
Ga0242637_11713,7.646912867999999,7.483083294,7.734210302999999,7.480208617000001,7.418797831,7.275442914,7.235228853,7.02090724,7.059389872000001,7.297266714,7.210329213,7.4161339260000005,7.413927741,7.366386035,7.307880228999999,7.009595233,7.005677887999999,7.227584355,7.848725932000001,8.470095789,8.562773046,9.717060243999999,9.733106866,9.470555841,7.092291181,7.081857942999999,6.959073255,7.167419671,7.168864803,6.6189221510000005,7.509371657000001,7.568632714,7.122856045,7.495150418,7.594795413,7.8496098210000005,7.026523678999999,6.029579036,6.708949726,6.30625242,6.971905777000001,7.150848067999999,7.027258151,7.128036692,7.501364735,7.18969335,6.452022828,6.48545294
Ga0242637_11714,6.66269713,6.305766856,6.768209882000001,6.102930507999999,5.9529722860000005,6.459972556,6.411363121,6.48779165,6.762567262999999,8.368022747000001,7.543486369,7.857714555,6.508670515,6.359469741,5.896669307000001,6.815744047000001,6.848692689,7.149767216,7.578652599,7.9462912160000005,7.936720895,8.308619469,8.105694082000001,8.208529042,6.862352284,6.743722994,7.118085895,7.149077573,7.227487346,7.030136858,7.697012153999999,7.603018087000001,7.4880233160000005,8.649692906,8.745525106,8.583921242999999,7.284016434,7.441409181,6.495792927999999,6.691129736000001,6.20301847,6.540188594,6.866449232000001,6.376367494,6.906989471,6.662419676,6.612265337999999,6.902816122999999
Ga0242637_11715,7.311449518,6.941603901000001,7.511423285,7.577262422,7.2125307979999995,7.254993272999999,7.22867823,7.5392339370000006,7.4181197029999995,7.919546112999999,8.177412556,8.064098677,7.710332834,6.994852872,7.011266357,7.946196121,7.760223162000001,7.628407446000001,8.07610913,8.629101995,8.552579458,8.981487718,8.607140528,8.47128884,7.601680206,7.438373363999999,7.226794695,7.822490727000001,7.66931045,7.784596366000001,7.873103747,7.629947892000001,7.571162792000001,8.246907515,8.525427237,8.123616751,7.813657267999999,7.698317935,7.012550107999999,7.654294432,7.470491879,7.597740665,7.667735874,7.345086954,7.7140794679999996,7.732121531000001,7.822018151,7.80792223
Ga0242637_11716,6.571620065,6.673818836000001,6.4830715329999995,6.64150585,6.575577149,6.649608346,6.490233172000001,6.6327502560000005,6.956450657,6.742351611,7.326757889,7.318155342000001,6.371028016,6.369420275,6.1837078839999995,7.058230551,7.015559501,7.059016467999999,7.336667306,7.634118621,7.552769873,7.881296366,7.542266537000001,7.925416898,6.882979518,6.763643847000001,6.505922541,6.993275294,7.115537856,7.203276837000001,6.9756598489999995,7.133192304,7.053354055,7.207391983,7.756231463,6.890631293999999,6.985673822000001,7.174415403999999,6.468505938,6.5448917589999995,5.905061516,6.177912815,6.500371027999999,6.595669797999999,6.510983842999999,6.715394002000001,6.341975574,6.776677321
Ga0242637_11717,7.028186555,7.031433598,6.615536061,6.719233055,6.914443133,6.924666512999999,6.63607883,6.390735909,6.184406567999999,5.805124462,5.695239995,5.712434593999999,6.560240017999999,6.501948327000001,7.068658919,5.823474616,5.76139589,5.851066731,5.702296605,6.4143704,5.966199916,6.602629057000001,7.272294658,6.6103830089999995,6.8414253270000005,6.9833956939999995,6.548470468,6.672029281,6.564493583,6.505801972,6.367305328,6.79521804,6.298558283999999,6.03251665,6.23437802,5.853272994,5.845938526,5.92592229,5.901816212999999,5.489094956000001,6.2900204639999995,6.370431002,5.976844206,6.281153743,6.29629906,6.086097661,5.574061733,5.449890901
Ga0242637_11718,8.701302174,8.728933811000001,8.91875217,8.772667638,8.777698808,8.76378901,8.287216528,8.279156756,8.373712536000001,6.917944803999999,6.776231467000001,7.056068182000001,9.190404244,8.991084367000001,8.987916047999999,7.801399925,7.611854076,7.418848173,7.004815763,7.101422267,6.788127941,8.548147925,8.88941878,8.192865056,8.169960943,8.097779812,8.502347775,7.492386453,8.01951783,7.966422439,8.243220054,8.258011395,8.192574765,7.763445673,7.506750769,7.463125646,8.368406927999999,8.163579152,8.108830786,7.826811618,7.849805467,8.019508894,7.926098597999999,8.174801297,8.004206773,8.20152572,7.021924626000001,7.345037764
Ga0242637_1172,10.33124205,10.24320123,10.29146973,9.840699241,9.763850302,9.855681452,9.661332905,9.770296518,9.988038194,10.9890314,10.25035915,10.22525103,9.974654528,10.11661518,9.93844432,10.22207662,10.17702617,10.27897574,11.09939748,11.57937071,11.54388185,11.9737815,11.75331855,11.92341888,10.37466918,10.25350558,10.17589487,9.996299085,10.07329194,9.905298199999999,10.0811441,10.054317300000001,10.0238497,10.03362834,10.16078176,9.977040472,9.981090209,9.752424425,9.65205973,9.864223269,8.885505585,9.289363338,8.986423893,9.803385906,10.09183026,9.914405691,9.866877639,9.807632355
Ga0242637_11720,6.354566335,6.094336532000001,6.143140283999999,6.254370739,6.3917714189999995,6.335502404,6.388010931,6.403232152999999,5.857976777,5.613580464,6.219170611,6.060653995,7.349494605,6.817395326000001,6.627793283,7.372126766,6.881488354,6.818630182000001,7.03219648,6.772322245,6.562648145,8.317000395,8.170829459,8.078178282,5.806764082000001,5.7406836320000005,5.644737465,6.13253494,6.458258782000001,6.476075542,6.168442197999999,6.506166765,6.1397226,6.707550805,7.26392048,6.83145992,8.615871965,9.638519377,8.517273592999999,7.980877635,6.744630009,7.09747948,6.742145415,6.194199727000001,6.794517034,5.933209697000001,7.780490195,8.14325076
Ga0242637_11721,11.27021295,11.3844469,11.31921314,11.30822323,11.25793472,11.31106272,11.1774757,11.1082905,11.11383885,10.76416372,10.74075451,10.88260831,11.76890298,11.71505123,11.69919487,11.45649666,11.43622441,11.31522078,10.38490187,9.397645168,9.585266943999999,8.555249677,8.202326265,8.726490927,10.99553331,11.03648629,11.04445401,11.23038414,11.1622887,11.10981915,10.68507262,10.66659436,10.88937786,10.69072998,10.59271689,10.71387531,10.999497400000001,10.98395548,11.11983448,11.07396371,11.4334266,11.38653481,11.55326903,11.44468222,11.24532113,11.3404629,11.03671401,11.03627129
Ga0242637_11722,6.171585931,6.49004648,6.174748645,5.866721347,5.658564936,6.080054989,8.597841867,9.295561562,7.136753537000001,7.558050286,7.405891121,7.8449794939999995,8.798444881,7.013990056,8.550599705,8.679479531,8.983906332,8.879078973,9.479264025,9.574497942,9.585266943999999,10.52486501,9.824487103,10.05092188,8.49186035,8.243093537,7.383723513,10.70819544,9.117605207999999,9.24409382,8.602551849,8.397731151,10.75089518,8.654777231,9.35039444,9.879170678,9.146982957,9.933219135,10.11656513,11.74245313,11.73043319,6.655532917,8.09522688,7.963617151,8.148373627,8.892666241,11.75082697,12.03442939
Ga0242637_11723,10.64748045,10.56897531,10.59663562,10.18742362,10.22070477,10.14573814,9.445392135,9.455360467,9.648522566,9.995671512000001,9.134632981000001,9.003494908,10.62977192,10.72764676,10.62118511,8.913232498,8.583582882,8.266820344,8.1403937,8.228640837,8.27727392,8.382350369,9.018876297,8.528567285,10.69548684,10.70714144,10.54722517,10.0989535,10.2655513,9.792407885,9.344029171,9.316434557000001,9.472130732,10.3162778,9.782502091,9.833760473,9.09994177,8.642564862,8.553385707,7.835816606,9.790827378,9.622400292,9.203828126,9.648794364,9.694724058,9.68026244,7.305798444,8.172149388
Ga0242637_11724,8.8441948,8.854992717,8.782095692999999,8.497639738,8.539743188,8.576054174,8.123912621,8.091444205,8.181822495,8.052471398,7.636648227,8.085909685,8.838106969,8.763291788,8.714555536,8.183809212,8.017773575,8.048437872000001,7.685943205,7.481048008999999,7.511254419,8.000569135,8.607140528,7.925416898,8.36938835,8.033652462000001,8.5273495,8.28393042,8.601689436000001,8.48537518,7.941767238,8.08394704,8.143275467,7.973376909,7.73850055,7.780941041,8.029896101,7.956205005,8.108830786,6.730321245,7.137253651,7.786556685,7.734467112999999,8.483150054,8.593415834,8.656000566,6.9030559039999995,6.462210128
Ga0242637_11725,10.34012831,10.20249697,10.28154608,10.22866258,10.25953283,10.11298708,9.791422419,9.870290258999999,9.879756131,10.43049436,9.884912247,9.972167293,10.10283328,10.06711936,10.06274395,9.758597435,9.840360443,9.844202187999999,9.687203988,9.95567632,9.948066739,10.00589515,10.60160716,10.01574545,9.96872802,9.854825138999999,9.870105152,9.948072897000001,10.20942527,9.882850329,9.608183767,9.587598655,9.705115472000001,9.952345576,9.65286207,9.601348623,9.682162968,9.57159926,9.695305732000001,8.052148145,9.905264897,9.896699799,9.96491408,9.772516997,9.874093188,9.763024459,8.556589086,8.321503244
Ga0242637_11726,3.79986984,2.884693773,3.5957216260000004,3.024689424,3.1258350760000004,2.891426793,4.259752279,4.47976412,4.099120538,4.11950463,5.020303588,4.281776014,3.9197569839999997,3.040961976,3.1287230089999998,4.904869941,3.798069659,4.291204563,3.991602028,4.182356513999999,3.003423942,5.819219846,5.996728318,6.002435286,3.425532893,3.3393896030000003,3.0152714460000003,3.609195169,3.743072834,3.8398030480000003,3.821877488,4.318388806000001,4.137988429,3.781920535,4.998102894,3.70695293,5.29418298,5.8711413839999995,4.363716926,6.111983072,3.35606442,5.122407431,3.8313353180000003,3.570185443,4.079391123,3.224318896,4.145636678,5.496599292999999
Ga0242637_11727,9.56031013,9.498780944,9.567732601,10.01918593,9.854144595,9.855681452,10.17447306,10.22326845,10.23327651,10.17482884,11.05253971,10.56314211,9.425531692,9.55611744,9.615398694,9.369950327,9.468501446,9.285906316,9.307940534,9.574497942,9.74149252,9.201123233999999,9.104713002999999,8.841456113,9.938279818,10.05785472,9.88813943,9.903656571,9.92185302,9.820731483,10.00183074,10.19729847,9.994037881,9.961606478,9.811051625,9.986387269,9.070962694,8.797022606,8.943085933999999,8.609206083,9.8704685,9.724883334,9.690292737,10.18256828,10.17273713,10.10294997,8.841391258,8.536778007
Ga0242637_11728,12.0388215,12.03962239,12.04178576,11.82747951,11.86299655,11.7567776,11.67830638,11.69336171,11.70150848,11.41875899,11.21510523,11.356271000000001,11.88453256,11.895166,11.85019361,11.10202264,10.88569854,10.73617511,9.950056365,9.459036802,9.580258311,9.159790143,8.809868466000001,9.192001600000001,11.65968808,11.61185388,11.617305400000001,11.3344364,11.65151782,11.387045800000001,11.55089648,11.45405069,11.57646335,11.08134167,10.95698362,11.134605800000001,10.91233339,11.06980855,10.98752304,10.59963165,11.37587185,11.38722949,11.35703085,11.67544352,11.85088034,11.66861246,10.63579779,10.662783500000002
Ga0242637_11729,9.1773871,9.336956973,9.266684425,9.182126824,9.121242599999999,9.130216747,9.263579202999999,9.094832487,9.183325937000001,9.200328992000001,8.949008969,8.917933045,8.960557513,9.249578815,9.004545139,9.460129504,9.612092364,9.7365849,9.964331589,10.30936184,10.18755156,10.48265494,10.73005486,10.55683914,8.4301742,8.656319677,8.668890181,8.959231837,8.990147075,9.115217224,8.718900575,8.635508736,8.828819807999999,8.721717294,8.742563679,8.526828097000001,8.768071128999999,8.868461993,9.267485714,9.021949544,9.396680471,9.225535979,9.464664444,8.668951581,8.034216107,8.516844933,9.054954606,8.936857368
Ga0242637_1173,7.554886081,7.115989655,7.334167221,7.524152109,7.369931778,7.268658555,7.215486981000001,7.279746162,7.410353145,8.085022902999999,7.799344516000001,7.812640937,7.076212309,7.356427236,7.400178666,7.384891297999999,7.379175699999999,7.30141418,7.624331064,8.339651001,7.905018121,8.194989582,8.270775652000001,7.906332902000001,7.50523903,7.456833825,7.252737269,7.440550915,7.220288616,7.050434521000001,7.168166952000001,7.206604747999999,7.044425757000001,7.567047819,7.588210381000001,7.463125646,7.215019439,7.174415403999999,6.612558363,6.500226678,7.16816246,7.402584952000001,7.423804457,6.805597266,7.145730761,6.8728940110000005,6.09283893,6.596347517000001
Ga0242637_11730,11.08409724,11.18417488,11.1204883,11.23411596,11.12126227,11.20539541,11.26286355,11.18390196,11.25760864,11.30642642,11.20615506,11.02698645,11.11354034,11.31245455,11.18636943,11.31616581,11.37377845,11.47044307,11.10585063,10.75769403,10.79208975,9.992878292,9.793804391,10.14955328,11.08719627,11.07482432,11.15456893,11.00239337,10.9410771,10.86983578,11.03064726,11.09146908,11.09347773,11.00227869,10.65152155,10.83687227,10.89314707,11.18481873,11.16402892,10.97760242,11.74010295,11.58184694,11.74921531,11.25449505,10.98352039,11.11335818,10.91824222,10.83867067
Ga0242637_11731,7.843084823,7.948835204,8.08902094,7.744470702,7.6701168310000005,7.715342149,7.181970744,7.1524379389999995,7.37088001,7.975187743999999,7.835518764,8.058593994,7.99870424,8.046104668,7.935470072,7.8108883360000005,7.234411966000001,7.157740763,7.624331064,7.481048008999999,7.401913389,6.656513704,6.6735829429999995,6.8289981410000005,7.8985270629999995,8.021304551,7.560273812,7.624355066000001,7.705840681000001,7.855494485,7.366794355,7.215523833,7.026401446,7.889586542999999,7.534418532,7.679794508,6.943631749,7.240564003999999,6.884296102,6.730321245,6.900059642,7.424416872999999,6.980871821,7.104419453999999,7.366301684,7.603238292,6.9337052329999995,6.596347517000001
Ga0242637_11732,9.019160264,8.950139369,9.100106009,8.524925113,8.527067766,8.629965315,8.088186426,8.03643413,8.017765443,8.92527753,8.556859042000001,8.780922166,8.779555978,8.943666058,8.678162599,8.212726923,7.962682791000001,7.826418178,7.642204809,7.544239417999999,7.679989496,7.523947969,7.242293719,7.700164855,8.305927699,8.34568982,8.443519353,8.249923811,8.550968047000001,8.224774522999999,7.81152965,7.781748544,7.92727208,8.505169796,8.240618429,8.255991042,7.904079276,7.81865842,7.55643847,7.446583027000001,7.915013619,7.811619916000001,7.556203486,7.932672032,8.437484108,8.186609239,7.317463146000001,7.478313195
Ga0242637_11733,8.16547601,8.316647386,8.093153616,7.8518170210000005,8.034954245,7.949645537,7.700406103,7.674080546,7.402544516,7.404356826,7.552208805,7.7388354370000005,8.17012555,8.043004279,8.156617684,7.506680518,7.531521432999999,7.5578717520000005,7.085444637999999,7.129173886,7.207638899,6.96479845,6.994849777000001,7.307763969,7.76607639,7.407070677,7.742165435,7.757406822,7.903001354,7.664685287999999,7.2400623060000004,7.267909394,7.349950425,7.655962776,7.170010198,7.248164114,6.85567705,7.364395791000001,7.625930777000001,7.189838854,7.354366525,7.176809015,7.185603978,7.66322959,7.501364735,7.597609863,7.091526534,7.16978384
Ga0242637_11734,10.36549647,10.6309874,10.59080266,10.81891786,10.95556975,11.21203798,10.37678039,10.34547516,10.60804619,10.23511149,7.316553644,6.929020851000001,10.83906243,10.98834961,10.7362765,9.90086117,9.470297709,9.469982317000001,10.32531786,9.371757468,9.716601703,9.122028261,8.037477339,8.905318799,10.83424074,11.09852319,10.94060407,9.368704795,9.478854644,9.002605658,10.85933666,10.75637796,10.94617013,10.650575300000002,10.20663048,10.99509072,10.39760243,8.451064069,9.714278872000001,7.041991197000001,11.89643909,11.70062243,12.1539981,11.76441765,11.05111373,11.34592692,6.612265337999999,7.16978384
Ga0242637_11735,8.360563254,8.208825318999999,8.390438535,8.522219685,8.680890367,8.542713051,8.393488127000001,8.262132585,8.451435231,8.412671556,7.991143042999999,7.766112872000001,8.645890605,8.462808309,8.543030447000001,8.176488275,8.149186922,7.973653685,7.981007086,7.634118621,7.847803849,7.0068739110000005,6.556467632,6.787850294,8.437159943,8.582606749,8.297520527,7.839742667,8.092273993,7.772433565,8.439144566,8.329562409,8.430341205,8.510788879,8.145165492,8.400302417999999,8.303445626,7.9297252270000005,8.290981128,8.082727501,8.691816105,8.734174255,8.901869148,8.391848752000001,8.211017903,8.434013495,7.999003525,8.255525506
Ga0242637_11736,6.571620065,6.31881479,6.15903142,7.128177693,7.114213524,6.958795025,7.140694399,7.130081982,7.108226696,6.876012557,6.90445196,6.358714253,7.119798335,6.688296319,6.9049755479999995,6.697865064,7.156185151,6.6814976470000005,6.645644281,6.772322245,6.770629604,6.458368144,5.960243686,6.32397988,6.893183402000001,7.097633469,6.4014584789999995,6.075292666,6.261650847,5.821720179,7.247833707000001,6.920543805,7.131312735,7.150909165,6.920191215,7.0287260929999995,7.142552369,7.081211592000001,6.708949726,6.30625242,8.062088204,7.930790766,7.780309673,6.8250000129999995,7.163949333,6.538522199,6.197732221,6.31426495
Ga0242637_11737,5.898883959,5.950712059,5.973732075,7.308645022,7.341246087999999,6.898528778999999,7.112505014,6.830651294,7.108226696,6.501520205,6.515595442,6.303844391,7.102521811,6.696219415,6.656167674,8.497579492,8.661124975,8.729370742999999,8.815773101,8.538921416,8.670391018,8.341854891,8.471539453,8.477766595,6.099521879,6.504203996,6.110819759,6.435031687,6.445955682999999,6.476075542,7.057544569,7.114239575,6.811647585,7.143690574,7.10689688,7.2761609289999996,9.446788563,9.714154247,9.126421466,9.512151583,8.992941555,8.14968974,8.266049365,6.8250000129999995,7.089650862,6.815831025,9.565762896,9.753692262000001
Ga0242637_11738,2.493146696,2.422088851,2.4500833419999997,3.590839983,3.273794517,3.720956082,3.9642345660000005,2.8930991230000003,1.764951351,3.316819254,2.58606159,3.275040208,4.0761650860000005,3.2570464360000004,3.632975974,4.97489283,4.875340189,4.82853269,5.2654368069999995,5.2148792639999995,4.718346846,4.393970655,4.7570015539999995,4.577747215,2.9697458610000003,2.703120283,2.501599896,2.7970937510000002,2.7038793560000003,2.8067615000000004,2.955392989,3.8303429139999996,3.278155795,3.3047612,2.78199892,3.962010465,5.540984152,5.628299527999999,5.26970062,4.864979065,4.425862026,4.442236701000001,4.319533971,3.465722858,3.190463246,3.6667322610000004,4.94560721,5.131981726
Ga0242637_11739,7.311449518,7.599761105,7.454725573999999,7.910933367,7.9708731660000005,7.839537517,8.206209024,8.087583745,8.149537596,7.374562795,7.221310959,7.3364721489999996,7.502190467999999,7.661513342999999,7.573702383,7.772554242000001,8.007912331,8.285126712,8.266728775,8.142796071,7.952314707,7.661957976,7.880825756,7.953577573,7.614065048,7.931775803,7.698798113,7.5283029720000005,7.587768491,7.866979213,7.668351166,7.675897658999999,7.718710082,7.234824367000001,6.971717625,7.351776932999999,7.692022105,8.262375401,8.003594357,8.319391719,8.764373917999999,8.455524357,8.562108169,8.073071199,7.529734682000001,7.977195412,7.947400206,8.01353019
Ga0242637_1174,4.689666095,3.6224631489999997,4.284017681,4.373715198,4.646911621,3.803363006,4.3619100589999995,4.660392731,4.569903974,4.389318268999999,4.6764910319999995,3.82092602,4.616297193,4.221805808,4.268871987,4.904869941,4.784519682,4.459643842,4.834070366000001,4.643484469,5.047435514,7.047755337000001,6.481331944,6.4872149420000005,4.159436799,3.2130425060000003,4.003383257,3.720385549,4.176888662,4.1851910939999994,4.202547268,4.174672094,4.554766425,5.121895423,4.998102894,4.315702191000001,3.19781202,4.737982187,4.4232196539999995,4.453106302,3.5755614760000003,4.754924248,4.510207018,4.309901821,4.80563102,4.658919033,4.522624281000001,4.007957471
Ga0242637_11740,3.4671807360000004,3.188618776,3.867591407,3.16318366,3.404506301,3.803363006,3.4887793030000003,3.723610747,3.618475267,4.449171825,3.516347495,3.7054419960000002,3.642811276,3.154430736,2.993237353,3.063272146,4.211803736,3.379426388,3.409865375,3.942535777,3.9413868460000003,3.9332210489999997,4.470928413999999,4.475591067,3.2934309839999996,3.3393896030000003,3.4852798330000003,3.609195169,3.071269312,3.625076574,3.275786601,3.7278747230000002,3.409177202,3.781920535,3.7955693239999997,3.775624263,4.090071432,5.162995195,3.938295756,3.7022288089999997,3.923781767,3.621276007,3.022421094,4.191477412,3.712631568,3.991945537,4.250125233,4.252491295
Ga0242637_11741,7.5205419529999995,7.687753252,7.467519169,7.987472977,7.833479137,7.889023709,8.158775196,7.811500272000001,7.8326216660000005,8.174172557,7.6529585110000005,7.731934684,7.579129824,7.547979904,7.553748248,7.597207325,7.503717441,7.796098907,7.651059274,8.176420647,7.814061043,8.071636004,8.583415117000001,8.438456384,8.21942591,8.441470547,8.293362007,8.042082537,7.9297195920000005,8.132634631,7.741716772999999,8.064340301,7.735442521,7.625203281,7.836209586,7.611126822999999,7.666413492,8.032846436,7.920557412000001,7.3865558039999994,8.303843306000001,8.047908892,8.278879689,7.95043618,7.637941192,7.603238292,6.948788762,7.443170052999999
Ga0242637_11743,9.225073715,8.975035134,8.955531634,8.938089062000001,8.922651371,9.078808771,9.222978745,9.282114096,9.006653921,9.233890802000001,8.97842145,8.862154488,9.007696202,8.968387291,8.995330431000001,8.226971224,8.25718709,8.386952347000001,7.711563245,7.634118621,7.61288418,6.87677085,6.481331944,6.787850294,8.735163451,8.793324882,8.765116693,8.579218309,8.768829978,8.593014311000001,8.869991,8.876585327,8.953215449,8.52474156,8.479918224,8.450288074,8.200165012000001,8.105619707,8.283181999,7.964549794,8.903976472,8.814880444,8.918361548,9.248610876,9.064857856,9.011688198,8.09019893,8.098787236
Ga0242637_11744,7.684623161,7.770683142,7.554029801,7.8518170210000005,7.658538752,7.821113017,7.8487085279999995,7.825476069,7.98154183,7.818071841,7.8426459820000005,7.631687192,7.448517384,7.534794999,7.476359663999999,7.279462555,7.234411966000001,7.5935708989999995,7.186378151,6.874265449,6.920949772,6.117484336,5.674972682000001,6.32397988,7.650593801,7.909614462,7.47469963,7.440550915,7.553815083,7.349663901,7.801006752,7.81145778,7.583538408,7.401436691000001,7.187546267,7.448438772,7.215019439,7.344481926,7.112811265,6.9783253720000005,8.062088204,7.803313813,7.982093365,7.695191971,7.2854112639999995,7.66911946,7.270227002,7.266789509
Ga0242637_11745,7.513573847999999,7.304656941,7.1559291929999995,7.3821289310000004,7.640995425,7.26184211,7.617608643,7.493275932,7.579182735,7.5109016660000005,7.708633982,7.475186006,7.448517384,7.453048319,7.348989828,8.212726923,7.531521432999999,7.7546553529999995,7.072315947000001,7.297596877999999,7.181404511,7.811825626,8.240754003,8.363481405,6.787737545,6.850026807000001,7.352075891,7.043797226000001,6.898150405,7.1758265660000005,7.030763461,7.241954611000001,7.229101591,6.983093519,7.352084313,6.777612331,7.640341822000001,8.304202369,7.662469789,8.036611838999999,7.709815247000001,7.983203905,7.725121082,7.448735033999999,7.163949333,7.44924558,7.157920715,7.8621370939999995
Ga0242637_11746,8.885250897999999,9.02357364,8.859338493,8.519509173,8.379750574,8.434774286,8.02911736,8.052366559,8.181822495,7.738449524,7.9975428,8.080487779,8.946110211,9.231991588,9.131097119,8.255044623,8.498116738,8.338691719,8.237637306,8.087311004,7.856117611,8.265968422,8.845212696,8.224024737999999,8.51184978,8.516699151000001,8.5273495,8.337536207000001,8.677206616,8.29446995,8.020975026,8.164424187,7.892883502,7.919470107,7.677771572,7.9044371170000005,8.303445626,8.230189429,8.310296422999999,8.777529655,7.6886592579999995,7.538917829,7.974225995,7.772129252,7.920987995,7.8969893639999995,8.849445286,8.894135604
Ga0242637_11747,10.88595671,10.77969365,11.04197088,11.33967742,11.57358408,11.46061571,11.16937891,11.29225893,11.3179858,11.02062219,11.19923233,10.79512881,11.6050023,11.06140388,10.96211187,12.06453909,11.95542742,11.47523392,11.018766000000001,11.03562671,11.06374493,10.61427647,10.89573199,10.63135607,11.36824011,11.25433502,11.354894400000001,10.49975342,10.34873692,10.43717279,10.54472789,10.29620373,10.9195791,11.11216194,10.64836071,10.99298453,12.21695056,12.49522041,11.80315601,12.53776042,12.59153428,12.18304929,12.64841923,11.31829566,11.94930214,11.62744299,12.46355711,12.797177099999999
Ga0242637_11748,11.19655695,11.20273661,11.33019531,11.27646933,11.36685718,11.27175599,11.59898444,11.68380596,11.61676169,11.916013000000001,12.48333342,12.18824985,11.09073649,10.95410451,11.00910668,10.93096361,10.79472711,10.82267398,11.38190203,11.62330599,11.60248992,11.17139128,10.80889112,11.06147553,11.29467488,11.20105532,11.18574829,11.18161507,11.32625141,11.22249011,12.29071281,12.40291777,12.04137517,11.12320805,10.9697019,11.47480591,10.95789324,10.72958167,10.90608515,10.28487782,11.40047144,11.43705869,11.58911927,11.561244300000002,11.99387965,11.67263207,10.26782312,10.24338833
Ga0242637_11749,9.077007271,9.02952771,9.130580178999999,8.790764493,8.747967482,8.76378901,8.770056847000001,8.854790397999999,8.908102637,9.215108451,9.930770465,9.706098462,8.926619276,8.913430263,8.955972734,8.817650354,8.966193447,9.03647495,9.441495100000001,8.828373688,8.912800024,8.176685337999999,7.148351292,8.161017305,9.237442717999999,9.278009749,9.115319694,8.852809666,9.094179918,9.033505309,9.618705738,9.774137931,9.218136374,8.974411633999999,9.286766432,9.262553837,8.827034865,8.690663091000001,8.744415588999999,8.424593957999999,7.950992961,8.075760425,8.297913685,8.912674391,9.167698646,9.00107106,8.53677468,8.200480342999999
Ga0242637_1175,10.83517823,10.7937548,10.99581702,11.13976166,11.10536371,11.09568947,11.44687388,11.60025902,11.60363039,11.74398048,13.06325235,12.60575296,11.00621912,10.83190624,10.80855111,11.05589523,10.96809759,10.8852064,10.41119282,10.05481393,10.08696761,10.04172966,10.43596896,10.08738026,10.65860807,10.61771475,10.71749057,10.44257196,10.46287512,10.65400714,12.26415062,12.46076315,11.83502318,11.53243667,12.44885485,12.18170906,11.74069484,12.09086488,11.49505343,12.47503661,11.25877111,11.24654605,11.12983355,11.05858916,11.39542318,11.11039775,12.14320969,12.68386596
Ga0242637_11750,13.08863994,13.00649069,12.94570017,11.93028316,11.68296399,11.79532868,11.36937959,11.47066854,11.58176379,12.66490147,12.52545474,13.03401658,13.43688614,13.58775334,13.37214572,12.31466031,12.27686196,12.08839934,11.8243411,12.33590831,12.3566196,11.31218128,10.85296487,10.97940962,13.80426688,13.84276398,13.30536103,13.52080783,13.83807155,13.48274124,11.87185729,11.87666952,11.80397022,12.95891268,12.7723845,12.97408068,11.02490362,10.65679268,10.55093741,11.04417227,10.28934701,10.92447691,10.05343565,11.84407104,12.54455615,12.18406027,11.15352765,11.02443572
Ga0242637_11751,8.413916725,8.383263281,8.289609869,8.45288029,8.246914979,8.41648367,8.196175135,8.121961444,8.116513432,8.484145843,8.096255424,8.080487779,8.145043175,8.427582486,8.339608842999999,7.98861739,7.766085853,7.831409988,7.401076959,7.272932517,7.603037577,6.94329072,6.82302007,7.322239463,8.689090466,8.819706291000001,8.484220302999999,8.28812542,8.301081917000001,8.489095613,8.052366402,7.9245279360000005,8.164022009,8.120297664,7.922491227999999,7.9151568039999995,7.71718383,8.032846436,7.738597484,7.258438003999999,8.35172899,8.156226405,8.285252304,8.015168386000001,7.650913388999999,7.998705444,7.221390161,7.2397333989999995
Ga0242637_11752,9.303901554,9.360766316,9.315249094,9.088307821,9.121242599999999,9.099974381000001,8.838309403,8.921361484,8.877456368999999,8.765204687,8.599550913,8.757332677,9.182209048999999,9.214187302000001,9.167651126,8.375022173,8.273740652,8.123609645,7.745030214,7.653353107999999,8.01305661,7.218596184,7.196087837,7.26344423,9.31722628,9.392677179,9.138685164,8.964483363,8.884866842000001,8.750096102999999,8.397847759,8.684488955,8.601322564,8.649692906,8.440256382000001,8.445366741,8.069508682999999,8.394100917000001,8.059457144,7.515464463,8.744012833,8.671677001,8.893551696,8.617070851,8.776161467,8.732448192,7.233755388,7.478313195
Ga0242637_11753,9.866723712999999,9.92648239,9.624506562999999,9.573056324,9.473087666,9.450907868,9.405311285,9.346517745,9.424030756,9.19394829,8.929062112,9.13221441,9.409824941,9.793200866,9.833772721,9.079439647000001,9.243308797000001,9.346428249,8.450366718,8.369029157,8.319969085,8.061695493,8.438858518,8.184968804,10.01498006,10.23847375,9.706183832999999,9.978240411,9.978390231,9.961275472999999,8.99063335,9.156672296,9.069930595,9.20158068,8.899696402,8.932328757,8.12695937,8.344850504,8.310296422999999,9.053165122000001,8.540653268,8.606348889,8.407126413,8.88292326,8.360621083,8.814780449,9.142773546,9.030566037
Ga0242637_11754,9.449704602999999,9.545235826,9.608718315,9.244184612,9.250229715,9.255544686,9.118836188,9.151396024,9.05973201,8.945676501,9.03861236,9.423085919,9.987644544,9.858135675,9.827555782000001,9.15959078,8.752534987999999,8.69965526,7.833250085,6.906703667,7.02790072,5.997163747,5.804244499,6.461263513,9.334164431,9.002494515,9.524771821,9.330575909,9.646587846000001,9.482963882,9.013596683,8.798640478,9.138617874,9.184104541,9.070013744,9.228584867,8.235420032,8.240998087000001,8.135066034,8.412608139,8.36512361,8.615864578,8.220222536,9.313526334,9.478976475,9.519945116,8.250855507999999,8.372195124
Ga0242637_11755,9.83354596,9.819439587,9.960449807,10.58424159,10.51995796,10.58910021,9.791422419,9.855612454,9.980193038,10.426871400000001,10.23960268,9.206263357000001,10.57527193,10.34017115,10.25876357,10.18972,9.854183795,9.624606853,9.802928368,9.363023961,9.446283378,8.28318048,7.956667266,8.601563536,10.56764383,10.5245649,10.83442971,9.684100219,9.301007441,9.52524711,9.524326902,9.383229881,9.76472987,11.16567556,9.953596734,10.05179202,10.01698477,9.718027273999999,9.895273927,9.157388752000001,12.128152499999999,11.74465632,11.86327625,9.800940555,9.737906593,9.992589859,9.075700193,9.501007478
Ga0242637_11756,6.32298345,6.252357319,6.174748645,5.9498557629999995,5.7922111229999995,5.825823053,5.88587872,6.300082209,6.00999571,6.1429633710000004,6.105018361,6.664694803,5.85525438,5.7612453420000005,5.864534518999999,5.93213082,6.1865182,6.441153191000001,7.098454785,7.357472189,7.113649792,7.3551231779999995,7.504855366,7.350761500000001,5.546235165,5.592084812,5.929268339,6.373096881,6.506445147000001,6.591464788,6.8688132170000005,6.818830758,6.644396604,6.39109574,6.765264074,6.83145992,6.018255341000001,5.92592229,5.728218357,6.357253717000001,5.62111866,6.5796728589999995,5.353497345,5.007333227,5.139386515,5.007762584,6.247439525,6.08985168
Ga0242637_11757,7.581784239,7.465616597,7.64129841,8.006957595,7.9802037839999995,7.897841558,8.287216528,8.220435542999999,8.270271961,6.998315927999999,7.611831552999999,7.242467689,6.727438012,6.623290844,7.011266357,6.976234924,7.531521432999999,7.728134927999999,7.659859696,7.574825945,7.562964599,6.364313645,5.996728318,6.038029805,5.950842988,5.7406836320000005,6.385895806000001,6.494409152999999,6.745989976000001,6.879432773,7.965518611,7.863439055,7.757454628,6.341425564,6.75353299,7.080459127,5.422921493,4.608026708,5.681317807999999,5.815991866,8.00333294,8.156226405,6.723478227999999,6.606926023,6.360976475,6.363634277,6.037371072999999,6.08985168
Ga0242637_11758,6.63725785,6.683931661,6.704750009,7.099410399,7.139428815,7.072253577000001,7.261137606,7.02090724,7.3547830439999995,6.742351611,7.071574155,6.664694803,7.04941346,7.05767906,6.98914069,7.575102911,8.089658965,7.806276326,7.358458542,7.014808626000001,7.071413057000001,6.5466481420000004,6.374626861,6.4348352570000005,6.720552861,6.78329285,7.21804235,6.435031687,6.369841377,6.632456863,6.984991397000001,6.70938396,7.197236939,7.03083363,6.765264074,7.086797081,8.286737634,8.541271984,8.194487172,8.675904458,8.203021315,7.778104527000001,8.347476197,7.247847273,7.366301684,7.332099669,8.736727551,9.01070607
Ga0242637_11759,10.27674341,10.41904898,10.29236851,10.78828426,10.69162901,10.80013998,10.89328981,10.792814300000002,10.97402659,11.02602028,10.25970571,10.16505953,10.41229224,10.60215784,10.50002437,10.91565764,11.18924641,11.35215151,12.11806372,12.16179769,12.09476395,12.22543398,12.30483533,12.20733334,11.13898738,11.29635462,11.12328657,10.85537944,10.58343781,10.7180175,11.31617626,11.40033453,11.14447128,10.59413346,10.59353884,10.72356166,11.136333,11.04072423,11.49167381,11.41989313,10.97631416,10.88665612,11.03943223,11.15795526,10.81947398,10.94133473,11.40372747,11.3109237
Ga0242637_1176,10.25810989,10.15517507,10.39216289,10.34344884,10.33327814,10.35627507,10.11802353,10.24422426,10.32697814,10.52417827,10.32348917,10.37336139,10.40702755,10.23950525,10.0530071,10.37858659,10.3577045,10.07632999,9.950056365,9.467209566000001,9.681952388,8.526630441,8.071988999,8.577639559,9.827011291,9.694305505,9.863108416000001,9.776566877999999,9.756368113999999,9.765052136,9.792072132000001,9.698262048,10.07293807,10.33302511,10.00392706,9.983844142,10.31350641,10.12043951,10.06291995,8.700758286000001,10.28230473,10.31551105,9.857835008,10.10242244,10.50819327,10.42389364,8.821057231000001,8.881068398
Ga0242637_11760,10.34406026,10.56556461,10.39300109,10.36776247,10.217750099999998,10.36026741,10.51570051,10.60779492,10.72844971,9.870566092999999,10.22468036,10.2532264,9.843092169,10.28679026,10.34108173,9.4079519,9.500496884,9.435981645,9.071249214,9.189470735,9.242616421000001,9.788102913,9.652745142999999,9.407493195,9.956625745,9.964214828,9.963347149,10.9510714,10.92346358,10.92923352,10.82079936,10.90773869,10.759099,9.539216645,10.08214441,10.17655515,9.353608667,9.324738191,9.593356321,9.583374967000001,9.800718293,9.67796228,9.739848474,10.8473249,11.03265325,10.8257633,9.531132811,9.631575398999999
Ga0242637_11762,3.1795039910000003,1.764951351,2.4500833419999997,3.16318366,3.1258350760000004,2.6922148339999996,2.664422505,3.0574123839999996,3.0232919369999998,3.780802703,2.58606159,3.82092602,3.28524747,2.587354007,2.392844266,2.697953195,3.000261432,2.452468344,3.409865375,3.00415308,2.653701924,4.632374016,4.109167166000001,3.613718618,2.9697458610000003,3.741635782,3.718506891,3.350872453,3.82616232,3.73698757,3.821877488,3.8303429139999996,2.4662029569999997,4.127524908,4.344097046,3.962010465,3.19781202,3.91283721,2.761863632,1.764951351,3.35606442,2.640110246,2.667729675,2.9134069030000003,1.764951351,3.466003933,3.442297762,2.685057094
Ga0242637_11763,3.3323533810000003,2.422088851,3.3742476210000003,2.669405787,2.744398912,2.891426793,2.4060372180000003,2.693612905,3.0232919369999998,3.450563658,3.152346767,2.855977779,2.4697179680000003,2.587354007,2.836309725,1.764951351,3.000261432,3.379426388,3.409865375,3.261710257,3.469757717,4.632374016,3.6101325589999997,3.390490989,2.9697458610000003,2.703120283,3.0152714460000003,3.196494403,3.454475608,2.8067615000000004,3.406639872,3.35722349,3.129829243,4.186997065,4.058751566000001,4.175373085,3.19781202,1.764951351,2.974604675,2.682367728,3.5755614760000003,3.239141445,3.022421094,3.224071216,3.190463246,3.224318896,3.617730023,3.525262858
Ga0242637_11764,9.545019117,9.306223158,9.644353986,10.07839353,10.11668745,10.17595125,9.64912648,9.792992305,9.925411387999999,9.007625288,8.653225962999999,8.839866702,10.02134063,9.543011146,9.328921163,10.04850404,9.88278873,9.300376887999999,9.338401689,9.459036802,9.395861906,9.276106063,9.092158601,9.234695813,9.063277822,8.795743228,9.398833036000001,8.869702079,8.918599716000001,9.066249518,9.325796621,9.142719176,9.463789122,9.656643777000001,9.310956995,9.18053177,10.11487764,9.737237961,9.769745552,8.550255521,10.15700633,9.925680142000001,10.04969775,9.525356586000001,9.750010715,9.710554464,8.433401875,8.536778007
Ga0242637_11765,5.3261307989999995,5.330128456000001,5.40772777,5.147844469,5.2254260210000005,5.539340915,5.5484716160000005,5.3750155710000005,5.305575205,5.97404317,4.914784288,5.36332174,6.0303142229999995,5.300425582,5.746021878,5.966593307999999,5.638429098,5.851066731,5.558442277999999,5.697329897,5.90322142,6.396353526,6.346665849,6.67952201,5.646550329,5.7406836320000005,5.417757568,5.796876877000001,5.9664109860000005,6.350616533999999,6.45056443,6.234718755,6.2053787279999995,6.450863924,6.565027485,6.492492842000001,5.845938526,6.421034542999999,6.092871324,5.661866713999999,5.266368163,5.323171115,5.536607461,5.8779244870000005,5.737211476000001,5.70012746,5.408498381,6.059163999
Ga0242637_11766,2.7843994210000003,3.425456982,3.245552862,3.497605637,3.8193379060000003,2.891426793,3.155796047,3.723610747,3.2040458910000003,2.9887932989999997,2.911501305,3.275040208,3.28524747,2.913262576,3.2488538360000003,3.892319216,3.465611188,3.1044040639999997,3.2071134580000003,3.648450477,3.2608517239999997,4.632374016,4.572983816,4.24518793,3.143822338,2.904468678,3.19503281,3.8225672999999993,3.34059104,3.625076574,3.6315993030000002,3.7278747230000002,3.278155795,3.51860132,3.6943890839999995,3.5571700739999996,3.7220789030000003,2.910528862,2.761863632,3.306485327,4.068024151,4.442236701000001,3.8313353180000003,2.710597517,3.4799555860000004,3.466003933,3.2361992219999998,3.707348591
Ga0242637_11767,3.79986984,3.3131841189999998,3.0999819539999995,3.285877101,2.4640428340000002,3.632791763,3.581642131,3.8835986489999996,3.0232919369999998,3.450563658,3.795137545,3.7054419960000002,4.0761650860000005,2.913262576,3.2488538360000003,3.7318454780000003,3.3308858669999997,3.4955664389999996,4.103569772,3.648450477,3.8028251330000002,4.927376411,5.259079827,4.577747215,4.159436799,3.741635782,3.0152714460000003,3.486982523,3.82616232,4.023757596,3.7303142510000002,4.2484376169999996,3.527022611,4.186997065,4.344097046,4.223785943,3.19781202,3.662028972,3.149291978,3.52051745,4.425862026,4.254488025,4.097700825,2.9134069030000003,3.712631568,3.6667322610000004,3.617730023,3.707348591
Ga0242637_11768,3.5882946430000002,4.139153812,3.5957216260000004,4.039622844,3.8193379060000003,3.632791763,3.824625541,3.723610747,3.7300873130000003,4.561592913,3.6635147669999997,3.9268758439999996,3.7419712460000003,3.518874686,3.787498028,3.547978091,3.891911795,4.405768825,4.834070366000001,6.543835915,6.270436562,8.274600126000001,8.432232528,8.017223141,4.0874184730000005,4.045959163,3.718506891,4.088157498999999,4.113784807,4.023757596,4.9879069110000005,5.160708887,3.910455573,4.7509363360000005,5.185963425,5.15595604,4.377864054,3.91283721,4.4232196539999995,3.042219942,4.526930893,5.2263368560000005,3.9712646019999998,4.309901821,3.4799555860000004,4.061967078,3.617730023,4.359912367
Ga0242637_11769,5.588691932000001,5.303976337,5.40772777,5.4977389389999995,4.984562088000001,5.445701935,5.162288317,5.349278414,4.963942665,5.827360771,5.296506438,5.171089211,5.077074477,5.300425582,5.537352457999999,5.041600655,5.041072829,5.152783744,4.954887797,4.47713225,4.790629011,5.56032048,5.581806815,5.380361131,5.806764082000001,6.064180427999999,5.386665998,6.015672426,5.9664109860000005,5.72368813,5.662190797999999,5.784238267,5.800240818,6.42725387,6.467827035,6.172785315,5.29418298,5.162995195,4.535009727,5.344228856,4.944709092,4.68310128,5.660000498,4.743881537,4.80563102,5.041675762,5.117265012,5.190157933
Ga0242637_1177,7.270697058,7.070484317999999,6.868131067999999,7.017204262000001,6.981060187000001,7.0877564689999994,6.645951942000001,6.839866905,6.798734062,7.155529801,6.515595442,6.762823569,6.956303049,6.758081747,6.549273965,6.796755582,6.54174819,6.590118555,7.05906653,7.087343419,7.1945814,6.574910802000001,6.259363603,6.265172641,5.950842988,6.259440542,6.491455609,6.537387268,6.642017826,6.300595808,6.697717175,6.79521804,7.1563890489999995,6.4969522820000005,6.604755409,6.637788707,6.900325658,7.056937216000001,6.799290216,6.630266219,7.023532482,7.176809015,7.057372902999999,6.683347072,6.949629269,6.746267497000001,6.4937874639999995,6.85010341
Ga0242637_11770,11.53172465,11.51289576,11.54451974,11.49364441,11.44515582,11.42102893,11.20275022,11.25918287,11.27534761,11.0361619,11.01360872,11.22914158,10.78529614,11.06637413,10.89532139,10.24325143,10.21394578,10.11572725,9.983732194,9.920395215,9.993986507999999,9.51336571,9.401209269,9.305588984,11.11141507,11.18638583,11.05554463,11.43621874,11.54720057,11.67198321,10.986065199999999,11.00798867,11.11760553,10.85102726,10.97096758,11.008498,10.3858847,10.32727979,10.34723573,9.58069965,9.989833338,10.37835504,9.938880158,11.2017127,11.02021372,11.27278649,9.62091016,9.403855397000001
Ga0242637_11771,11.43872087,11.49220631,11.46942073,11.253002699999998,11.33721488,11.28189402,11.22183185,11.24148783,11.34114025,10.83216381,11.21921742,11.19380335,11.04288712,11.09022111,10.99807746,10.28809104,10.22993822,10.13805391,9.373591132,8.614458003,8.892738324,7.580746799999999,6.695904429,7.536022217999999,11.22575363,10.84837049,11.29792171,11.52996345,11.65918712,11.56413422,11.03233475,10.98991773,11.14133644,10.70795222,10.5322707,10.68650663,10.21540256,10.22756339,10.23953131,9.213729918,9.921220391,10.20322453,9.668522135,11.29023914,11.59984666,11.39094421,9.46190332,9.36371186
Ga0242637_11772,6.530750531,6.331745354,6.532662844,6.131679505,6.197104265,6.227533759,6.327915275,6.245591817999999,6.030454724,6.473656714,6.384820797000001,6.445752672,5.974302285,6.010868232999999,6.144143687000001,7.209425436,7.453731597999999,7.611094382999999,8.249344399,8.272832272,8.413058227999999,9.95041708,10.25446116,9.630255587,6.776755546,7.000280496,6.629968471000001,6.919428961,6.6202908570000005,6.73638347,6.674826565,7.015545812999999,6.441574532000001,7.1144490739999995,7.312677018,6.800936852,6.943631749,6.5309503410000005,7.214774531000001,9.304083435,6.232608331000001,6.277393187,6.778769051,6.349800908,6.262835217999999,6.514802763,8.965152055,9.322419201
Ga0242637_11773,5.94116114,6.292599391,5.51076505,6.02843345,5.971856624,6.199224652000001,6.2651973110000005,6.403232152999999,6.272867711,6.854579569,6.15177356,6.060653995,5.85525438,5.99808365,6.117148726,7.692686315,7.829049692000001,8.42046164,9.446588455,9.813339827,9.712029596,10.04929403,9.950384826,9.972827936,6.234237257999999,6.341326334,6.091745041,6.151119556,6.458258782000001,6.3174635210000005,7.263251914,7.561656124,6.656171895,6.697721515,6.877600445,7.008837059,7.692022105,7.81865842,8.156569989,9.210272332,6.68172764,6.692014487000001,7.115777473,6.5262183060000005,6.360976475,6.323221721,9.026821419,9.276587246
Ga0242637_11774,11.76444279,11.76595158,11.7812449,11.36292054,11.30370333,11.22523208,11.15088504,11.11541655,11.21924259,11.54402971,11.88405349,12.00831443,11.15861656,11.42418973,11.23845537,11.17546231,11.20982041,11.21996122,11.61068757,12.42041256,12.32926634,13.12142357,13.53593868,12.7668602,12.34797253,12.39691492,12.03249888,12.478474900000002,12.600629199999998,12.53150931,11.43022065,11.26894641,11.18309254,11.82149887,11.88269993,11.82000549,10.9041419,10.99037456,10.97062832,11.17939874,10.38941531,10.4087794,10.30931924,11.06624552,11.17524034,10.95350027,11.190454199999998,11.10905599
Ga0242637_11775,9.429491976,9.607592336,9.348469928,8.38302398,8.393782365,8.679379525,8.500640326000001,8.399253521,8.44004047,8.782318902,8.530623955,9.477721062999999,8.639918513,8.938670564,8.776114121,8.491692741,8.376942023,8.403804300000001,8.581180307,9.420272829,9.210560738,11.38871175,11.85279792,10.92593802,9.506772847,9.340628934,9.237221889,9.876056575,10.38055168,10.09300646,8.902341511,8.923585355,8.579868415,9.104590215,9.237133278,9.077750273,8.352438823,8.774882185,8.653573724,8.412608139,6.900059642,7.391543735,7.115777473,8.120916615,8.219749042,8.294894787999999,8.444078965,8.255525506
Ga0242637_11776,9.429491976,9.668637149,9.311707245,8.804189687000001,8.737002336,8.751681381000001,8.776804877,8.688906326,8.948870682,8.854220236,8.595338137999999,9.017747348,8.894373846,9.448945065,9.267478352000001,8.610534246,8.613151787,8.768929919,9.142031948,9.263294911000001,9.123721004,11.22914417,12.00174209,10.84056449,9.647429329,9.67735689,9.514091364,9.727989791,10.17820267,9.932875594,9.473888671000001,9.641512746,9.121750222000001,8.953933683999999,9.235027707,9.093563512000001,8.31996229,8.650693433999999,8.824510788,9.227477985,7.577956478,7.844374008,7.5977657789999995,8.910407501,8.429979521,8.724725084,9.112975831,9.176749021000001
Ga0242637_11777,10.22970044,10.09493611,10.21769054,9.641963134,9.680459946000001,9.602864067,9.465022558,9.528366008999999,9.489972952999999,9.650577525,9.59540031,10.05742012,9.879027099,9.934562075,9.888551494,9.277181944,9.185435276,9.07485886,8.947363809,8.315709898,8.141037568,9.794118337,10.04678547,9.223176684,10.16977049,10.00867077,10.0753492,10.27093728,10.57852255,10.43331616,9.731035099,9.847655991,9.460438926,9.441108194,9.786820706,9.45601088,9.12835015,9.057626743,8.653573724,9.41637379,8.028807421,8.466085066,8.598384709,9.188141049,9.493448358,9.418276338,9.459274352000001,9.415985838
Ga0242637_11778,11.11836337,10.9134212,11.13909301,11.0645957,11.16077155,10.86620271,10.89277224,10.88075433,10.83523161,10.69279925,11.341836599999999,11.30605867,10.84296653,10.70134398,10.74564872,10.58203441,10.42315559,10.37182146,10.4215765,10.73869019,10.69000644,10.20414393,10.55204917,10.21885614,10.78991081,10.89083756,10.59107711,10.81670428,10.87846537,10.81011945,10.26652866,10.2654144,10.42110965,10.48704351,10.55270213,10.27898898,10.17057574,10.19736326,10.01781492,9.601964551,10.763969300000001,10.70356118,10.62028483,10.41459506,10.47758346,10.44363031,9.928999122,9.763219202
Ga0242637_11779,11.49107869,11.60714549,11.44497579,11.15512207,11.04218594,11.14650805,10.82385608,10.7378492,10.845343699999999,10.42050924,10.59435552,10.8527094,11.11030463,11.4742409,11.23493649,10.30497264,10.2952353,10.22879379,9.83823705,9.84713402,9.716601703,10.01364926,10.11869598,9.742096665,10.72361179,10.64210906,10.89193496,10.86734346,11.14101384,10.83591108,10.26939341,10.354870300000002,10.412467,10.32028292,10.199089500000001,10.17134923,9.856438049,9.926539978,10.264500199999999,9.28448825,9.466690896,9.795665098999999,9.341662786,10.668408,10.66663656,10.72355919,9.551023103,9.050156301
Ga0242637_1178,7.534377932999999,7.311191737000001,7.87047637,7.50782986,7.4988971929999995,7.546162484,7.248241447000001,7.402944627999999,7.441171432000001,7.404356826,7.6529585110000005,7.539838919,7.5853598820000006,7.3107410470000005,7.553748248,7.459192233,7.446447149,7.264971957,7.994983111,8.512837202,8.349709953,8.16744536,8.314668023,7.8966953570000005,7.409006884,7.181440585,7.173465107,7.386781772999999,7.255927999,7.099961851000001,7.19253277,7.276458151,7.1563890489999995,7.03083363,7.255631594,7.048344299,7.8819997310000005,7.666595349,7.214774531000001,7.10296237,7.1527909229999995,7.189616189,7.7621471589999995,6.805597266,6.7709286760000005,6.980655178999999,7.363200292,7.226012461
Ga0242637_11780,10.41118935,10.51270389,10.43267255,10.66371672,10.81014257,10.82750605,10.67468244,10.57163708,10.44377227,9.508690324,10.169077900000001,9.857988126,10.20445201,10.32238301,10.27560725,9.350567437,9.493447859,9.627479017999999,9.262452636,9.087125823,9.187690262,9.310087363,9.615214702000001,9.115143423,10.44306036,10.43974717,10.70188943,10.16544529,10.32041674,10.35597468,10.30798539,10.16544967,10.33957371,10.32427696,10.15856172,10.37721559,9.944279727,10.05151277,10.19034476,9.75929762,9.703898554,9.659678358999999,9.651359349,10.85146638,10.55723525,10.52146942,9.915636776,9.775040079
Ga0242637_11781,12.61509746,12.58584407,12.69896021,12.89073871,12.96558043,13.02514161,12.73542802,12.72440427,12.72430938,12.68114961,12.721554800000002,12.66716661,12.14755595,12.18150565,12.01951127,12.18661206,12.117218,12.16650285,12.06606212,12.01436105,12.04291596,11.075867,10.91605589,11.17344485,12.88152277,12.65675598,13.12365278,12.009561699999999,12.01619573,11.95993889,12.33764459,12.20620518,12.47981497,12.44717639,12.02384497,12.30669421,11.84565181,11.7767577,11.84811759,10.66549762,12.56385124,12.49773687,12.51109924,13.13120428,13.04488616,13.0588733,10.94291587,10.70664755
Ga0242637_11782,9.741150146,9.69759436,9.95364823,9.783108405,9.744819259,9.820179754,9.544935662,9.577357002000001,9.462080263999999,9.069348744,8.905436732,9.370748306,9.612485835,9.548486579,9.608163186,9.401687415,9.420995843,9.414524833,9.212496628,8.767903674,8.868290096,7.835356363,7.602538883999999,7.962843577999999,9.96872802,9.526823692,9.93959813,9.344740909,9.428232508999999,9.458504799,9.537061931,9.34920655,9.775554179,9.59714529,9.346498859,9.782003205,9.287967666,9.389311342000001,9.255579062,8.424593957999999,9.677301574,9.579277809,9.585762147,10.50675636,10.25784843,10.60025529,8.628559421,8.421165791
Ga0242637_11783,8.21355628,8.416966952000001,8.410447767,8.281089054,8.171541981,8.350575812999999,8.069985886,7.95825428,7.965734502,7.12900344,7.24302656,7.390066109,8.330754094,8.481249481,8.396720327999999,7.640424769,7.656727635,7.53357159,7.0456941429999995,6.6814841320000005,6.822499347999999,6.331543479,6.067026782999999,6.072762742999999,8.668461371,8.551461156,8.812378923999999,7.834014922000001,8.111849288,8.044355092,8.215756838999999,8.141216985,8.297698122,7.919470107,7.627276862,8.275532935,7.559172932999999,7.759743187000001,7.582097605,6.78717803,7.868739173,7.681706205,7.909692476,8.905863004,8.639692526000001,8.951199853,6.9030559039999995,6.7385107710000005
Ga0242637_11784,9.222939999,9.307857155,9.168279031,9.08647766,8.908061228,8.986770938,8.810079495,8.66837852,8.688165511000001,7.812528055,7.2749985310000005,7.882852174,9.095409522,9.301089499,9.269008518,7.563922307,7.503717441,7.357870575,6.140935227999999,6.4143704,5.4964242720000005,6.87677085,6.604463303999999,6.7238361179999995,9.284679021,9.264105528,9.369507702,9.11610856,8.979532047000001,9.103130242999999,8.66480317,8.709947233,8.726541398,8.198982077,8.232197264,8.430501188,7.692022105,7.729357615,7.848391063999999,7.581204406,8.449282017,8.096301694,8.172891735,8.930682405,8.678209893,9.09192454,7.282181959,7.419256131
Ga0242637_11786,11.21116158,11.19481081,11.27488367,11.22457906,11.30834023,11.28986973,11.12423606,11.12862505,11.18381855,11.51019034,12.70209809,11.90973853,11.00505809,11.13894345,10.92668157,11.24359376,11.63307396,11.74127891,12.36669307,12.85711264,12.71469902,12.87128974,12.34153945,12.77608662,11.29082398,11.37001103,11.25313022,11.14276731,10.98047088,10.73925908,11.23154809,11.33076138,11.09401831,11.5839842,11.17199257,11.38931135,11.70969684,11.97992365,11.82077054,11.99489853,11.33901632,11.11181641,11.28652574,10.79729049,10.96805966,10.92345422,11.92097355,12.24626315
Ga0242637_11787,7.7274071179999995,7.901996195,7.612791768999999,7.405814036000001,7.485852556,7.659397407999999,7.9675252720000005,7.72963883,7.592970436,7.584315871,8.810503626000001,7.925815431,7.153742127999999,7.405547147999999,7.750645601,6.907103172999999,7.225926855,7.5638833320000005,7.886704176,8.369029157,8.424283045,9.438532488,9.313800059,9.464046000000002,8.074619183,8.177839461,8.08782004,8.100500133999999,8.107955426,7.820481096,7.970222303,8.304712406,7.626035207999999,7.8634697529999995,7.541253297999999,7.796485849,7.502405071,8.105619707,8.108830786,8.675904458,7.2570999039999995,6.939624022,7.502506892,7.211465155,6.646816487000001,7.276813878,8.459947858,8.359688193
Ga0242637_11788,10.41680053,10.44897448,10.68620775,10.80674236,10.77103802,10.649073,10.31939532,10.576464900000001,10.515185,10.70631167,11.57094836,10.74632355,12.045937,10.82199374,10.67180351,11.65980999,11.21357857,11.23038937,11.37790845,11.19911638,11.11832234,10.9414062,11.01912746,10.9851041,8.804329947000001,8.371859617,8.589717723,10.21034135,10.26467726,10.38521622,8.808291378,8.432557127,9.121750222000001,10.97510065,10.76239453,10.05583346,11.14330968,11.1233577,10.91557436,11.89506781,12.09336862,11.46364965,11.80127237,8.910407501,9.025565682,9.00107106,11.99816405,12.03295336
Ga0242637_11789,10.00600785,9.960121939,9.955918987,9.398189467,9.345349091000001,9.284406178,9.09383534,9.182490896000001,9.30764834,10.6444835,10.06933892,9.941097357,9.620089545,9.885218047,9.68925795,9.047694982000001,9.247504765,9.203614545,9.037890087000001,9.215579395,9.226677615,9.47643427,9.623962636,9.199858758,10.13582556,10.3749177,9.964655146,9.592100041,9.738851588,9.42782065,9.2192036,9.402875072,9.202178359,9.809210608999999,9.40572923,9.334850145,8.681250452999999,8.413339672000001,8.517273592999999,8.561154556,8.890145527,8.725410152,8.648675172,8.757374749,8.927719697,8.78538227,8.604966055,8.748246885
Ga0242637_1179,5.119603225,4.802471659,4.860393744,4.795592988,5.092846127,5.090210633,4.7827385,4.9973908069999995,4.51177886,4.506527245,4.6764910319999995,5.086255088,4.458824889,4.890821606,4.805593356,4.97489283,4.960642513,4.745062231,5.73610727,5.2661502030000005,5.837348212,6.331543479,5.960243686,5.634681831,4.629103398,4.953533558999999,4.904712457,5.291771675,5.377094447999999,4.973300362,5.378952529,5.160708887,5.028947718,4.931737173999999,5.804121743,5.294837022,5.152609088,3.91283721,5.100962576000001,5.238749722,4.3167515430000005,5.275578888,5.252278774,4.824331003999999,4.896774386000001,5.107153384,5.451725904,4.941547642
Ga0242637_11790,8.781783242000001,9.045286123,8.7718207,9.030464491,8.900710443,8.914758034,9.179505979,8.886239575,8.940808724,8.790800466,9.324744453,8.92096951,8.732626092,8.856296325,8.959767692,9.66754547,9.912159647000001,10.12388607,10.61154915,10.40747375,10.35379553,10.32540105,10.30066012,10.49112605,8.495211218,8.810168781,8.596483954,8.750121601,8.521999266,8.743881434,8.882519508,8.926302948,8.767784903999999,8.801820403999999,8.71261014,8.887678156,8.959428987999999,9.532546108,9.925646959,10.17742759,9.515554856,9.420027597,9.803381115,9.132824284,8.360621083,8.996802228,10.18591578,10.04483301
Ga0242637_11791,11.08585937,11.1467758,11.064768699999998,10.7137749,10.74116941,10.69152082,10.70860256,10.61183173,10.66706241,11.23052671,11.36800016,11.13813989,10.97275807,11.01152939,10.94306847,10.93313698,10.80187737,10.99213759,11.15335053,11.2786636,11.2143928,11.19658834,11.24667886,11.09767123,10.94006386,10.98443758,10.8358599,10.78885323,10.85658937,10.71484383,10.750094699999998,10.84664933,10.59081625,10.65375295,10.35554628,10.40282564,10.4397711,10.65679268,10.68126149,10.8049769,10.27167644,10.21735707,10.17851088,10.38795936,10.49386952,10.3429717,10.83450056,10.69798078
Ga0242637_11792,4.06343774,3.710259249,4.398382944,3.9748242310000004,4.325924049,3.4349120319999997,4.205635493,3.8835986489999996,4.251042272,4.261120417,4.466516375,4.624800024,4.616297193,4.507248248,4.457275895,3.547978091,4.138748662,4.701380336000001,5.06615415,5.497973493,5.104939347,5.615986788,5.197383578999999,5.48758844,4.0874184730000005,4.175237798,4.08603391,4.992980103,4.176888662,4.837999339,4.949863798,5.54945943,4.605178942,4.127524908,4.633041184,4.829070251,4.090071432,4.608026708,4.824724139,4.545835038,4.068024151,5.275578888,3.6742944960000004,4.701851081,3.712631568,3.6667322610000004,4.437674205,4.552351294
Ga0242637_11793,5.4779191560000005,4.764308352,4.860393744,4.795592988,5.3173146,4.8539482210000005,4.669329099,4.702102272,4.625687201,5.017927646,5.070243604,5.433484136000001,5.423897621,4.890821606,4.8724601519999995,5.532382361,5.117168106,5.120220928999999,5.702296605,6.272086056,5.996681476,7.027459622,6.229043205,6.4872149420000005,4.725186993,5.321969697,5.322368268,5.150240853000001,5.402913625,5.210266287,4.870546616,5.044266382,4.874449673,5.121895423,5.320156877,5.4213454379999995,7.989164691,7.549724815,7.362772033,5.000863439,5.322784787,5.4570823410000004,4.510207018,5.520094777000001,5.7852377310000005,5.635402322000001,4.818322602,5.669500702000001
Ga0242637_11794,7.506571901,7.167324336,7.461136563999999,7.6924660970000005,7.903811771,7.834953414,8.098997512,7.811500272000001,8.144865902000001,6.75397629,6.730822255,7.131447644,8.161813131,8.094825337,8.021514212000001,9.174365372999999,9.016235572000001,9.209376942,9.221439039,9.132369393,9.204063231000001,9.450007944,10.01831439,9.437708845,8.010492053,7.812628556,8.102155681000001,8.215096012,8.768829978,8.746992115,8.687828776,8.955863375,8.413113479,7.03083363,7.352084313,7.557390962,8.948848583,8.929865731,9.043446592999999,9.189350957,6.57036743,7.042057949,6.500371027999999,8.737051641,8.29603829,8.385853987,9.11965094,9.140654989
Ga0242637_11795,7.757208084,7.453853444,7.821496144,8.150526505,7.952028847999999,8.059818358,8.413834169,8.374120602,8.304186897000001,7.714868732,7.98471476,7.668295131,8.374571672,8.164952852999999,8.106141305,9.148409678,9.371872457,9.452272417,9.895229815,10.22833281,10.18094952,10.66603506,11.40647071,10.74579968,8.096847839,7.85499506,8.263911741,8.296478994,8.507293746,8.533008041,9.020415003,9.416469245,8.794639695,7.739711708,7.607875932000001,7.823292453,9.520089691,9.324738191,9.404987581,9.389109938999999,7.073373025,7.907731432,7.027258151,8.957279812000001,8.606789929,8.690772062999999,9.526117091,9.634173758
Ga0242637_11796,7.35108138,7.271531015,7.473873642,7.411675001,7.445995129,7.557338131,7.140694399,7.028985796000001,7.210174541000001,6.1429633710000004,6.602224679,6.559383887999999,7.877030314,7.595318441,7.51299185,7.223707786,7.332518124,6.934578079,7.390539899,7.745855304,7.542502545,9.178306762,10.0511162,9.03834752,7.152982271,7.000280496,7.647583758,7.17650391,7.609967865,7.526666112999999,6.52926659,6.491541595,6.970934691,7.200451515,7.1252130760000005,6.7459133510000004,7.692022105,7.833018665,7.569325119,7.2176715520000005,6.68172764,6.939624022,6.386266174,6.971473851,6.863048794,7.006381381000001,7.1317289829999995,7.280129452000001
Ga0242637_11797,5.666474096,5.194270186000001,5.583435282000001,5.562710944,5.813320753999999,5.3712010779999995,5.162288317,5.497155633999999,5.40333455,4.852780008,5.020303588,4.9960046369999995,6.119067012,5.458683587,5.848192787,4.583471988,5.153734003,4.98190923,5.398451337999999,5.659621767999999,5.538577275,6.629823533,7.227055767,6.461263513,5.090900202,5.400857691000001,5.4481850220000005,5.699056265,5.638247326,5.672033075,5.228884131,5.233337442,5.232993875,4.998011383,5.634836862,4.8594032380000005,4.995296209,5.162995195,5.5826326360000005,5.578091949,4.7922398369999994,5.010237392,4.213173858999999,5.258267641000001,5.346438148,4.973014093,5.062331788,5.449890901
Ga0242637_11798,6.306927933,6.3823350670000005,6.1270713279999995,6.073594029,6.097513609,6.184858116,5.590140635,6.0367391239999995,5.834881296,5.561397691,5.4167632679999995,5.767668373999999,6.835993358,6.4928765010000005,6.355171232999999,6.157606328,5.896240317999999,5.982902284,5.801422745,5.659621767999999,5.57952102,6.488400766,7.426988232,6.380475612000001,6.386606359,6.20213732,6.432087506,6.619674112999999,6.795289529,6.549270762999999,5.260192441,5.122949492,5.618987796,6.0008374479999995,5.7811300789999995,5.574246463,6.437684056,6.902018501000001,6.212927028999999,5.9879025189999995,4.526930893,5.762726817000001,4.677691172,6.036444639,6.262835217999999,5.915170772000001,6.197732221,6.178165077
Ga0242637_11799,5.082054823,5.011930914,5.629905762000001,5.175905001,5.1934255810000005,5.237648343,5.016341639,5.0938918289999995,5.126023564,4.561592913,4.6764910319999995,5.251130599,5.53163335,5.549353464,5.728261317,5.105299126,4.736800533,4.868474378999999,4.701851585,4.79203651,4.561457885,5.37897011,4.668031599,5.538322247999999,5.29084043,5.238446731,5.477976466,5.866092029,5.983560667000001,5.6980937670000005,4.9879069110000005,4.728067906000001,4.953816253,4.931737173999999,5.150333711,4.889094575,4.818200909,5.814182763,5.301167458,5.489094956000001,4.3167515430000005,4.754924248,4.097700825,5.074360102,5.636034024,5.258711873999999,5.686739139,4.941547642
Ga0242637_118,2.7843994210000003,1.764951351,2.4500833419999997,1.764951351,1.764951351,1.764951351,1.764951351,1.764951351,1.764951351,1.764951351,1.764951351,1.764951351,2.4697179680000003,1.764951351,1.764951351,1.764951351,1.764951351,2.452468344,1.764951351,2.654240015,1.764951351,1.764951351,3.1110896560000003,3.1138557000000002,1.764951351,1.764951351,2.501599896,1.764951351,2.434624694,1.764951351,2.4650293580000002,1.764951351,2.4662029569999997,1.764951351,2.78199892,2.606994275,1.764951351,1.764951351,1.764951351,2.682367728,1.764951351,1.764951351,1.764951351,1.764951351,2.792585865,2.4396198080000002,1.764951351,2.685057094
Ga0242637_1180,4.921002898,4.600275824,4.284017681,3.7585457030000002,4.0603926580000005,4.0230464239999995,4.588244386,4.5271795930000005,4.569903974,4.614551348,5.377795913,4.948618036,4.280950425,3.666205171,3.925317194,5.6217700520000005,4.875340189,4.561454398,5.11866428,5.161685736,5.361928221,6.155449891,6.4553886270000005,6.787850294,3.844348227,4.112162506000001,4.30716112,4.439115107,4.29486285,5.2461741669999995,4.697037544,5.268303597,4.874449673,4.587308921,5.5282672889999995,4.700706096,5.540984152,6.38244659,5.204594678,6.253374702,4.870542887,5.92514813,4.8271728110000005,4.4188348369999995,4.230481,3.7560954489999996,5.686739139,6.206435961
Ga0242637_11800,4.832996613,4.764308352,4.899179735,4.831518636,4.646911621,4.77845092,4.985251777,4.742600255,4.625687201,4.261120417,4.023771416000001,4.429408888999999,5.30734308,5.098384862,5.3405469839999995,4.4900135830000005,4.582983929,4.60967979,3.8692144980000003,3.4707135389999997,4.181123441,4.835778512,4.668031599,4.7619335519999995,5.126244417,4.640457153,4.948212928,4.55761586,5.151693614,5.381364859,3.7303142510000002,4.622854853,4.391441637,4.351143767,4.467038435,4.072968604,4.615431697,5.628299527999999,4.867664457,5.292467671,3.761569239,4.351588736,3.6742944960000004,4.701851081,3.712631568,4.520141599,4.145636678,4.721248791
Ga0242637_11801,5.764010054,5.933828587000001,5.4601771160000006,5.796556695,5.511124041,5.709993708,6.1861335760000005,5.9541164339999995,5.271436136,4.665563422,5.210283856,5.086255088,5.679373022999999,5.932393488,6.032977647,6.033129442000001,6.039030937000001,6.1524210120000005,5.558442277999999,5.454529617,5.264641359,5.721208933,5.844865089,6.234841304,5.762789337,6.20213732,5.61826134,6.291727083,5.9664109860000005,5.99969934,4.742474206,5.044266382,5.264318318,5.28950145,5.660281949,5.055180197,6.097225568,6.633061821,6.45466585,7.492867699,5.790192407999999,5.323171115,6.0080859779999995,5.421062803,4.489924871,5.496430504,6.554245461,6.414566467
Ga0242637_11802,4.349151887,4.2559482730000004,3.49008882,4.271266876,3.9848634689999995,4.0230464239999995,3.667967475,3.956726771,3.3591003539999997,3.1652587430000003,3.914464957,3.9268758439999996,4.000280065,4.3921291710000006,4.457275895,5.485497969,3.979426665,3.379426388,3.2071134580000003,3.00415308,3.003423942,4.51831327,4.360694114,4.475591067,3.752046685,3.5570608089999998,3.820616643,3.720385549,4.237162325,4.578634773,3.6315993030000002,3.35722349,3.527022611,3.7001612999999995,3.6943890839999995,3.2906310889999997,3.19781202,4.966460517,4.167803702,4.545835038,3.084464068,3.775076592,3.022421094,3.991601604,2.792585865,3.8395838010000003,3.7713112289999997,4.459495233999999
Ga0242637_11803,4.877688899,4.643131277,4.398382944,4.039622844,4.384900493,4.656963169,4.028820076000001,3.8060999410000003,4.569903974,4.449171825,5.020303588,4.684252222,5.003764776000001,4.99841835,4.8724601519999995,4.035114441,4.582983929,4.459643842,4.302796251,3.803921163,3.9413868460000003,5.37897011,5.719373603999999,4.924648265,4.677973662,5.021994946,4.904712457,4.815949237,5.211486433999999,4.884561763,5.228884131,4.7778405589999995,4.653823782,4.401735515,4.684234868,4.442900175,4.377864054,4.737982187,4.638428239,4.934560538,3.5755614760000003,5.2263368560000005,3.4946380269999997,4.784684284,3.4799555860000004,4.31027734,4.145636678,5.007921351999999
Ga0242637_11804,9.220803121,9.525710086,9.396073433,9.309970195,9.259837389,9.302778205,9.456642207,9.483539509,9.519142478,9.396468073,10.00886186,9.788204265,9.142633166,9.245539212999999,9.262878095,8.943735822,8.927488656,8.942729198,9.054666076,9.494122487,9.465425458,9.872963159,10.21061052,9.800103352,9.369282705,9.264105528,9.337556007,9.556028925,9.590491519,9.578599894,9.690286032000001,9.639858076,9.591791067,8.988575176,9.012170346,9.063368618,8.655453538,8.69852582,8.986955275,8.814435611,8.940223515,8.96761304,8.706797031,9.464853648,9.539503814,9.398995892,8.857454597,8.936857368
Ga0242637_11805,7.975741369,8.404801996,7.999381388,8.147018281,8.223535748,8.075447411,7.840141841,7.773555414,7.730298764,6.928239866,7.232209659,7.2030792020000005,7.675717737,7.9988841079999995,8.006914013,7.165708966,7.054421832,6.962163197000001,6.554112267000001,6.458832903999999,6.457165661,6.574910802000001,7.330485722000001,6.352505232,8.165761254,8.339072502999999,8.362476202,8.192893687,8.031901609,8.197745295,7.373913246,7.437577271,7.441187283,7.165238766,7.0695508579999995,7.341214495,7.284016434,7.128566922999999,7.490218662,7.559622449,7.380992631,7.402584952000001,7.798246267000001,7.562857857999999,7.011311974,7.417648377999999,7.582063063,7.293347061
Ga0242637_11806,7.7274071179999995,7.707699602000001,7.577822742,7.4463490320000005,7.580926384,7.512106178,7.783182396,7.632286067000001,7.515452451,7.074439242,6.834631907,7.424719487000001,6.8042773,7.747837295,7.523289472,6.378233109,6.382738746,6.613512954,6.535085897,7.235126064,7.220579154,7.253959365,8.037477339,7.186407929,7.161447469,7.425933736,7.567180911,7.90129058,7.893984128,7.912024773,7.337961917,7.188599254,7.328049635,6.966821997,7.1252130760000005,7.148689,6.172077286,6.495236836,7.003079779,6.768474122000001,6.785088255,6.560066151,6.500371027999999,7.448735033999999,7.366301684,7.417648377999999,6.721727367000001,6.7385107710000005
Ga0242637_11807,7.548082394,7.620953435,7.81149725,7.577262422,7.574779509,7.778776491,7.513692262,7.663744951,7.402544516,7.433547515,7.356944218,7.3545591120000005,7.102521811,7.60796369,7.325642387,5.823474616,6.485939074,6.659190967000001,6.904664781,7.142851812000001,7.271208693999999,8.274600126000001,8.553198836,7.8772248639999995,7.259331327000001,7.510837876,7.4223303089999995,7.676499282000001,7.861972274,7.772433565,7.315952687999999,7.161162052000001,7.2983211379999995,6.616573237000001,6.656075567999999,6.777612331,6.097225568,6.38244659,6.743495051,6.671126478,7.432813335,6.90896764,7.278004095,7.652416054,7.089650862,7.430370486,6.790335682,7.319424115
Ga0242637_11808,6.9885176389999994,7.100980322000001,7.19492361,6.962338462000001,7.139428815,7.056582064,7.039520095,6.937527792999999,7.059389872000001,7.1986833589999994,6.715361918999999,7.261765471,7.186904744,7.158572179,7.325642387,7.928871942000001,7.5176864629999995,7.811338225,7.966894292999999,7.849552837999999,7.928860299,7.200583786,7.542266537000001,7.536022217999999,7.161447469,7.456833825,7.0895771729999995,6.659117934,6.541554465,6.65915035,7.012628766000001,7.161162052000001,6.893491971,7.03863875,7.1252130760000005,6.897859671,7.473160292999999,7.324289086,7.607308064,7.76215123,6.141944919,6.540188594,6.287979027,6.755914837000001,6.482207881,6.835104336000001,7.822018151,7.407148741
Ga0242637_11809,8.010798476,7.901996195,8.084876387000001,8.154026216,8.065957739,8.087059049,7.96358701,8.064201429,8.04810617,7.790137292000001,7.611831552999999,7.752538652999999,8.097894306,8.223636335,8.010577943,8.425301438,8.553395142000001,8.393716773,8.657846147999999,8.662704023,8.547455523,7.858509295,7.947402348,7.754535451000001,7.538108118999999,7.493060356,7.286616586,7.657165512000001,7.471335272,7.43703173,8.025501559,7.9831339020000005,7.805786656,7.777500777999999,7.506750769,7.708838007000001,8.200165012000001,7.969264771000001,7.925576555,8.500164338,8.411048832,8.390482948999999,8.172891735,7.919203832000001,8.024282216,7.968500757999999,8.286889326,8.456832689
Ga0242637_1181,2.493146696,1.764951351,1.764951351,1.764951351,1.764951351,1.764951351,1.764951351,1.764951351,1.764951351,1.764951351,1.764951351,1.764951351,1.764951351,1.764951351,1.764951351,1.764951351,1.764951351,1.764951351,1.764951351,1.764951351,1.764951351,1.764951351,1.764951351,1.764951351,1.764951351,1.764951351,1.764951351,1.764951351,1.764951351,1.764951351,1.764951351,1.764951351,1.764951351,1.764951351,1.764951351,1.764951351,1.764951351,1.764951351,1.764951351,1.764951351,1.764951351,1.764951351,1.764951351,1.764951351,1.764951351,1.764951351,1.764951351,1.764951351
Ga0242637_11810,8.685892655,8.681823051,8.758873175,8.909389252,8.960852033,8.829775469,8.758739503,8.753673246,8.750990671,9.12630704,9.16905455,8.636924847000001,8.678302333,8.528564845,8.543030447000001,8.526658181,8.619641146000001,8.430364484,8.613243557999999,8.980772669,8.944329486,8.467630003,8.70383434,8.601563536,8.653543564,8.751580281,8.606574161000001,8.192893687,8.248995577,8.108649612,8.880022496,8.974363987,8.748684582000001,9.252773635,9.002300201,8.900320265,8.894750252,8.818828337000001,8.738724339,8.418613498,9.186430842,9.078441481,9.484182453999999,8.671631135,8.586681998,8.812353355,8.322044822,8.433153017999999
Ga0242637_11811,9.453349392,9.391912905,9.48051687,9.558607005,9.389780962,9.414509104,9.290548952,9.313849506,9.299265007999999,9.673690172999999,9.357449836,9.100425742999999,9.200583199,9.338234214,9.328921163,9.002873098,9.18762066,9.032146337,9.173092542000001,9.530976522000001,9.562589874,9.263153835,9.280989575,9.219316443,9.274964861,9.337312715,8.997575146,8.803844795,8.966690041,8.62718017,9.110506184,8.976987668,9.058896506,9.034157028,8.700452372,8.807490184,9.236699391,9.123353194,9.03185861,8.944987656,9.742896627,9.740190579,9.577997664,9.032166934,9.207744278,9.095921345,9.16553137,9.211961974
Ga0242637_11812,9.913779967,9.738151979,9.840221688,9.906489518999999,9.889232465,9.898040564,9.465022558,9.557959788,9.795836171,10.12427342,9.667397361,9.600217589,9.413330138,9.526459041,9.273589299,9.317672415,9.161174984,8.928825426,9.296702318,9.631364871,9.526590267000001,9.577549415,9.678167381,9.65618651,9.585903423,9.46283161,9.635675272,8.662360162,8.798121952999999,8.721916791,9.450518963,9.429936512000001,9.488670633,9.62849393,9.190085585,9.109205287,9.4691726,9.163671882000001,8.918124996,8.99004353,9.914403919,9.532316374,9.618933556,9.159793857,9.242430508,9.361305561,8.865419682999999,9.080957671
Ga0242637_11813,7.561657812999999,7.517394365,7.669252362999999,7.785667653,7.617267266,7.759553762,8.511469991,8.451249819,8.373712536000001,8.846104508,10.77188288,9.779866357000001,7.342154292000001,7.512548612000001,7.465720054,7.7130718410000005,8.066093049,8.048437872000001,7.2460504420000005,7.029610664,7.02790072,6.263673055,6.580665552999999,6.512706494,7.028930935,7.0334677789999995,6.990255798,7.255783728,7.092065152000001,7.429304425,9.841676712,10.11035601,9.074320707,9.095270798,9.882739727999999,9.655617576000001,8.668409663,9.111623521,8.733010545,9.498042265,8.261493821,7.644990466,8.172891735,7.710911342,7.821241538,7.674476058,9.312602323,9.751300665
Ga0242637_11814,9.143945505,9.413322189,9.235246064,9.661763534,9.655929071000001,9.620281406,10.52974997,10.42486762,10.37563389,10.63744724,12.35060928,11.55697839,9.16775447,9.208664557,9.062165098,9.417297915,9.730736515,9.869897323,9.194443772,9.186173676000001,9.095914189,8.3903148,8.840216231,8.559432531,9.142340937,9.406983648999999,9.157108826,9.092318594,8.970983425,9.28960128,11.87374098,12.13663208,11.0316137,10.90749214,11.79180163,11.5952112,10.17965323,10.68080466,10.46220715,11.38734879,10.38941531,9.90448499,10.55981169,9.691665248,9.776879291,9.647960225,11.15434053,11.6117905
Ga0242637_11815,4.786832832,4.684705087,4.3423987539999995,4.514300356000001,4.82588164,4.569649976,3.748712635,3.956726771,4.321039304,4.89591963,4.466516375,4.116088736,4.402065233,4.680058891,4.583345395,4.671023263,4.138748662,3.2503850360000004,3.7340261939999997,4.926323084,4.790629011,7.027459622,7.358723352999999,6.537754228,4.725186993,4.401657499,4.555234673,4.439115107,4.846067195,4.92963042,5.434811402999999,5.400153078,4.653823782,5.794486489,6.23437802,6.287438859,4.995296209,4.737982187,4.4232196539999995,4.545835038,4.7092957680000005,5.175324517,4.8271728110000005,4.251984307,4.982365562,5.0747936430000005,3.908340615,4.252491295
Ga0242637_11816,6.306927933,5.694057138,5.781598573999999,6.043645428,5.770785618,5.7496540860000005,6.116751192000001,5.829811382000001,5.946807457,5.712555859,5.527653255,6.10415414,5.7254107229999995,5.820595878,6.103458506,5.823474616,6.019482112,5.92787885,6.214597157,6.6814841320000005,6.366830345,8.185866497000001,8.285555351000001,7.817184574,5.870293714,6.064180427999999,6.052817942999999,6.308373689,6.316763747,6.266254644,5.918146994,6.181002964,6.0352413689999995,6.303013309,6.6686247110000005,6.352082459,6.809599865,6.817827167999999,6.0194734620000006,6.630266219,5.7497599379999995,6.618102637000001,6.3623171329999995,5.914696581,5.737211476000001,5.951024488,6.686156919,6.574841795
Ga0242637_11817,8.379845405,8.243393532,8.581983162,8.616553527,8.411132299,8.42565797,8.585083055,8.838804905,8.843264385,8.542232901,8.372209248999999,8.417980808,8.053651677000001,8.287903792,8.060918955,9.287411602999999,9.141017633999999,9.114296897000001,9.656761916,10.13907419,10.12185532,10.77801696,10.59272232,10.48952439,9.574861342,9.433625893,9.435142662999999,8.940699465,8.857300829,9.041127902000001,8.869991,8.896124081,8.892358095,8.684912502000001,8.848278967999999,8.599510546,8.872529779,9.257138675,8.594929828,10.21241354,9.116877834,8.552860019,9.269578465,8.600292066,8.805455732999999,8.824448194,9.834784104,10.31638954
Ga0242637_11818,7.665891293,7.561908052000001,7.467519169,7.725776225,7.3980577389999995,7.633232239,7.935713866,7.8666087,8.144865902000001,8.187082156,7.569496947,7.458559361,7.399856099,7.620499000000001,7.683369803,8.588639841,8.522562105,8.74267804,9.227369998,9.5694454,9.358318216,10.076695599999999,10.34012637,10.15360441,8.153088311,7.79339193,8.068481465,7.739134719,7.553815083,7.784596366000001,7.827171406000001,7.962097168,7.74097713,7.818862366,7.646420202000001,7.637261929,8.217900238,8.432325196,8.370422559,8.832540446,7.811175552000001,7.945961329,8.043533441000001,7.972338009,7.877505654,7.642033844,8.787914568,8.689496187
Ga0242637_11819,5.9822274239999995,5.933828587000001,5.8615688079999995,5.604439012,5.813320753999999,5.729961299999999,5.527171992,5.7536165210000005,5.305575205,5.587727367,4.914784288,5.251130599,6.234769399,6.389117109,6.42282479,6.2160191320000004,6.132970042999999,5.5684664370000005,5.863888597000001,4.926323084,5.16019695,4.51831327,5.844865089,5.323559412,5.890859337,5.614282574,6.012805475,5.5940514310000005,5.701897872000001,5.41324651,5.837806122000001,5.658588847000001,5.842181737000001,6.048097775,5.471842435,6.073980565,6.761999476000001,6.495236836,6.000522022999999,7.041991197000001,5.20761762,5.65562299,5.447991032000001,5.914696581,5.920349227000001,5.7417055370000005,6.514223714,7.111271886
Ga0242637_1182,1.764951351,2.686586935,1.764951351,1.764951351,1.764951351,2.426167481,1.764951351,1.764951351,1.764951351,1.764951351,2.58606159,1.764951351,2.4697179680000003,2.350359106,2.392844266,3.063272146,1.764951351,2.452468344,2.620112537,1.764951351,1.764951351,2.8057856639999996,1.764951351,3.390490989,1.764951351,2.4340741830000003,1.764951351,1.764951351,2.7038793560000003,2.509444961,2.4650293580000002,1.764951351,1.764951351,1.764951351,2.491398329,2.7892875010000004,1.764951351,1.764951351,2.476742168,3.306485327,1.764951351,3.621276007,2.667729675,1.764951351,2.792585865,1.764951351,1.764951351,3.045854701
Ga0242637_11820,8.16991378,8.215805559,8.042762316000001,8.614014755,8.451939977,8.534255949,8.747332666,8.736520078,8.675265331,8.538880006,8.342353951,8.185232652,8.534416687,8.391474817999999,8.45703662,8.986222655,9.260019933999999,9.33768564,8.958103776,8.910585996,8.872393683,8.475138391,8.664800986,8.431799251000001,8.930972169,9.117154256000001,8.84115032,7.928421482,7.907488911000001,7.861248282000001,8.608597648,8.553507444,8.743180571,8.470987711,8.158559792,8.599510546,8.916633635,9.063727167,8.925658732,9.389109938999999,9.644724097000001,9.265379951,9.67823854,8.987702737000001,8.867882652,9.156496308,9.16230215,9.397751711
Ga0242637_11821,6.29069105,6.5354457870000005,6.190295742000001,5.778464962,5.536779121,5.689743465,7.840141841,8.478036751,6.388223061000001,5.8920709129999995,5.787107708,5.92163303,7.541173327,6.908855257999999,7.460370657,7.541297577999999,7.025373799,7.157740763,6.976904564,6.624096125,6.562648145,7.218596184,6.976738986,6.7238361179999995,7.152982271,7.016969696,6.184681404,10.7167784,7.726306962000001,7.790639511,7.109658157,6.683889763,8.862208751,7.054123276,7.3828523839999995,7.725175363,7.666413492,9.026731547,9.503922755,10.71146807,8.958011119,4.6073727060000005,5.698872497000001,5.28672757,5.063055895,7.658346193,10.44701949,10.77769835
Ga0242637_11822,8.758401539,8.788666383999999,8.721989369,8.972188237000001,9.009502685,9.115174813,9.323183118,9.380041381,9.19240863,8.867645801,8.898614941,8.743677723,8.779555978,8.776417717000001,8.675857264,8.822348404,8.986419083,9.116343015,8.94015915,8.969309479,8.900796515,8.938683366,9.117159089,9.011812706,8.653543564,8.61309404,8.719356302000001,9.607287205,8.519070131,8.492806476,9.027201247,8.904417493,9.339817788,8.679933473,8.306274194,8.561354426,8.755983544,9.117500279,8.955406284,9.139321127999999,10.16659941,9.804013432,10.0327563,9.333967817000001,9.190083313999999,9.28108139,9.194273599,9.092340717999999
Ga0242637_11823,8.030455024,8.126026176,8.051284086,7.991391017000001,8.10486444,8.278138853,7.907291364,8.110593016000001,8.144865902000001,8.314123228,7.925533217000001,7.9557382610000005,8.388886637999999,8.446476586000001,8.348321062,8.812936954,8.955973284,9.180331987,9.16074844,9.069339498,8.948222652,8.771913605,8.778868503,8.914897647,8.464769428,8.407084971,8.484220302999999,7.89029367,8.044179957999999,7.832246938,8.002725473,8.155186067999999,7.965594707999999,8.145802286,7.819440891,7.875455499999999,8.719100914,8.833184495,8.816428307,9.875181634,8.691816105,8.182080783,8.812047947,8.325336584,8.30427106,8.284424824,9.953491251,10.1078813
Ga0242637_11824,8.69207623,8.786323973,8.664832721,8.705095072999999,8.739751447,8.899474874,8.859654906,8.763384249,8.970151531,8.5049153,8.595338137999999,8.383173775,8.931516754,8.976534446,9.037239067,9.498794277,9.753042746,9.782404884,10.02347313,10.17444501,10.04395722,10.31706982,10.14931624,10.25324202,9.087898962,9.260608431,8.997575146,8.756190607999999,8.776208922999999,8.834402053,8.732805857999999,8.719379431,8.836593827,8.453588027999999,8.440256382000001,8.491455041,9.245371633,9.314542223,9.605915003,10.31577288,9.178866273999999,9.004302775,9.410315979,8.914937725,8.684530636,8.962189038,10.32958168,10.38587403
Ga0242637_11825,6.783557827999999,6.752799575,6.649642527999999,6.930022108999999,7.026825646,7.184652998,7.195470919,7.371530984,7.394693358,6.595000476,6.533343557999999,6.038399332000001,6.5977393829999995,6.639819505,6.466221329,7.195000127,7.592186625,7.722771805,8.576541104,8.584716332000001,8.418681555,9.612010556,9.743848085,9.366195272999999,7.867830652,8.278109456000001,7.614625707,7.61770242,7.0682037310000005,7.753994817000001,7.873103747,7.533407191,7.912634412999999,8.160176385,7.677771572,7.671387771,7.066247163,7.51451613,7.173162972,7.76215123,9.336759119,9.004302775,9.704626068,8.171018447,7.689144099999999,7.742359356000001,7.461092902000001,7.512619996000001
Ga0242637_11826,7.287136567,7.343428574,6.868131067999999,6.888579639,6.682434484,6.9755607820000005,7.0544158370000005,7.130081982,7.183078121,6.160561775,6.15177356,5.46731071,6.560240017999999,6.839022841,6.798719382000001,6.635096769,6.514114227,6.714322657,6.62779767,6.643480802000001,6.193646105,7.700910285,7.287064152,7.12166938,7.601680206,7.850348671,7.344054214,7.549431095,7.161366427999999,7.247896425,7.247833707000001,7.035832813,7.267966541,6.354004901000001,6.217379502000001,6.593939392,6.497069943,6.874497956,7.189952047999999,7.203822392999999,8.324560707,8.082640072,8.407126413,7.436179311,6.7469474510000005,7.338863642000001,6.887483154,7.557128287
Ga0242637_11827,9.961910727000001,9.850041375,9.963838607000001,10.19763248,10.21972056,10.09201353,10.55483016,10.5331313,10.50974561,10.32544528,11.860990800000001,11.13813989,10.228527699999999,9.890401579,9.81504095,10.28809104,10.26243792,10.14708888,9.794963239,9.528375087,9.610052545,9.201123233999999,9.053826228,9.05577006,9.993817066,9.771277846,9.857486492,9.477393862000001,9.629036241,9.682979473,11.28678786,11.41733667,10.88813162,10.4502356,10.99231601,11.04636407,10.63719477,10.82783721,10.47424377,10.94364962,10.25378674,10.26802319,10.31866788,10.60113296,10.70289217,10.62120516,11.06811068,11.09403508
Ga0242637_11828,7.627681306,7.862508504,7.712881156,7.987472977,7.94251354,8.194733055,7.746978247,7.658549237999999,7.692378356,7.207161145,6.776231467000001,6.929020851000001,8.07151192,7.840042365,7.573702383,6.67724492,6.792316968,6.989229997000001,6.714897079,6.168747975,6.770629604,6.629823533,6.901929214,6.537754228,7.928583672999999,7.940545855,7.946665883,7.149077573,7.421994843999999,7.128881181000001,7.315952687999999,7.250658242999999,7.571162792000001,7.34591595,6.920191215,6.954416805,6.985673822000001,6.665550105,6.873940732,6.671126478,6.804898923,6.709914332,7.027258151,7.652416054,7.412743016,7.711425200000001,6.756440132000001,6.919966869
Ga0242637_11829,8.161024543,8.049948417000001,8.349567593,8.747407847,8.79366127,8.689570268999999,8.567028975,8.433111448,8.59876339,8.038292658,7.7846168460000005,7.653763297999999,8.312096471,8.422820036000001,8.198978995,7.92013118,7.829049692000001,7.477350765,7.186378151,7.709563376,7.552769873,7.0068739110000005,7.065098646,7.036428583999999,8.478378488999999,8.34568982,8.49874046,7.781414945,7.800567964,7.961074083,7.970222303,7.63660248,8.360160201000001,8.094333892,7.506750769,7.645869407999999,8.399822399,8.032846436,7.805471474,7.1470552089999995,8.885505585,8.634709682999999,8.780820176,8.136518756000001,8.287758259,8.483670869,7.492300275,7.319424115
Ga0242637_1183,1.764951351,1.764951351,1.764951351,1.764951351,1.764951351,1.764951351,1.764951351,1.764951351,1.764951351,1.764951351,1.764951351,1.764951351,1.764951351,1.764951351,1.764951351,1.764951351,1.764951351,1.764951351,1.764951351,1.764951351,1.764951351,1.764951351,1.764951351,1.764951351,1.764951351,1.764951351,1.764951351,1.764951351,1.764951351,1.764951351,1.764951351,1.764951351,1.764951351,1.764951351,1.764951351,1.764951351,1.764951351,1.764951351,1.764951351,1.764951351,1.764951351,1.764951351,1.764951351,2.439497919,1.764951351,1.764951351,1.764951351,1.764951351
Ga0242637_11830,13.4500481,13.46734612,13.74845516,14.68784701,14.74300479,14.81125804,14.49149508,14.61062415,14.72116472,12.69890759,12.85593626,12.52847969,14.49152525,14.07252515,13.91202454,12.96539268,12.67929134,12.11499171,10.72907288,10.10106472,10.09752279,9.387722852000001,9.092158601,9.397279018999999,15.31102492,15.13988874,15.41235524,14.33149327,14.03628665,14.49520339,14.05787912,13.70291239,14.53321601,14.11048257,13.88319096,13.48599022,14.259951199999998,14.12371267,14.25782619,10.13975569,14.60840476,14.23897777,14.85013414,14.958651300000001,14.94967588,15.045505100000002,10.34105126,10.42990641
Ga0242637_11831,5.156181191,4.945517099999999,4.860393744,4.966678205,5.256720726,5.209362156,5.134278631,5.0938918289999995,5.087212789,6.051582681,5.757135615,5.289520007,6.011885495,5.99808365,5.728261317,6.000247085,6.019482112,5.811059266,5.66766739,6.141708631,5.996681476,7.688042747999999,7.5906842999999995,6.6338002970000005,5.017445148,5.523343122000001,5.220116807,5.3575774130000005,5.477676901000001,5.41324651,4.9879069110000005,5.003218235,4.554766425,5.617519654,5.320156877,5.203776183,5.152609088,5.92592229,5.681317807999999,6.9783253720000005,5.941392431000001,5.618061775,5.698872497000001,4.470215957,5.139386515,5.0747936430000005,6.739188362,7.065773967
Ga0242637_11832,8.14308,8.180561554,8.227051233,9.066191145,8.905615126,9.124594386,8.840458222999999,8.872845222,8.822938271,7.641720318,7.462514627000001,7.213027705,9.07120505,8.861584842000001,8.803825752,9.079439647000001,9.181054552,9.118386236000001,8.972300471,8.819888767,8.757281116,9.210149729,9.434742031,9.203771347,8.641497235,8.624022489,9.069854852999999,8.219495756,8.187597075,8.536607774,8.981344678,8.865300342000001,9.052235312,8.608359975,8.353626243999999,8.581680382,9.630135727999999,9.422920254,9.596506256,9.498042265,9.666523948,9.370297889,9.514329856,9.186268468,8.974895908999999,9.075825655,9.372513255,9.775040079
Ga0242637_11833,6.098811788,5.791084149,5.71854615,5.562710944,5.127172537,5.396470191000001,5.527171992,5.565714227000001,5.464967174,5.66392443,5.377795913,5.3988349929999995,6.18631923,6.4928765010000005,6.3082329779999995,6.67724492,6.837592718,7.28694767,8.22583441,7.272932517,7.521745895,10.06679151,9.991525156,9.752818298,5.227274716,6.773501864,5.591285377,6.710082709,6.18964741,5.957232736,5.918146994,5.943460536,5.64294101,5.508829662999999,5.5282672889999995,5.294837022,7.317314586,6.342794463,7.147606816000001,7.714123047,5.665297426,5.894103462,6.3623171329999995,6.194199727000001,6.482207881,6.133643244,7.007591466,7.431262679
Ga0242637_11834,5.419130355,5.381033025,5.4601771160000006,5.119216774,4.783241701000001,5.2653818569999995,5.2691012960000005,4.963699583,5.16379862,5.299605908,5.695239995,5.3988349929999995,6.218800207,6.510963307000001,6.693150564,5.705893862999999,6.442613816000001,6.7983644110000006,8.24350273,7.502421046,7.905018121,10.711240400000001,10.60308266,10.29234968,4.899551132,6.096003362,5.147612545,6.494409152999999,6.098190232,5.99969934,5.350179206,5.943460536,5.411353576000001,5.617519654,5.471842435,5.203776183,6.243220588,5.8711413839999995,6.548861672,6.9783253720000005,5.429319039,5.7279088929999995,5.809527223,6.606926023,6.949629269,6.41580927,5.919555579,6.85010341
Ga0242637_11835,3.5882946430000002,3.0479219410000002,3.0999819539999995,3.024689424,3.629237593,3.5378787089999997,3.581642131,3.19900412,3.3591003539999997,3.1652587430000003,3.795137545,3.275040208,4.0761650860000005,3.9732559860000003,4.108128152,4.389752078,4.138748662,4.405768825,5.702296605,4.926323084,4.987490939,7.236386233999999,7.748385282,7.336571028,2.757788731,3.9026848060000003,3.19503281,4.499638053,3.6541520239999996,3.36495514,3.821877488,3.925246862,3.278155795,3.180771594,3.889328561,3.2906310889999997,4.090071432,4.737982187,4.9093304369999995,5.534287024,3.5755614760000003,4.149880037,3.283209092,3.465722858,3.9089009,3.466003933,5.062331788,5.449890901
Ga0242637_11836,4.140753994,3.527960989,3.946745494,3.677498875,4.384900493,3.803363006,4.090398034,4.154517597,3.7300873130000003,3.874070482,4.023771416000001,4.024865287,4.458824889,4.507248248,4.318467398999999,5.532382361,5.475376129,5.748870973,6.394351991000001,5.2661502030000005,5.538577275,7.869947838,7.790446735,7.754535451000001,4.011281094,4.348487282,3.607398345,4.309413512,3.904206087,4.520405555,4.134656991,4.318388806000001,3.527022611,4.5432024019999995,4.633041184,4.270522828,5.422921493,5.335555734,5.064661065,6.630266219,4.944709092,4.88837244,4.319533971,3.991601604,4.896774386000001,3.991945537,5.451725904,5.929396152000001
Ga0242637_11837,3.5882946430000002,3.3131841189999998,3.3742476210000003,3.7585457030000002,3.9047313960000003,3.4349120319999997,3.824625541,3.19900412,3.0232919369999998,3.680174811,3.795137545,3.4363628139999998,3.7419712460000003,4.026822059,4.163871943999999,5.041600655,4.784519682,4.561454398,4.895776856,3.942535777,3.8028251330000002,5.997163747,5.674972682000001,5.9284816639999995,3.930480587,3.9026848060000003,3.19503281,3.609195169,4.113784807,3.209420395,3.524340602,3.493771372,3.527022611,3.180771594,3.328847895,3.47481066,4.377864054,5.335555734,4.780426735,5.182918672,4.198123123,4.254488025,3.9712646019999998,4.191477412,3.9089009,3.466003933,4.818322602,5.541826584
Ga0242637_11838,7.757208084,7.594413991000001,7.755228547000001,7.623444436000001,7.531001562999999,7.834953414,8.032880908,8.2274693,7.960426654,7.54473585,7.628423371,7.718033306000001,8.991372297,8.51743925,8.959767692,8.710222017000001,8.846817015,8.849862723,8.98285705,9.162880827,9.412865627999999,11.57317499,11.42160163,11.22729213,8.373035785,8.239544732999999,8.176295078999999,10.11675061,8.802946639,8.786832143,8.762933685,8.912663497,8.392164868,7.919470107,7.627276862,7.6755972660000005,9.070962694,9.369748749,9.515617898,9.586045333,6.843720942000001,6.9990463389999995,7.171906731,8.762411101,8.906246852,8.379309494,9.720873564,9.65479385
Ga0242637_11839,6.873435421,6.357262711000001,6.9524918389999995,9.660533939,9.330836922,10.0171194,10.22715537,10.17406464,9.844180654,5.66392443,7.3062766429999995,7.172814876,9.956750239,9.238781304,9.139486556,14.56923522,14.99468992,15.13132003,15.26464806,15.320828200000001,15.28056077,15.69234374,16.13393049,15.57215794,4.159436799,4.045959163,4.664329848,5.647517796,5.5017513760000005,6.283527792999999,11.75305986,11.43604884,10.66400142,6.783858885,6.991822982,8.356408697,15.320082300000001,15.04890424,15.38949469,16.58437631,12.58832588,12.05643668,12.99084133,12.96149187,11.99769164,12.4689099,16.5291791,16.34977057
Ga0242637_1184,2.493146696,2.686586935,2.725182339,1.764951351,2.744398912,2.6922148339999996,3.017944431,2.4271808669999997,2.506512943,1.764951351,2.911501305,2.545388166,2.963087176,2.587354007,3.1287230089999998,1.764951351,2.783394397,1.764951351,1.764951351,2.654240015,1.764951351,4.105023658,3.6101325589999997,1.764951351,2.757788731,2.703120283,1.764951351,2.7970937510000002,2.905376211,1.764951351,2.7457562139999996,2.80145218,2.4662029569999997,2.681282262,2.491398329,3.186048711,3.19781202,2.910528862,2.476742168,2.682367728,3.084464068,3.621276007,1.764951351,1.764951351,3.190463246,1.764951351,1.764951351,1.764951351
Ga0242637_11840,7.167916015,6.941603901000001,6.943358729,7.224568059,7.259283455,6.9755607820000005,9.362590573,10.01854835,7.900713398,7.678758332,7.700810755,7.571109665,8.017253636,7.26355924,8.092377152000001,8.779504748999999,8.526020725,8.565305651000001,8.361468268,7.930612109,7.975393761,9.39960799,9.55244725,9.03834752,8.186638471,8.029548227000001,7.352075891,11.60038479,8.783550315,9.068737784,8.266350787999999,8.214202496,10.27047298,8.507982072999999,8.73959616,9.294373634,9.05131476,9.427658242,8.977321176,10.78536024,10.89092627,7.391543735,7.884727937999999,7.189186705,7.070461826,8.948991935,10.73694037,10.98018847
Ga0242637_11841,10.07387421,10.134146099999999,10.01809105,9.833079243,9.801175395,9.779018274,9.814560233,9.712570707000001,9.692397879,10.2371816,10.36985006,10.1992257,9.575419548,9.741550966,9.60210575,13.59216312,14.01331721,14.36976189,14.99577592,15.13192375,15.15728306,16.20617172,16.62816365,16.15073366,9.877954105,10.00030792,9.801493089,9.585298529,9.658615064,9.45089473,11.15719482,11.24791954,10.14878709,9.691694313,9.455407037999999,9.546107807,14.11221738,14.13063033,14.18945929,14.98244506,9.674614707,9.608168873,9.769694062000001,11.10739692,10.73217015,10.60937094,15.61882043,14.724647299999999
Ga0242637_11842,8.54268259,8.65639578,8.373549491,8.006957595,7.928121815,7.915317135,7.647377178999999,7.93695628,7.79733088,8.009510013,8.066127221,8.195300609,7.936716017,8.300939847,8.310182084,7.541297577999999,8.022679026,8.459671513,9.876481287,10.23791795,10.32414275,13.6740631,14.17917313,13.40522785,7.743707942,7.773895212999999,7.836650708,7.986371455,8.150220402999999,7.895297141,8.159210013,8.499783727999999,7.897846647000001,7.7009056,7.917247252999999,7.964154665,7.836799837999999,7.496584004,8.374098507000001,9.601964551,7.089610639,7.20231055,7.423804457,7.791970991,7.366301684,7.721810497000001,10.29756188,9.605331123
Ga0242637_11843,11.77685886,11.71082313,11.79304108,11.34963015,11.25457497,11.34490123,11.66381881,11.78081861,11.92331014,13.43761061,13.13791991,12.87695389,11.69810673,11.83863379,11.77465059,11.80037559,11.82673626,11.84455221,12.49698739,13.12845473,13.06412517,14.04392314,13.79525793,13.54131638,12.54774857,12.56581913,12.41102241,12.52297687,12.32957599,12.25471573,12.49277603,12.69590466,12.27337348,12.75076298,13.02708564,12.5929317,11.67159809,11.33233619,11.17565918,11.22551252,11.39884445,11.58184694,11.61969491,11.8015868,12.28393252,11.97753623,11.36773242,11.21525411
Ga0242637_11844,9.684903797,9.579459153,9.419298800000002,9.495184894,9.422656992,9.346905422999999,9.406762085,9.343284011,9.414359478,9.57238698,8.769961737000001,8.945033845,8.7241835,8.984635846,8.8839029,8.255044623,8.149186922,8.098985172999999,7.597098003999999,8.007356657,7.7882254710000005,7.7512620089999995,7.504855366,7.572802832000001,8.872909489,8.69310791,8.613261966,8.875289209,8.738930846,8.660555482000001,8.787124122,8.625509906,9.045543217999999,9.047748653,8.528869173,8.780390228,7.925825862999999,8.219299159,7.8797627210000005,7.492867699,9.663816914,9.588972594,9.353839597999999,8.769932812,9.040425945,8.915461105,7.620231406,7.53504589
Ga0242637_11845,10.43719014,10.15062956,10.48706954,10.40495074,10.38336026,10.42344987,10.30779453,10.4241026,10.47108459,10.80381158,11.263030699999998,10.87088002,10.22354496,10.24895254,10.02248907,9.933795702000001,9.738210313,9.577857065,9.335658919,9.5694454,9.470848293,10.80060251,10.82162161,10.35701951,10.33408175,10.12092892,10.24856873,10.20591409,10.19389844,10.20128964,10.38396725,10.40930293,10.52418647,10.60992546,10.6904587,10.60500675,9.498487753,10.15513516,9.558245365,9.607232158,10.53279813,10.47823929,10.37202631,10.34831695,10.50283851,10.42627634,9.729626838,9.690184674
Ga0242637_11846,7.678406204,7.910626313,7.831426185,7.910933367,7.99408749,7.983175761,7.92360132,7.834718581000001,8.007508345,8.038292658,8.367276083,8.205298774,7.652170551,7.77798923,7.789554227999999,7.911337117,7.663025641,7.775526012,7.358458542,7.15640113,7.1945814,7.858509295,7.965873042999999,7.6436635,7.9628758610000006,7.368587513,8.176295078999999,7.726823405,7.824495429,7.638118215,7.5413369470000005,7.688761625,7.468136756,7.944600781,7.78530693,7.834630186,6.985673822000001,7.634159112000001,7.530314389,7.84476571,8.142077752999999,7.786556685,7.7621471589999995,8.197292386,7.866427077999999,7.950952595,7.822018151,8.060657615
Ga0242637_11847,9.55861911,9.760996319,9.742324323,9.161412785,9.280751703,9.212023981,9.658899867999999,9.490864464,9.653464018,10.13208185,11.07389076,9.781537797999999,10.68301397,11.55670358,11.32485243,10.18243001,10.42686032,10.85795209,12.52855265,11.62999473,11.96099184,11.74371434,10.85544316,12.21219704,11.41144171,12.50005472,11.53252986,12.30563579,11.09602579,10.96840412,10.90671773,10.99510399,10.34503406,10.02187162,10.20877782,10.62907602,11.33018217,10.7749054,10.95721369,11.83066284,10.69139509,10.72899331,11.08305694,9.81191214,10.68408991,10.42309853,10.95135937,12.10683702
Ga0242637_11848,10.61855599,10.51412007,10.58567941,10.67289292,10.59094365,10.546285800000001,10.596744900000001,10.54795505,10.56673472,9.742344387000001,9.401543958,9.784874882,10.38755763,10.65843846,10.508469300000002,9.71125907,9.890858463999999,9.869897323,9.782932477000001,9.676707957,9.712029596,10.15590945,10.46709222,10.10422347,10.16030393,10.62996347,10.27832734,10.5239637,10.29666943,10.32404684,10.27700506,10.34271614,10.30543702,9.980964197999999,9.976462911,10.16911235,9.732379038,9.786020506,9.755725356000001,9.449011378,10.21363067,10.26500265,10.37800063,10.47336201,10.57435393,10.62120516,9.283174506,9.208479106
Ga0242637_11849,9.407113971,9.394990896,9.394400082,10.08482463,10.20785727,10.21615703,9.811277464,9.640632227000001,9.862789348,9.583819886,8.357358844,8.378763239,10.51129084,10.30178147,10.21100506,9.938130708,9.766262788999999,9.654483125,9.591582836,8.934363012,8.994139091000001,9.797116669,10.00498196,9.477036437999999,10.20395926,10.33307633,10.37199634,9.394224186,9.301007441,8.922330565,9.927606542000001,9.742107073,9.885809512,10.37521758,9.957433021,10.544742300000001,9.54137293,8.690663091000001,9.169361774,9.117336975,12.09889051,11.30579912,11.77491274,10.364967199999999,10.30373364,10.18309598,8.987219994,9.05404263
Ga0242637_11850,10.41025203,10.42583655,10.296854,10.22617134,10.14495951,10.27316988,9.956040045,9.819996844,9.902072502000001,10.09717618,9.766265917,9.906282578999999,10.09303152,10.36830755,10.22131651,9.152146349,9.344711814,9.106083279,8.557833631,8.115320341,8.271070117999999,8.583312121,8.509803598,8.061023815,10.63069775,10.86631314,10.66132567,10.30341834,10.25238467,10.19333039,9.840392944,9.809894431,9.904420855,10.22180744,10.27688156,10.21320386,8.990712412,9.075851164,9.271432858999999,8.635225549,9.353655128,9.446932005,9.421929149,9.863210171,9.823443949,9.905324602,8.496310136,8.378408155
Ga0242637_11851,9.669317957999999,9.55076641,9.588371005,9.87184592,9.833704446,9.806199149,9.854445217,9.826959155,9.826787709,9.178949308,9.357449836,9.366299906,9.348895367,9.386725641,9.380794292000001,9.429665822999999,9.637893809,9.604339972,9.268217683,8.980772669,9.154376071,7.82363899,7.614296792999999,8.200718313,9.085677961,9.365260526,8.987315145,9.382502074,9.540815654,9.52524711,9.643944075,9.369317316,9.738691883,9.115694621,9.298912417999999,9.44988144,8.894750252,8.875415135,9.020176787999999,8.528207238,9.773353406,9.698258451000001,9.272788615,9.729446321000001,9.97551409,9.801467327000001,8.861442637,8.643807576
Ga0242637_11852,12.01528139,11.97373063,11.99617771,12.05249754,12.03175331,12.01534539,12.06805065,12.10153193,12.10081462,12.42129939,12.81100562,12.54308709,11.89647857,11.87547823,11.77276432,12.47503216,12.46585583,12.55666549,12.8450953,12.83228123,12.83337876,11.94636035,11.65716147,12.04888784,12.14296833,12.1414315,12.11432856,11.72667157,11.76093579,11.71431367,12.15788564,12.16624521,12.07489685,12.13835547,11.75075765,11.8656131,11.7589789,11.6210371,11.68569056,11.36730864,12.21392603,12.22484355,12.15747558,12.12241511,12.26455156,12.14553522,11.60027362,11.38452849
Ga0242637_11853,8.984312951,9.019590563,8.824965874,8.601253437,8.539743188,8.704722654,9.09922926,9.011721762,8.793394954,8.598071087000001,8.574087707999999,8.87160198,8.556777495,8.730908272,8.782556526,9.098931082,9.196329237999999,9.39274406,8.783931818,8.115320341,8.32596652,7.449650332,7.301683833999999,7.817184574,9.049668859,9.063975893,8.860954217,9.082691658,9.129176734,8.894547845,9.042912761,9.33700413,8.917009971,8.462314105,8.50809327,8.493840424,8.145612062,8.314472299,8.698244185,8.796100656,8.070289771,8.04086115,8.401271182,8.952880826,8.948877596,8.742681767,8.692638913,8.617785448
Ga0242637_11854,9.680245699999999,10.04877962,9.56624707,9.845035523,9.747553399,10.02820296,10.08396934,9.902504686,9.910352937,9.034062049,8.922351393,9.137445078999999,9.704052355,10.136384,10.04588425,10.07236379,9.889516639,10.18267334,9.265338039,8.3632012,8.457442716000001,8.482607898,8.225505546,8.47128884,10.26411796,10.45665595,10.39740193,10.13782133,9.93948625,10.19333039,9.778729768,9.988232006,9.828490002999999,9.402337405,9.136947977,9.538040712,9.38534208,9.408612202999999,9.84848066,10.36168868,9.669225913,9.56461237,10.02135046,10.31013607,9.750010715,10.08998366,10.23130801,10.27036355
Ga0242637_11855,9.498148895,9.603606743,9.627358682,9.475741341,9.605579325,9.570145862,9.290548952,9.182490896000001,9.258765035,9.545909299,9.134632981000001,9.054157847,9.466599054,9.558290292,9.464644209,8.85939194,8.919621502,8.771529021000001,8.617766393,8.149583991,8.337887092,7.43432001,7.705059965,7.796602482999999,9.417761338,9.575486233,9.228537001,9.198643411,9.240056636,9.384535117999999,9.058454998,8.937122409,9.132315595,9.264461722,9.145941285,9.132354473,8.575173557000001,8.66681444,8.421052396,9.05702,10.04912061,9.849085205,9.643940901,9.036331007000001,8.690823803999999,8.996802228,8.72364187,8.974254232
Ga0242637_11856,9.83354596,9.758608616,9.837761159,9.529266813,9.419231427,9.628249798999999,8.993128226,8.953529332,8.993723127,9.187539241,8.720531637999999,8.953955472999999,9.737993595,9.756768062999999,9.688114633,8.948041259,8.857837477,8.726694489,7.825449431,6.584525481,6.888874919,6.656513704,6.289057454,6.537754228,9.198918502,8.918439082,9.277775785,9.16710519,9.349628892,9.167228767000001,8.857352728,8.801603696,8.917009971,9.198102347999999,8.55273547,8.595073624,8.49016093,8.19726879,8.287086835,8.418613498,9.144326094,9.078441481,8.880984903,8.974742824,9.203349265,9.166032589,8.345014632,8.433153017999999
Ga0242637_11857,8.612808366,8.738658803,8.656479421,8.867372963,8.689447577000001,8.666539011000001,8.405149555,8.285910558,8.253010678999999,8.274351869,7.669086357,7.8449794939999995,8.603557221,8.856296325,8.633718518,8.543828112,8.455221756,8.3835582,6.990927757000001,5.581083416,5.90322142,5.771053014,5.674972682000001,6.072762742999999,8.440640169,8.128804994,8.454733994,8.555053324,8.483448555,8.142118057000001,7.902932149,7.846319316000001,7.965594707999999,8.636903132,8.198012139,8.108129544,8.533293443,8.549990094,8.417494328,9.060864605,9.82029898,9.361840349,9.155952189,8.655478636,8.782068105,8.563775668,8.829225269,9.239526279
Ga0242637_11858,6.257656398,6.305766856,6.190295742000001,6.343043483,6.228823567999999,6.585493385,6.490233172000001,6.17443777,5.946807457,6.261851396,5.118479175,5.564227731,6.18631923,5.86354852,6.3082329779999995,6.777513377999999,6.769133834,6.692522689,5.66766739,4.5628060999999995,4.859361138,5.243817781000001,5.37497316,5.202656485,5.911134035,5.911538587999999,6.354255845,6.551432674,6.369841377,6.334135596,6.083974248,6.181002964,5.9611066070000005,6.677859278,6.23437802,6.362579332,6.6089580539999995,6.9555306670000006,7.086151866,7.704322417,6.723966422,6.861723825,6.068599891,6.651090711,6.003829894,6.607421062,7.461092902000001,7.600303615
Ga0242637_11859,7.456582292999999,7.775415969,7.428792649,7.358048148,7.196603359,7.206117884,7.317783595,7.122552252,7.236770892000001,7.28129734,6.776231467000001,6.679129400000001,7.085035627000001,7.494500989,7.63195947,6.889289082,7.054421832,6.953026725,6.889771672,6.584525481,6.562648145,6.708453757999999,6.506815658,6.294877003,8.127403392,8.308913039,7.892707145,7.95505138,7.960277835,7.950317496,6.984991397000001,7.045870187,7.071046366,7.3646614779999995,7.08834486,7.07409317,6.311006991,6.817827167999999,6.673555041,7.2176715520000005,6.843720942000001,6.618102637000001,6.70456582,7.143569179,6.157496936,6.835104336000001,7.246015427000001,7.332287833
Ga0242637_1186,3.4671807360000004,4.011185824,3.867591407,3.590839983,3.1258350760000004,3.055524389,3.277942678,3.19900412,3.2040458910000003,3.1652587430000003,3.3486969460000005,3.086552422,2.7522056530000003,3.040961976,2.993237353,3.3312073310000003,3.000261432,3.1044040639999997,2.957841924,3.942535777,3.003423942,3.208116214,2.733434557,3.1138557000000002,3.930480587,4.112162506000001,3.349279727,3.486982523,2.905376211,3.0280757019999998,3.127659418,3.616358705,3.278155795,3.3047612,2.78199892,3.5571700739999996,1.764951351,3.347410348,1.764951351,3.042219942,3.084464068,4.527271229,3.283209092,3.0803301339999996,2.792585865,2.7107655210000003,1.764951351,1.764951351
Ga0242637_11860,6.748352842999999,7.078169042000001,6.671939309,6.611240867999999,6.550713739,6.552331937999999,6.565002964,6.427903526000001,6.2899247229999995,7.12900344,6.283547148999999,6.559383887999999,6.835993358,6.76563094,6.627793283,6.477024963,6.287974557999999,6.554298041,6.3295493679999995,6.4143704,6.457165661,5.56032048,5.674972682000001,5.768038651,6.443302782000001,6.966310644,6.656140214,6.565342306,6.674005457000001,6.577537127,6.151941432,6.416098498999999,6.386063106,6.530574726,6.30042989,6.265228373999999,5.29418298,5.814182763,5.9421174489999995,5.955130093999999,5.479739868999999,5.894103462,5.809527223,6.4779820379999995,6.082718732000001,6.502794773,5.791183595,5.6281973910000005
Ga0242637_11861,9.155179061,9.273148431000001,8.930346805,8.580597552999999,8.675157229,8.622005975,8.478733978,8.451249819,8.308370737,8.661110096,8.444250928999999,8.443545728,8.752135414,9.172241958999999,9.117571705,7.8108883360000005,8.080278755,8.373327575,7.793817868,7.554507195,7.490039605,7.218596184,7.21165498,7.350761500000001,9.13161567,9.087853054,9.096350951,9.118466121,9.406207933,9.095829143,8.227590877,8.236273269,8.338422299,8.309502344,8.062077332000001,7.857041689,7.531068389,7.324289086,7.703960322,7.905901074,7.313481831,7.508581239,7.101396765,8.498323716,8.376324855,8.287923264,7.763538259,7.879765047
Ga0242637_11862,6.63725785,6.611602823999999,6.444722903,6.460924027000001,6.419511637,6.386590438,6.058725477,6.326571788,6.090137845,6.917944803999999,6.533343557999999,6.51177938,6.658145492,6.788043912000001,6.738081898,6.000247085,6.336137352000001,6.230221713,6.036445229,6.05739422,5.803239861000001,6.517819203999999,6.374626861,6.40791227,6.524365303,6.773501864,6.792151821,6.404397687,6.482553717,6.505801972,6.066467498,6.506166765,6.221334345,6.925320462,6.630644212000001,6.585006897,6.375740119,6.029579036,6.245463007000001,6.859655011,6.172806286,6.253161323,5.944906754,6.036444639,5.737211476000001,6.133643244,6.43067678,6.617536594
Ga0242637_11863,8.010798476,8.148088388,8.12579552,8.11505424,7.8740882260000005,7.928286234,7.92360132,7.684342581,7.849948382999999,7.767393368,7.6201513279999995,7.639083514,7.8041236220000005,8.18196461,7.962205053,7.902489097999999,7.663025641,7.5935708989999995,7.5599681510000005,7.491774135,7.332092723,7.322184567000001,6.939819689,7.307763969,7.908615697999999,7.957927563999999,7.836650708,7.873639452999999,7.889454282999999,7.9340306720000005,7.668351166,8.009005508,7.614020537999999,7.352191585,7.435165134,7.099389963999999,7.349860838,7.460036408,7.721382902999999,6.357253717000001,7.458041465,7.769602536,7.446732691,7.741845144,7.199709733,7.6798128310000005,6.739188362,6.390139383999999
Ga0242637_11864,7.287136567,7.368708807999999,7.441817425,7.31491381,7.01778812,7.103094337000001,7.076474622999999,7.04500827,7.146138354,7.12900344,6.404246792,6.5278231920000005,7.162104601,7.49903412,7.422358543,6.4284771339999995,6.859707762999999,6.887395462000001,6.238335006000001,6.736671761,6.245292997000001,6.331543479,5.674972682000001,6.1721872939999995,7.203043261,7.128675648,7.252737269,7.37104345,7.255927999,7.357828895,6.94729695,7.276458151,7.026401446,6.736642322000001,6.424071346,6.124232647,6.761999476000001,6.846441292000001,6.934984804,6.170220277,6.547022713,6.655532917,6.4329998989999995,7.304213373,6.3290014789999995,7.1594421729999995,5.7224077289999995,5.669500702000001
Ga0242637_11865,5.506428846,5.846293105,5.434193744,5.406232445,5.256720726,5.627213106,5.5484716160000005,4.963699583,5.305575205,5.200420057,4.540104715,5.129307492,5.557342343999999,5.932393488,5.928099412999999,4.035114441,4.409928452,4.94510423,3.7340261939999997,4.5628060999999995,4.066657595,3.9332210489999997,3.3872535110000004,3.967222743,6.08175786,5.592084812,5.840561032999999,5.673519212,5.9664109860000005,5.797834247999999,5.228884131,5.4617641070000005,5.168190876000001,4.931737173999999,4.467038435,4.918171513,4.377864054,5.0681414689999995,5.5038699,4.714516113,5.20761762,5.175324517,5.447991032000001,5.567146612,5.469417836,5.590564405,4.145636678,4.459495233999999
Ga0242637_11866,7.684623161,7.672610302000001,7.486499171,7.687644064,7.537337531,7.579432853999999,7.95170728,7.839317717,7.849948382999999,8.019168194,7.490013625,7.3364721489999996,7.502190467999999,7.661513342999999,7.295916011,7.608133735,7.9779174589999995,8.022483969,8.029341869,7.866133296,7.983005427999999,7.067769123,7.082138435,7.536022217999999,7.85223389,8.162928711000001,7.748255651,7.535380139,7.471335272,7.569476568,7.615280431,7.781748544,7.93694863,7.1934774610000005,7.11608408,7.3359041089999995,6.85567705,7.151673496,7.549951694,7.284988808,8.331400902999999,8.175660508,8.266049365,7.963617151,7.501364735,7.7776299479999995,7.036116594,6.936915806
Ga0242637_11867,9.782303276,9.687588077000001,9.768397777999999,8.118640983999999,8.223535748,8.059818358,9.493976254,9.686012377,9.828245157000001,9.407540007,9.601714234,10.72476667,9.279528182,9.374446479,9.441761822,8.926384409,8.462460091,7.496335687999999,7.124127892000001,6.543835915,6.366830345,9.38373928,7.790446735,9.05577006,11.56561065,11.18960755,11.600996499999999,12.10686269,12.16273278,12.90489473,9.406087383,9.244219318999999,10.33226094,10.53470396,10.9023076,10.3399174,7.317314586,8.69852582,7.347889896,10.11593221,6.744630009,7.0700351679999995,7.513407397999999,7.868715542,8.328691121,8.069529036,9.838835057999999,10.55447211
Ga0242637_11868,11.47368681,11.77631588,11.53771401,10.23940852,10.42835804,10.32883019,11.5284357,11.62143686,11.76490568,11.36012834,11.58588762,12.58436758,10.79875923,11.14473893,10.78681916,11.12025919,10.65877721,9.943193657,10.02347313,9.631364871,9.686620663,11.4885339,10.01610086,11.25300845,13.12900086,12.7236878,13.38469753,13.50850235,13.66753237,14.36549044,11.35310245,11.14377623,12.26235371,11.76355359,12.19905476,11.74614751,9.05131476,10.85094914,9.596506256,12.31443548,9.047959191,9.17493665,10.09755098,10.09245874,10.40097244,10.18027538,12.10713826,12.76819489
Ga0242637_11869,5.448827833999999,5.791084149,5.535401821000001,5.519726584,5.3173146,5.769079584,5.48359454,5.587854455,5.0473067160000005,5.299605908,5.726522462999999,5.086255088,5.146769223,5.549353464,5.616801532,5.705893862999999,5.852687421000001,6.1036337529999996,5.2654368069999995,5.540133262,5.538577275,6.758584973,6.346665849,6.2038558429999995,5.4383337670000005,5.838106441,5.696262601,6.035822317,5.821286186,5.797834247999999,4.910764331,5.044266382,4.746292825,4.965263925,5.185963425,4.829070251,5.650022798999999,6.029579036,5.81764587,6.253374702,5.665297426,5.762726817000001,5.252278774,4.658514133,4.7081409160000005,5.678876289,5.612616484,5.786702919
Ga0242637_1187,3.981339932,3.425456982,3.245552862,3.024689424,3.273794517,2.891426793,3.667967475,2.693612905,3.2040458910000003,3.1652587430000003,3.516347495,4.116088736,3.28524747,3.040961976,3.925317194,4.035114441,3.000261432,2.728466907,1.764951351,2.654240015,3.469757717,1.764951351,2.733434557,3.390490989,3.143822338,3.2130425060000003,3.607398345,3.350872453,3.214162602,3.625076574,3.406639872,2.80145218,2.747370773,2.681282262,3.463431424,3.47481066,3.7220789030000003,1.764951351,3.149291978,1.764951351,2.713663973,3.775076592,3.022421094,2.9134069030000003,3.190463246,3.080556652,1.764951351,3.045854701
Ga0242637_11870,8.22212852,8.438011833,8.249441881000001,8.268229074,8.376221194,8.257735197,8.098997512,8.18112451,8.213400512,7.6291598270000005,8.096255424,7.491623078,8.615779777,8.637398422999999,8.488903419,8.183809212,8.240441337,8.565305651000001,8.595009061,8.589716057999999,8.679787755,8.406112933,8.613011404,8.589651146,7.656592956,7.936167495,7.881668824,7.862428821,7.824495429,7.855494485,7.4227847460000005,7.582485425,7.5958087,8.421133034,7.796774927,7.890019112,8.575173557000001,8.46956262,8.594929828,9.098757407,8.23255386,7.868460415,8.138107072,8.077119502,7.910239703999999,7.658346193,9.216239355,9.151578337
Ga0242637_11871,8.465366889,8.716684642,8.490954858,8.343723317,8.333180958,8.72220159,8.158775196,8.129490916,8.248662887,7.672651022999999,7.700810755,7.318155342000001,8.853671419,9.153679904,8.919413802000001,8.349209651,8.384582969,8.359572875,8.317659001,7.914760661,8.020472574,7.713664007999999,7.890526952999999,8.052369452999999,8.22750762,8.136458119,8.382189249,8.076446362999999,8.056354656,8.229230556000001,7.463395061,7.334920497000001,7.7683359439999995,8.260313011000001,7.9586746470000005,7.529752836,8.200165012000001,8.304202369,8.915604982,8.777529655,8.188025139,7.699719332000001,8.109662395,8.335511046,7.73859095,8.109621134,8.998128645,8.898465167000001
Ga0242637_11872,11.26348148,11.26125329,11.32625135,11.40904503,11.39503105,11.44979035,11.65530004,11.74052079,11.77060219,12.44276056,12.65430264,12.36363658,11.20990495,11.16911321,11.21522927,11.92244906,11.91346291,11.97458524,12.28161129,12.55717939,12.50109309,12.47751327,12.576737800000002,12.3305379,12.31801339,12.157503300000002,12.25246137,11.74204209,11.883568400000001,11.70834197,11.97285154,12.05455669,11.89550324,11.97342905,11.83623138,11.9628692,11.7589789,11.55761205,11.560631599999999,11.75377883,10.96316334,11.24884119,10.83528982,11.85825295,11.94074707,11.77651036,11.91283026,11.76604946
Ga0242637_11873,11.09054787,11.26336005,11.26347057,11.2027821,11.13855068,11.23570116,11.34914905,11.34696576,11.42154798,11.28757287,11.91649411,11.71401499,10.79875923,11.07702148,10.92182625,10.66544972,10.87827652,10.82079313,11.33529453,11.44926833,11.49880622,10.82136805,10.54745832,10.92948636,11.13577079,11.16970237,11.21736576,11.36702146,11.45327884,11.45994097,11.84330272,11.91616544,11.57220166,10.93752663,11.13577302,11.26041059,10.5523787,10.38931379,10.67233313,9.821805397,10.63860533,10.73882424,10.47455902,11.53977346,11.58218362,11.42787697,9.999453927000001,9.58667186
Ga0242637_11874,8.648223993,8.558213977000001,8.373549491,7.931472498,7.928121815,8.264568536,8.402243025,8.423956005,8.177254376,8.793616607999999,8.864013526,9.216185099999999,9.151055635,8.953605446000001,8.810145845,8.467902513,8.519095172,8.740026384,9.357456442,8.815627518,9.099419494,9.088155784,9.032081948,9.279873992,8.464769428,9.468905557000001,8.652750447,9.182960486,8.763889628,8.554472911,9.402612208999999,9.760497409,9.018460004,8.719292642000001,9.100403381,8.972221361,8.719100914,8.46956262,8.741572771,8.01298899,8.303843306000001,8.156226405,8.297913685,8.928443659,8.933038336000001,8.817203466,7.6574153570000005,7.662735163
Ga0242637_11875,4.963023044,5.277334048999999,5.144354881,4.900722199,4.739261539,5.120951485,5.782004859,5.63113131,5.40333455,5.78253743,5.8452330660000005,5.433484136000001,4.7121471669999995,4.99841835,5.055868844,7.541297577999999,8.414748305,9.146691552,10.809355199999999,11.7922084,11.48480325,13.446895000000001,13.63716933,13.06208011,5.259413193,5.65766969,5.35488028,5.420473985,5.453188999,5.096740307,6.066467498,6.217035715,5.77880057,6.328735186,5.70985271,6.298416699,12.2550224,11.88407022,12.29847683,8.059853983,7.577956478,6.87764457,6.832015077,8.077119502,7.366301684,7.5400830260000005,8.378797718,8.164978834
Ga0242637_11876,5.561794167,5.694057138,5.40772777,5.406232445,5.4849991860000005,5.86244039,5.834883106,5.884410158,5.40333455,6.261851396,5.726522462999999,5.767668373999999,6.495484058,5.918886473,6.018456382,7.223707786,7.552028101,7.821409029,7.87918812,8.156340113999999,8.042494372,9.201123233999999,9.306573058,8.905318799,5.597273116,5.96424484,6.052817942999999,5.389372969,5.402913625,4.884561763,5.614698535,5.877376281,5.800240818,6.0008374479999995,6.251177785,6.04817904,11.33628352,11.07887258,11.55699816,7.5266314020000005,6.499165323,6.499590174,5.878815011,7.591446955,7.598309286,7.297795337,7.862383586,7.454979879
Ga0242637_11877,5.003826086,5.828125547000001,5.434193744,5.8320685789999995,5.6110890179999995,5.605746624,6.073453281,5.792220714,5.305575205,5.993824463999999,5.4167632679999995,5.251130599,5.505452737000001,5.86354852,5.848192787,7.372126766,7.915988688,8.263131023,9.224407567,9.559286916,9.233074285,10.89037712,11.11118174,10.41891437,6.08175786,6.443721711,6.305450711000001,5.820322182000001,5.742810498,5.53408641,5.752690304,5.8546532970000005,5.466163537999999,6.093851225,5.734008437000001,6.111833565,11.368395300000001,11.02361401,11.89875455,8.725191135,6.744630009,6.151927777999999,6.478262735,7.5336903710000005,6.620656288999999,6.786428602000001,8.998128645,8.694484512
Ga0242637_11878,8.395087658,8.633121595,8.439950605,8.890633214,8.81467345,8.671688941000001,8.761010086,8.483922446000001,8.492462383,7.531297307999999,8.084279561,7.682681968,8.746588194,8.99429785,8.936846733,9.129579743999999,9.255860262999999,9.417846724,9.126247209,8.815627518,8.900796515,9.073391945,9.145789053,9.156104995,7.464780629,7.534205292,7.294963429,8.329417728,8.172762436000001,8.432255675,7.752679678,7.840567272,7.8778907479999996,7.885266457999999,7.541253297999999,7.6629317310000005,9.061172177000001,9.474201457000001,9.639898069,9.422363082,9.302361592,8.657925038,9.025010062,7.371705984,7.251739681,7.619992937999999,9.289108289,9.415985838
Ga0242637_11879,7.739401513,7.840094497000001,8.068178038,8.403750547000001,8.288816801,8.205426382999999,7.800949214,7.871107404,7.933590367000001,7.455059061,7.603463491,7.372421935,8.508429682000001,8.51743925,8.324970507,8.863956206000001,8.924871035,8.74267804,8.726460223,8.709388481,8.572895104,7.53835883,7.344673683,8.043662846,6.134403816,5.546626726,6.220235017,6.897615492999999,7.176324364,6.913080226,6.627923496,6.38477716,6.822136133,7.437297012999999,6.9513276920000004,6.576018612,8.827034865,8.861475172999999,8.827194916,8.052148145,9.047959191,8.676232008,8.692484639,6.9627429020000005,6.566864648999999,7.006381381000001,8.322044822,8.347071866
Ga0242637_1188,6.002327897000001,6.733456866,6.1270713279999995,6.159864192000001,5.586746145,5.729961299999999,5.630628464,5.473550621,6.1285911010000005,5.200420057,4.609972668,5.086255088,6.101750028,6.5981364000000005,6.003786646,4.97489283,5.041072829,4.405768825,4.302796251,3.803921163,3.64741757,4.632374016,4.7570015539999995,4.365241902,5.4383337670000005,5.375044513,5.6707321020000006,5.5940514310000005,5.525426303,5.913470117999999,5.774448294,5.577533267000001,5.862700526,5.151242104,5.076266476,5.001963246,3.7220789030000003,4.737982187,4.587683268,5.12479833,4.425862026,4.442236701000001,3.8313353180000003,5.446473152,4.603319646,5.496430504,4.602649512,4.459495233999999
Ga0242637_11880,7.541246447000001,7.973756739,7.821496144,8.006957595,8.074694829,7.991437909,7.681347743,7.299912331,7.537010412000001,6.788297608,7.02218549,6.285078918,8.609681445,8.816909849,8.773960243,8.275746805,8.253018844,8.456444427000001,8.207946967,7.849552837999999,7.975393761,7.846979295,7.716013945,8.052369452999999,6.550401957999999,6.127136142,6.491455609,7.583970816,7.695497566,7.9340306720000005,6.278926952000001,6.491541595,6.790438489,7.015095381,6.877600445,6.629125069,8.108062281,8.29385879,8.556624235,7.9889727520000005,7.566403966,7.402584952000001,7.46930196,6.651090711,5.920349227000001,6.662419676,7.939875227000001,8.186384427
Ga0242637_11881,4.963023044,5.454132052,5.144354881,5.4977389389999995,5.403623422000001,5.516501086,5.852084099999999,5.848243122,5.635336689,5.299605908,5.210283856,4.848771504,5.834414947999999,6.097306378,6.259710054,7.8389846279999995,8.580259717999999,9.298575985,9.832411956,10.441056,10.08696761,11.20677072,11.10806749,10.87899735,5.410032329,5.546626726,5.591285377,5.3575774130000005,5.324007009,5.444430189,5.937547792,5.710180182,5.594626205,6.0008374479999995,6.877600445,5.728708628,12.34854321,12.03994563,12.66501483,8.680909599,7.1527909229999995,6.3927792210000005,6.723478227999999,8.391848752000001,7.515619491,7.878543368,8.841391258,8.547845477000001
Ga0242637_11882,4.140753994,3.79233372,3.5957216260000004,3.677498875,3.522085263,4.088802371,3.8963039360000002,4.154517597,3.3591003539999997,4.389318268999999,4.12472298,4.497658663,4.7121471669999995,4.647175328,4.318467398999999,6.127484201000001,6.9756197470000005,7.17355671,7.78580036,8.339651001,7.896982322,8.933242401000001,8.865027272,8.785118519,3.930480587,4.112162506000001,4.555234673,4.088157498999999,3.6541520239999996,4.106914192,3.987546693,3.35722349,3.8248971380000003,5.091927392,4.915351868,4.733919193,10.79614476,10.44412108,11.01897057,6.40650764,5.082266081,4.754924248,4.5964761439999995,6.5843248370000005,5.687517277,6.253235265,6.514223714,6.699304861
Ga0242637_11883,3.5882946430000002,3.869455631,3.783277731,4.422193692,4.384900493,3.803363006,4.629378226,4.430657805,4.569903974,4.808272022,4.388768833,4.024865287,4.801831877,4.743585868,5.2435085610000005,7.025990104,7.687946131,8.031187269,7.833250085,7.824319132,7.64202684,9.028171594,8.809868466000001,8.885968147,4.93995569,4.549828091,4.904712457,4.499638053,4.176888662,4.578634773,3.524340602,4.013713061,3.527022611,5.262906055,5.913850367,4.766360622,11.72992114,11.62207092,11.9675779,7.826811618,5.829514431000001,5.275578888,5.025201303999999,7.03947954,6.422869211,6.704953937999999,7.954886124,7.546129366000001
Ga0242637_11884,10.23394471,10.28527882,9.993984845,10.11386427,10.14703186,10.12242064,10.25641773,10.0683599,10.10327651,9.42399019,9.689302501,9.577306299,9.790152285,10.17016313,10.14170441,9.622465802999999,9.730736515,9.779825438,9.16074844,8.953882137,9.009125435,9.487613312,9.467513021,9.447641708999999,9.387428249,9.408564534,9.522997227000001,10.16658488,10.1039133,10.15754469,9.473888671000001,9.506387199999999,9.726192127000001,9.290827013,9.141451639,9.144550473999999,9.726196791,10.10573305,10.07877358,9.342492946,9.825152907,9.81024313,9.749097669,9.647433903,9.415797998,9.586792919,9.341441823,9.376183117
Ga0242637_11885,8.737626962,8.653828227,8.648077465,8.621617704,8.654909877,8.818211387,8.556609987,8.751235246,8.629183931,8.098751741000001,8.864013526,8.770859584,8.153452526,8.287903792,8.214946158,8.005242568,7.812148574,7.909014762000001,7.174141366000001,7.357472189,7.308046836,7.53835883,7.5906842999999995,7.2931416229999995,7.928583672999999,7.936167495,7.941359959,8.051984606,8.100136022000001,7.944908966,7.974910704,8.141216985,8.192574765,8.138561157,7.847281357999999,8.063859153,8.145612062,8.174896694,7.794538966,7.492867699,7.994740462,8.156226405,7.7621471589999995,7.972338009,7.821241538,8.17531976,7.270227002,7.357675907000001
Ga0242637_11886,11.71254139,11.75880134,11.66980875,11.3734654,11.29905149,11.32950734,11.33207082,11.32377352,11.38190423,11.36770692,11.41775314,11.36966731,11.32277498,11.59292399,11.46794985,10.85848533,10.91764604,10.96230468,10.77838241,10.79712964,10.83056114,10.56587512,10.86285259,10.61087635,11.50706738,11.52014179,11.43209611,11.44140663,11.584453100000001,11.47032916,11.39873287,11.5017449,11.36430493,10.95514868,10.6300502,10.755719000000001,10.76933724,10.90970137,10.88498654,10.25162569,11.06105004,10.88763837,10.93591537,11.21646728,11.2822538,11.18827114,10.39707003,10.15387547
Ga0242637_11887,11.69340559,11.64253905,11.62805666,11.446624499999999,11.30137928,11.46581282,11.35366931,11.35942429,11.38140793,12.46876037,12.36057181,12.07184472,11.50300699,11.54688923,11.41985987,11.42286612,11.43530511,11.40750524,11.06503662,10.98908688,10.96536855,9.934166298,9.888808882000001,10.04220785,12.06422562,12.02928033,11.95893316,11.15717146,11.43979059,11.10981915,11.11958873,11.19875548,11.22070679,11.66306326,11.33715814,11.10409716,11.03993534,10.9164587,10.8882032,10.28323329,11.12837674,11.22805232,10.95002067,11.46026234,11.56857941,11.53846871,10.47070784,10.29356009
Ga0242637_11888,9.349601464,9.291433297000001,9.346740406,9.479929934,9.464804031,9.512476151,9.13643233,9.121505026,9.151078473,8.480655005,8.693196789,8.640613537,9.490026,9.272258654,9.267478352000001,8.549506304,8.596799503,8.430364484,7.825449431,7.491774135,7.25871707,6.783010875,6.939819689,6.40791227,9.589042841,9.449070999,9.519441476,9.063242883,9.09614662,9.00520606,8.727259819,8.901658317,8.823613756,8.584578939,8.733642743999999,8.691745115,8.681250452999999,8.818828337000001,8.856395324,8.614447659,9.088897167,8.948912199999999,8.897716417,9.067184217000001,9.288801929,9.125549547,8.595419587,8.531212265
Ga0242637_11889,8.69207623,8.783977752,8.761471992999999,8.790764493,8.863383934,8.836669681,8.625520225,8.780222768,8.754061235,8.412671556,8.160402064,8.320164131,8.989025157999999,8.836737507,8.75879237,7.971798323,7.84020805,7.950899502,7.894181262000001,7.772487125,7.905018121,7.53835883,7.649005937,7.322239463,8.831093913,8.698287612,8.75002395,8.04704207,8.415765891,8.160899867000001,8.803028612,8.492466972999999,8.709708052,8.309502344,8.302257114,8.52449669,8.217900238,7.789501663999999,7.837780327999999,7.5266314020000005,8.82863001,8.685299097,8.767227089,8.972571474,9.05513469,9.053392181,7.363200292,7.394938799999999
Ga0242637_1189,4.963023044,4.725074123,4.97368299,4.998533019,5.1934255810000005,4.816707948,5.438643431,5.124648336,5.371488498,5.33118652,7.516997896,6.6054638070000005,4.66504715,4.647175328,4.77092408,5.224692397,5.355301328,5.0177777,5.66766739,5.838947521000001,6.193646105,5.954705207000001,5.996728318,6.038029805,4.93995569,5.149700069,4.555234673,3.917216817,4.176888662,4.329301877,6.651566065,6.74679825,5.569841931,5.415492675,5.995960243,6.148714161,5.845938526,5.8711413839999995,6.000522022999999,6.768474122000001,4.7922398369999994,4.823235936000001,5.143286713999999,4.567563977,4.3663536910000005,4.470605637,6.514223714,6.85010341
Ga0242637_11890,8.432503164,8.440993335,8.413755818,8.334499819,8.211702469,8.410334892,7.9154694,7.962476393999999,8.135476871,8.466606552,7.821157774,7.832130964,8.165975329,8.364409302,8.274058702,7.937560045,7.931721975,7.806276326,8.450366718,8.754609311,8.748377385,8.709625075,8.601245659,8.553312091,8.51184978,8.706022457000001,8.255385738,7.637568973,7.875778743,7.928560598,8.043466941,7.962097168,8.074806966,8.109227516,7.690123708,7.957256072000001,8.069508682999999,7.789501663999999,8.036443364,7.398762882000001,8.23255386,8.244759005,8.186574051000001,8.060857659,8.024282216,8.186609239,7.610783627999999,7.140824822999999
Ga0242637_11891,4.140753994,3.3131841189999998,3.245552862,3.497605637,2.744398912,3.9538468489999996,3.9642345660000005,3.8060999410000003,4.016152236,4.808272022,4.858901346000001,4.116088736,4.7577086710000005,4.12786471,4.735373538999999,3.3312073310000003,4.281103862,4.291204563,4.630727353,4.47713225,3.8028251330000002,5.5023955010000005,4.470928413999999,4.845648752,4.471220857,4.953533558999999,4.497285518,4.613261821,4.503972568,4.578634773,4.387889002,4.013713061,4.448064936000001,5.775870232999999,5.320156877,5.461134752,6.243220588,5.414567487999999,4.867664457,4.632733889,3.923781767,4.442236701000001,3.4946380269999997,4.061615789,4.3663536910000005,4.31027734,3.442297762,3.045854701
Ga0242637_11892,3.893771605,3.869455631,3.3742476210000003,3.677498875,3.727858533,3.880786982,3.581642131,4.617394197,4.387612859,5.05635864,4.800700892,4.624800024,3.7419712460000003,3.797966011,4.163871943999999,3.3312073310000003,4.061476221,4.459643842,4.954887797,5.363454685,5.4529875489999995,6.298008836,6.032308005,6.32397988,4.525876352,4.6836464069999995,4.2374047710000005,3.8225672999999993,4.29486285,4.106914192,4.134656991,4.509011222,4.448064936000001,5.151242104,4.208962548,5.106465173,6.311006991,5.489425957000001,5.607950139,4.002277801,4.3167515430000005,4.351588736,4.097700825,3.991601604,4.230481,4.520141599,3.7713112289999997,4.359912367
Ga0242637_11893,5.082054823,4.802471659,4.737150617,4.900722199,5.021587205,5.0266480069999995,5.07653965,5.1842268439999994,5.338913594,5.933642772000001,5.980999306,5.767668373999999,5.607412015,4.862585374,4.904735846,5.334814583,5.503878168,5.6838572439999995,5.66766739,5.998300844,5.837348212,6.5466481420000004,6.580665552999999,6.656842683,5.4933045510000005,5.42621131,5.322368268,5.509900869,5.659780544,5.504822717000001,6.012628252000001,5.684617141,5.862700526,6.1087839420000005,6.200177451,6.298416699,7.559172932999999,7.759743187000001,6.853003915,6.051283375,5.479739868999999,6.203436097000001,5.085476312,5.421062803,6.3290014789999995,5.520552387,6.008811897,6.462210128
Ga0242637_11894,4.28318584,4.2559482730000004,4.452168233,3.590839983,4.441439466,3.720956082,4.028820076000001,3.635355282,4.451097385,4.326727,4.023771416000001,4.3575869030000005,3.8339313660000003,3.666205171,4.500591236,4.163986673999999,4.061476221,4.1660756469999995,4.630727353,4.385771447,4.384474106,5.243817781000001,4.994320674,5.680529589,4.414305016,4.7662066030000005,4.555234673,4.375801711,3.904206087,4.578634773,4.328871157,4.960939729,4.270630967,4.7509363360000005,4.406945965,3.9028094710000003,5.751330366,4.856866072,5.204594678,4.632733889,4.068024151,3.775076592,4.75442959,4.470215957,3.712631568,4.061967078,3.908340615,4.007957471
Ga0242637_11895,9.295803832,9.393452721000001,8.978051535,9.356273824,9.282638054,9.402169198,9.296822165,9.283801901,9.054760264,8.97822166,8.91898429,8.953955472999999,9.192445789,9.46640535,9.42949906,9.584253612000001,9.738210313,9.833048326,9.766733785,9.763330363,9.557501747,9.310087363,9.521570139,9.359195867,8.833743199999999,8.854920642,8.924173785,8.765246508999999,8.788423901,8.696397857000001,8.768344504,8.75344589,8.914563655,8.631755301,8.244810645,8.405379658,8.990712412,9.432380721,9.555010677,9.449011378,9.444781203,9.315876467,9.718818391000001,9.059021000000001,8.600118382,9.075825655,9.448710308999999,9.242935078
Ga0242637_11896,8.341019838,8.364542026,8.296794459,8.232261237000001,8.151034452000001,8.212511477,7.765193941000001,7.749322617000001,7.626873654,7.790137292000001,7.154129029,7.711032034,8.735429344,8.707603562000001,8.767479245,7.928871942000001,8.206355031000001,8.202781176,8.249344399,7.999863391,8.18129284,7.82363899,7.63752881,7.620428089,7.804405189,7.50493636,7.946665883,7.822490727000001,7.911962547000001,7.843917557999999,7.395061376,7.467747577999999,7.784505492,7.763445673,7.44976946,7.219612659,7.666413492,7.789501663999999,7.853667297,7.67451439,7.7512182,8.194836226,7.771257012,8.159609997999999,8.175555006,8.308737555,7.947400206,7.662735163
Ga0242637_11897,9.72465611,9.606265028,9.894502306,9.802190277000001,9.974558234,9.807369388,9.629378798,9.779896192999999,9.563570967999999,9.064693424,9.278200011000001,9.446453785,9.854740586,9.618879632999999,9.639258275,9.007005852,9.008839027,8.740026384,8.726460223,9.051331134,8.847595209,8.317000395,8.028718824,8.254525462,9.184461966,9.045805036,8.913376207,9.046007419,9.084305987,8.916816662999999,8.941186648,8.47772117,9.325157181,9.110153102,9.012170346,8.980749592999999,8.655453538,8.811596323,8.635310871,8.212836824,10.23567242,10.36994491,10.40896627,9.390360242,9.759022623,9.561002711,8.438750299,8.164978834
Ga0242637_11898,8.773059456,8.979142974,8.564231266,8.676180906,8.558549892,8.692106745,8.785753426,8.69652956,8.704130178,7.538032236,7.02218549,7.631687192,8.485300542000001,8.750045325,8.795355657,7.597207325,7.987985225,8.210464453,8.062901083,8.149583991,7.622663995,7.700910285,8.105694082000001,8.136661327,8.481760786,8.147862198,8.39388904,8.476358357,8.573731349,8.233672863999999,7.821976316000001,7.993538303999999,8.143275467,7.823385712,7.49271519,7.511028611,7.836799837999999,7.478426019,7.810906803,7.3865558039999994,8.498732491,8.351142043,8.519500414,8.501339388,8.228427643,8.319033138,7.407530735,7.16978384
Ga0242637_11899,7.653266805,7.599761105,7.718243094,8.458551769,8.514279971,8.397958137,8.717245723,8.792131067,8.781406103,8.688603056,9.128815346,8.747103598999999,8.115218209,7.882290557,7.9316100060000005,9.133365445,9.145521449,8.981410704,8.936543282,8.902572429,8.81385317,7.713664007999999,7.413591428999999,7.806930249,8.153088311,8.140269507000001,8.148937464,7.912204267000001,7.679842436,7.802650352000001,8.964944182,9.036051684,8.646248614,8.286755913,8.365225287000001,8.57718819,9.287967666,8.868461993,8.695308809,8.981955531,10.30680376,10.00385847,10.41333617,8.889843568,9.088882864,8.917720905,8.961441019,9.014699997000001
Ga0242637_119,1.764951351,2.422088851,2.4500833419999997,1.764951351,1.764951351,1.764951351,1.764951351,2.4271808669999997,1.764951351,2.485405011,1.764951351,3.086552422,2.7522056530000003,1.764951351,2.64618703,1.764951351,1.764951351,1.764951351,3.2071134580000003,1.764951351,2.653701924,1.764951351,2.733434557,3.390490989,2.473778066,1.764951351,2.501599896,1.764951351,1.764951351,2.509444961,1.764951351,2.505573503,2.747370773,2.418245537,1.764951351,2.7892875010000004,1.764951351,2.910528862,2.476742168,1.764951351,1.764951351,1.764951351,1.764951351,2.439497919,1.764951351,1.764951351,1.764951351,1.764951351
Ga0242637_1190,2.7843994210000003,2.422088851,2.725182339,2.669405787,2.4640428340000002,2.6922148339999996,2.858160055,2.4271808669999997,1.764951351,2.485405011,3.152346767,3.275040208,2.7522056530000003,2.350359106,2.392844266,3.3312073310000003,2.492414675,1.764951351,2.957841924,1.764951351,2.653701924,1.764951351,1.764951351,2.73549049,1.764951351,2.4340741830000003,2.501599896,2.502396276,2.434624694,1.764951351,2.7457562139999996,3.0217587530000003,2.747370773,1.764951351,3.463431424,2.3645287759999998,3.7220789030000003,3.91283721,2.974604675,1.764951351,1.764951351,3.621276007,1.764951351,2.439497919,3.190463246,2.7107655210000003,1.764951351,3.045854701
Ga0242637_11900,5.293729104,5.568205688,4.860393744,4.900722199,5.160686274,4.739118302,5.7456356379999995,5.26914868,5.16379862,5.200420057,5.4167632679999995,5.532647821,5.557342343999999,5.617958245,5.316901363,4.753392565,5.224151297,5.120220928999999,5.2654368069999995,4.860785042,4.718346846,5.615986788,6.067026782999999,5.380361131,5.227274716,5.451121643,5.477976466,5.291771675,5.5716295989999995,5.821720179,6.278926952000001,6.431507014,5.980002565,5.951967002999999,6.054598248,6.2763765220000005,4.377864054,4.737982187,5.47661902,4.864979065,4.944709092,5.010237392,4.5964761439999995,5.761581926,5.737211476000001,5.8406552970000005,5.270333342,5.190157933
Ga0242637_11901,9.963189531,10.20425267,10.10045206,9.919911804,9.940314257,9.945582846,9.823277937,9.80479557,9.720923872,9.274773997999999,8.874481374,9.318744322999999,10.65071127,10.54084783,10.59336301,10.20957958,10.19668948,10.21167094,9.973182401,9.478035057,9.681952388,9.835538303,10.10834309,9.926228346,10.12829243,10.13053984,10.05092685,9.45890828,9.681063147,9.613102833,9.978678616,9.935253918999999,9.909343596,9.561044141,9.475165707,9.720193977000001,9.944279727,9.995174856,10.02016262,10.50403333,9.80809223,9.716062857999999,9.716462679,10.13773254,10.19504378,10.14791708,10.45759569,10.50280427
Ga0242637_11902,10.55042384,10.65750168,10.58787732,10.83590169,10.79700519,10.73644611,10.78366307,10.73044223,10.7570435,10.90167764,10.40517334,10.32030489,10.62826456,10.81701184,10.72349874,11.46628476,11.46983303,11.64712246,11.78617789,11.82861099,11.780618800000001,11.59142426,11.840340800000002,11.66207423,10.51414758,10.44437834,10.62456172,10.11557094,10.16608374,10.17150272,10.45363016,10.42668028,10.56842787,10.43406308,10.03693377,10.26439429,10.94197707,10.966154300000001,11.04110324,11.38581708,11.52278342,11.12520374,11.56706265,10.8149703,10.71991492,10.68759559,11.43416823,11.50582558
Ga0242637_11903,7.975741369,8.065488405,7.87047637,7.919184155,7.908706673999999,7.830354692,7.857224624,7.928348222,7.8384204010000005,7.351806055,7.071574155,7.242467689,7.86171476,8.094825337,7.860301453,7.251854761000001,7.4169355910000005,7.770336597999999,6.962743522,7.101422267,7.168106025,6.682717975,7.13208112,6.849139407000001,7.72670091,7.812628556,7.45248817,7.708157073,7.695497566,7.6907717,7.4227847460000005,7.375273631000001,7.773745964,7.425442414,7.001771409,7.259428184,7.317314586,7.51451613,7.530314389,7.026336552999999,8.289864517,7.884297382000001,8.138107072,7.840412791,7.529734682000001,7.752525006,7.196336807000001,7.345037764
Ga0242637_11904,10.49845006,10.63684949,10.51890327,10.49737957,10.40689959,10.44841803,10.893807199999998,10.88743011,10.87807878,11.39392275,12.46035554,11.78780411,10.50473386,10.70330887,10.57430606,11.20813648,11.41026004,11.47004312,11.47395082,11.38888672,11.34045568,11.26315152,11.31759542,11.39237729,10.95230517,11.01692834,10.81353109,10.4852125,10.58343781,10.56516262,11.67455165,11.78644718,11.25688252,11.19476336,11.64133818,11.60462179,11.21790566,11.63646706,11.28854032,12.506387,10.48605861,10.35865458,10.53462695,10.58913669,10.61462852,10.61495208,12.39883474,12.65441088
Ga0242637_11905,13.26295755,13.14695863,13.17497828,13.01572498,13.04773801,13.11837397,13.22071219,13.16765946,13.192587300000001,13.34490511,13.220070199999999,13.15500241,12.87579187,13.1303971,12.93367518,12.75052934,12.67676548,12.60628037,11.96186581,11.75653156,11.81353628,11.47642737,11.55108031,11.48450869,13.70666016,13.85651122,13.59451555,13.31034963,13.19725569,13.35172263,13.18122945,13.11246314,13.22430633,13.43313622,13.23417075,13.21557478,12.51018645,12.40019174,12.4002183,12.27856779,13.1739473,13.18938249,13.28993208,13.0946097,12.99776238,13.05438749,11.88567548,11.93730657
Ga0242637_11906,7.131959527999999,7.349790318999999,7.467519169,7.423325926,7.6701168310000005,7.367216095,6.422898536,6.144959018,6.388223061000001,6.515252153,6.240951495,6.060653995,7.675717737,7.315889389,7.221966912,6.871251902999999,6.527997551,6.625069077999999,6.5728903370000005,6.564324514,6.5828474329999995,7.106981535,6.032308005,6.294877003,6.47083431,7.065907785,6.44716083,6.592764596,6.482553717,6.460978752000001,6.437018356,6.461837488,6.28344191,6.552560966000001,6.496275108,6.7297982560000005,7.349860838,6.72840642,6.777230907000001,6.30625242,7.445482586000001,7.323459194,6.949096485,5.341992759,5.469417836,5.821404777000001,6.612265337999999,6.7385107710000005
Ga0242637_11907,9.203593189,9.16731641,9.126553958999999,9.443218264,9.468123195,9.383459142000001,9.211402813,9.246206256,9.047270369,9.895684044,9.967087799,9.150439373,8.970109284,9.069348995,8.91551104,8.990403318,9.31702998,9.230310957999999,8.505100775,8.459209572999999,8.220455007,6.758584973,6.506815658,7.233122031000001,9.598420313,9.557073271,9.416146300000001,8.629676199,8.396742154,8.466627695,8.390848527000001,8.287904653,8.545496505,9.650294145,9.111923329,8.960196494,8.504682213999999,8.093742981,8.283181999,9.153793285,11.0763985,10.5244399,11.14480272,9.105340887,9.297075261,8.885756947,9.040956592999999,9.030566037
Ga0242637_11908,6.206635294,6.063639229,6.04391266,5.883738445,6.045001939,5.915669562000001,6.411363121,6.339635747000001,6.465298007,6.261851396,5.454693014,5.6549823770000005,6.7386693179999995,6.563898247000001,6.674777883,9.65706452,9.993103065,10.26797407,9.242091586,8.315709898,8.35558524,7.700910285,7.400068956,7.419691114,6.443302782000001,6.3676168429999995,6.385895806000001,6.113706635,6.652759546,6.213153341,7.003475093,6.864925505,6.690930613,6.0008374479999995,6.1292320160000004,6.539493293,5.934684068999999,5.69298164,6.821016694,10.34602017,4.425862026,5.618061775,5.353497345,6.117487743,5.920349227000001,5.951024488,10.55314955,10.17008085
Ga0242637_11909,6.459943841,6.344560646000001,6.337160317,6.651454391000001,6.3776980210000005,6.48362421,6.864616463,6.946086286,7.059389872000001,6.386673471,5.901091802000001,6.340656,7.515302223,6.817395326000001,7.025830251,11.27905508,11.28471604,11.491877699999998,10.97007805,10.36436587,10.31964179,9.131561804,8.559292942,8.966473691000001,6.933291079,7.025242352999999,7.0991428889999995,6.672029281,7.052073717000001,6.809683649,7.2400623060000004,7.375273631000001,7.696093777000001,6.595550601,6.811255417000001,7.377849294,6.85567705,6.874497956,7.984482007,10.98975342,5.62111866,5.796717903999999,5.578933935,6.765989407,6.722560023,6.93673013,11.34013424,10.74921719
Ga0242637_1191,4.877688899,4.9110977160000004,4.693531291,5.4977389389999995,5.375431402,5.2653818569999995,5.610527957,5.829811382000001,5.236456361,5.39231923,7.03469228,6.3223680270000004,5.679373022999999,5.439836747,5.537352457999999,6.033129442000001,5.117168106,4.98190923,3.8692144980000003,3.942535777,3.8028251330000002,2.8057856639999996,3.7987871739999997,3.1138557000000002,5.227274716,5.0872886280000005,5.417757568,5.033966346000001,4.846067195,4.634514988,5.99422335,5.784238267,5.882929632000001,5.553303362,6.284199342999999,6.148714161,6.71277151,6.697321291000001,5.981316873,6.5882120010000005,5.082266081,4.527271229,4.75442959,5.074360102,5.280719161,5.2296682930000005,5.856806806,6.530841443
Ga0242637_11910,6.117354014,5.8642331620000006,5.955637003,5.997516947,6.259857714,5.932982249,6.226209227999999,6.3133880179999995,6.3722996720000005,6.341125792000001,6.34516328,6.340656,7.628232422999999,6.349449861,7.416845485,10.28469089,10.54491928,10.91018746,10.82801501,10.77315845,10.67833499,9.884285869,9.424763789,9.810403942999999,7.409006884,7.375073143,6.6945266729999995,6.951542017,7.08415517,6.711096695,7.021724647,6.783264879,6.863342731,6.84746438,6.9513276920000004,7.219612659,6.554101254,6.817827167999999,7.582097605,10.20374627,5.665297426,5.762726817000001,5.698872497000001,6.238334407999999,6.228573506,6.020149986,10.53827988,10.12090817
Ga0242637_11911,14.00522569,13.93689049,13.98870479,14.25936728,14.22548697,14.2070899,13.77043522,13.83801281,13.955075,13.35101146,14.64375884,14.07517039,13.33465115,13.5414134,13.19150691,13.34586635,13.29487699,13.31589929,13.06574662,12.83069849,12.87768434,11.54669753,11.26076991,11.74428943,13.29078293,12.87429122,13.60125885,13.40125428,13.42682655,13.56809423,13.22861152,12.98042896,13.50845423,13.55243085,13.31101656,13.36661647,12.66687128,12.55219431,12.45785828,12.40568739,13.87299051,13.71524678,13.82390419,13.513137699999998,13.57745155,13.7209905,12.66863912,12.37960147
Ga0242637_11912,13.00930786,13.05411903,12.96823122,13.16831881,13.20731433,13.12014084,12.91666302,12.85729164,12.86443627,12.49300113,13.4570211,13.05541686,12.64687972,12.73883752,12.59028522,12.45588662,12.34843968,12.36217977,11.75367106,11.31986242,11.411264599999999,10.13236122,9.886387277,10.36052867,12.6752594,12.16406941,13.04081607,13.04508342,12.98693449,13.03814576,12.14650403,11.98000721,12.48929788,12.64886799,12.39800749,12.4149605,11.84279744,11.989568400000001,11.90002985,11.79993914,12.79511174,12.64383303,12.80987729,12.79223352,12.86945386,12.82186099,11.8851859,11.76664164
Ga0242637_11913,9.216519847999999,9.371744279,9.075254512999999,9.175255138999999,9.1338371,9.27935475,9.224624893,8.978756922999999,9.178763056000001,9.292800098999999,9.257021562,8.655274689,9.383260919,9.572334619,9.500256908999999,7.661557234,7.942116276,7.851206205,8.036116474,7.824319132,7.593123265,7.726305915,7.811026153999999,7.796602482999999,9.86506235,9.899356312,9.741713276,8.993029924,9.264746832,8.851843973,9.850631239,9.828898759,9.620592442000001,9.601101326,9.086456901,9.731355152999999,8.399822399,7.422538112000001,8.08659753,7.298083022999999,9.732599784,9.350485942999999,9.514329856,9.682395497,9.131144625,9.36296491,7.305798444,7.050283032
Ga0242637_11914,7.859663097,7.936211055,7.680283944,7.864690411000001,7.737698357,7.788292609,7.994796031,7.834718581000001,7.844195911,8.204117154,8.337317431,7.8449794939999995,7.951259302,8.008452718,8.195764241000001,8.437602101,8.914352795,9.076961646,9.256664458,9.146009762,9.164451356,8.664365362,8.8352024,8.95258938,8.267250556,8.305522726,8.038978534,8.056910262,8.011202505,7.878373198999999,7.708318915,7.946115759,7.882905672000001,7.827894914,7.457016513999999,7.602308776,8.009674187,8.240998087000001,8.377765111,8.406577673,8.592820926,8.232439371,8.447460723999999,7.840412791,7.866427077999999,7.83136893,8.345014632,8.262260759
Ga0242637_11915,8.648223993,8.832464396,8.653684203,8.458551769,8.407678967999999,8.502815318,8.321467466,8.345312518,8.451435231,8.538880006,8.301560594,8.588093223,8.219018457999999,8.557096085,8.435394122,7.597207325,7.900081859,7.861003328,7.8640374589999995,7.874352581,7.735122792,7.552627071,7.716013945,7.523550500000001,8.908529483999999,9.067982966,8.706904327,8.710038173,8.553833183,8.46284878,8.511914942999999,8.681274845,8.232408165,8.153007243,8.057317923,8.321917854,7.666413492,7.833018665,7.920557412000001,7.5266314020000005,8.324560707,8.396016499,8.073299027000001,8.223096253,7.952760422999999,8.179092747,7.317463146000001,7.80792223
Ga0242637_11917,10.56649937,10.57780559,10.55829291,10.43977164,10.50872029,10.62869595,10.46507299,10.52459169,10.438056300000001,12.96244723,12.15662496,12.66241209,10.49814694,10.59793936,10.442877000000001,11.24883798,11.18651733,11.10049943,10.85412315,10.53086917,10.45165789,9.782062301,9.591624174,9.828254879,12.93862867,12.79854433,12.90655662,10.71833347,10.72233637,10.639016499999999,10.54157154,10.60602061,10.45685376,12.39629248,11.59242467,11.33978754,10.6665477,10.972652900000002,10.95721369,10.61016451,11.53171905,11.77044565,11.43789842,11.15795526,11.36032352,10.97481752,10.75312896,10.49138532
Ga0242637_11918,6.153735218,6.094336532000001,6.026686716,7.358048148,7.405004311,7.590354527000001,7.508294521,7.54487703,7.537010412000001,7.101979601,6.834631907,6.867347335,7.4553368220000005,6.846160434,7.025830251,8.053998234,7.931721975,8.018112544,7.303350019,7.209359308,6.888874919,7.892556282999999,7.861225356,7.9811988739999995,6.400991392000001,5.946890464,6.656140214,6.579118769,6.050179923,6.577537127,6.94729695,6.70938396,7.079811716,7.981494289,7.683960867000001,7.845879475,9.603401148,10.21938949,9.312238639,8.163623742,11.09460367,10.52570237,10.23884632,7.864036823999999,7.931656771,7.910670655,8.182360432000001,8.340722076
Ga0242637_11919,4.28318584,4.310766793,4.648502583,5.4977389389999995,5.5619811960000005,5.4932897060000005,5.48359454,5.3750155710000005,5.880705882999999,5.759588345,5.020303588,5.211674346000001,5.2766485,4.99841835,5.055868844,5.6217700520000005,5.959184685,5.851066731,4.769522941,5.2661502030000005,5.6193236120000005,7.925817953999999,7.554524265,7.406166355,4.93995569,4.725536827,5.031380373999999,4.90724903,4.8834896080000005,4.884561763,5.378952529,4.872372338,5.168190876000001,6.048097775,6.035317279,6.298416699,7.8595768679999995,7.496584004,7.10397949,5.44242395,8.455556836,8.033778799,8.347476197,5.471438399,4.80563102,5.721067526000001,5.791183595,5.401599866000001
Ga0242637_1192,7.63412037,7.620953435,7.8800758989999995,8.067596215,8.092011806,8.090908912,8.953969828,9.559353986,8.365704866,7.215589351,8.649167282,8.387570867,8.735429344,8.03366292,8.057380865,8.610534246,8.473249938,8.331663612,7.685943205,7.5129899060000005,7.057054459,7.738837951,7.012735715,7.0008682339999995,7.872992311,7.640304413,7.723738915,11.02267338,7.609967865,7.849717639,8.397847759,8.150544724,9.323314085,7.87658727,8.32619347,8.508070473,9.253992053,10.60544609,10.63068931,10.94260817,8.992941555,7.0838226639999995,7.502506892,7.3383546729999996,7.899410702999999,9.123593153,11.02253756,11.34542332
Ga0242637_11920,3.4671807360000004,3.188618776,3.3742476210000003,3.16318366,3.273794517,3.3221123230000003,2.4060372180000003,2.693612905,3.3591003539999997,3.316819254,2.58606159,3.275040208,2.7522056530000003,3.7337995019999997,3.787498028,3.063272146,3.465611188,3.8739550510000003,4.302796251,3.00415308,3.64741757,6.656513704,6.481331944,6.352505232,3.425532893,3.652763928,3.19503281,3.350872453,3.904206087,3.625076574,3.524340602,3.8303429139999996,3.129829243,3.8587559139999996,4.579888975,4.175373085,1.764951351,4.122987674,3.85194072,3.042219942,2.713663973,2.640110246,3.283209092,3.224071216,4.603319646,3.3514834060000003,2.9824992530000003,2.685057094
Ga0242637_11921,3.79986984,4.198816504,4.159119162,3.9066627169999997,4.1996928989999995,3.880786982,3.4887793030000003,3.8835986489999996,3.495777414,4.561592913,4.540104715,4.024865287,4.458824889,4.469935846,4.457275895,4.583471988,4.687392958,4.34968863,5.218180433000001,5.048901257,5.104939347,7.087508715,7.372637404,7.154402167000001,4.292841717,3.9026848060000003,4.08603391,4.005455174,4.113784807,3.8398030480000003,4.063137997,4.509011222,4.270630967,5.121895423,4.872076946,4.974582655,3.7220789030000003,4.464627463,4.638428239,4.129906508,3.35606442,4.03641017,4.213173858999999,4.191477412,4.230481,3.917989517,4.437674205,3.045854701
Ga0242637_11922,5.388800592000001,5.694057138,5.40772777,5.684408297999999,5.4849991860000005,5.648361909,5.72709849,5.400295637,5.5526919029999995,5.507235187999999,5.020303588,4.9960046369999995,5.505452737000001,5.513773968,5.864534518999999,4.83117596,5.586119897000001,5.7275263039999995,5.73610727,5.697329897,6.112517617000001,7.371314461,7.861225356,7.596812094,5.740284804,5.96424484,5.289095496,6.373096881,5.722500414,5.672033075,5.638641911000001,5.735294446,5.689675987999999,5.3664265360000005,5.660281949,6.073980565,5.540984152,4.608026708,5.530609974,5.182918672,5.867785784,5.499061404,4.896326773999999,5.28672757,5.139386515,5.342441495,5.408498381,5.541826584
Ga0242637_11923,9.852992256,9.875607155,9.889759216,10.20861116,10.21478937,10.17776217,9.938092487,9.904700078,9.896525689,9.696438365,9.384556025,9.25760741,9.982934424,9.834126324,9.743098131,9.728880755,9.808054896,9.855270475,9.413155595,9.318545291,9.245783158,8.490038924,8.630482015,8.715570552,9.462953495,9.416443078,9.684120853,9.249004566,9.32132579,9.203911202,9.173035379,9.257228709,9.428217913,9.418867767,9.007243715,8.92880713,9.833615707,9.678820992,9.843186467,8.725191135,10.44565527,10.14033138,10.45490982,9.946326435,9.890588672,9.912140772,9.023265878,8.92417316
Ga0242637_11924,11.01979788,11.07470702,11.10931121,11.08810839,11.12914633,11.12132251,10.71798238,10.69599839,10.81626186,10.78270724,10.58906897,10.65718313,11.07698964,11.037071699999998,10.95832324,10.59169742,10.56439047,10.43793799,10.12385944,10.18934243,10.24248158,9.450007944,9.683756441,9.62442931,10.72860233,10.74704968,10.80479404,10.75894361,10.86468759,10.76557038,10.59431231,10.43433687,10.69069494,10.4827616,10.42091047,10.38044182,10.42075618,10.66684628,10.60745743,9.701366117000001,10.74103761,10.74966949,10.57679348,10.97211656,10.97581074,10.91782081,9.928999122,9.719843628
Ga0242637_11925,8.049847261,8.088488872000001,7.6912317660000005,7.540291634,7.459403752,7.557338131,7.733163858999999,7.658549237999999,7.3547830439999995,7.57124289,6.944775112,7.4161339260000005,7.97991315,7.899535094,7.999558109,7.042200507,7.545224902,7.157740763,7.018571166,7.321846273999999,7.603037577,7.338747958,7.861225356,7.233122031000001,7.551048763,7.3943567660000005,7.60122861,7.76344643,7.990201984,7.808618463999999,7.691325351000001,7.828993892000001,7.795185332000001,7.1934774610000005,7.134284602,7.270604904,7.349860838,7.567011883999999,8.013056382,6.280056735,6.172806286,6.655532917,5.620042009,7.963617151,7.809720408,7.83136893,6.63109689,5.962955225
Ga0242637_11926,10.32329694,10.32374316,10.51813513,11.03358734,10.96910336,11.03654315,10.71798238,10.79518296,10.84101863,9.425806462999999,9.485883946,9.401508859,10.74691704,10.48540558,10.44896471,9.955341634,9.854183795,9.469982317000001,9.415755042,9.628938453,9.644052189,9.66220628,10.07683102,9.875622671,10.49920671,10.56552856,10.58853416,10.22900706,9.964462287,10.27101332,10.40756396,10.33660045,10.49909944,10.11427022,9.644954193,9.891886746,11.04242547,11.00153969,10.78499245,9.514956963,11.35420756,11.12270306,11.36532466,10.90709598,11.16510643,11.129045300000001,9.274227816,9.469344877000001
Ga0242637_11927,13.89747869,13.89728233,14.21790629,14.51629844,14.58263507,14.43257165,14.264730300000002,14.38036769,14.478068300000002,13.52852527,15.40456883,14.70563954,13.82848037,13.7520094,13.42010465,14.39452732,14.12150404,13.99877714,14.18019403,14.49531171,14.46475376,13.552912,13.53593868,13.69601759,12.50143156,12.17339802,12.63702541,13.49018646,13.58940639,13.79898259,13.66534005,13.400669699999998,13.92482686,13.62424804,13.38800794,13.50170429,14.20571808,14.21903285,13.87688877,13.35594457,14.21295655,14.35821507,14.19583743,13.46297832,13.89202609,13.78241807,13.53765499,13.47368106
Ga0242637_11928,9.763342355,9.795181146000001,9.871832438,10.46182155,10.49251309,10.49491694,10.37010274,10.33493148,10.39641543,9.792476595,9.74550699,9.290848863999999,10.47485296,10.18500401,10.17309799,10.47123667,10.6041987,10.4766786,10.73740906,10.82813146,10.75700987,10.93869354,11.21518541,11.05607521,10.01147438,10.00867077,10.14392208,9.471873016,9.409374963,9.568086021000001,10.40669686,10.31187508,10.24051194,10.10872338,10.21626846,10.11125613,11.084113,10.972652900000002,11.13886381,10.58502225,11.207647,10.81927341,11.02902883,10.31785351,10.04101459,10.25366623,10.64623717,10.82622621
Ga0242637_11929,7.843084823,8.22275218,7.94554081,8.524925113,8.38327134,8.394847282999999,8.948003299,9.049913576,9.054760264,9.608018064,11.03864527,10.2556336,7.830586864,8.127390912000001,8.053834072999999,8.503442315,8.661124975,8.750603889,8.567217695,8.961616431,8.978995422,8.933242401000001,9.649892596,9.238515173,7.982111402,8.462933048,7.967696492999999,7.5283029720000005,7.50133693,7.849717639,10.27225249,10.46549767,9.457080931,9.357827075,10.07038356,9.897302364,9.070962694,9.694631592,9.435211069,10.22617376,9.080801983999999,8.839456235,9.062590952,8.44919527,8.024282216,8.332647251000001,10.08208926,10.268692300000001
Ga0242637_1193,4.140753994,3.942239546,3.49008882,4.600642436,3.727858533,4.268645649,3.9642345660000005,4.154517597,4.251042272,3.570748818,3.6635147669999997,3.5782764410000003,4.1479527,4.078302471000001,3.925317194,3.892319216,4.061476221,3.9532778719999997,3.7340261939999997,3.648450477,3.8028251330000002,5.243817781000001,4.572983816,3.8026455180000003,3.425532893,3.0702452019999997,3.19503281,4.815949237,2.905376211,3.8398030480000003,4.444466537,4.3849201980000005,4.332374654,3.8587559139999996,3.976769105,4.072968604,4.377864054,4.3045167,4.167803702,4.714516113,3.761569239,2.984995328,3.8313353180000003,3.351217807,3.4799555860000004,3.6667322610000004,5.221123476,5.131981726
Ga0242637_11930,7.950168345,7.63664574,7.816505364,8.38897631,8.428276018,8.431741911,7.378218029,7.384178707999999,7.3547830439999995,7.2322993229999994,6.761253622999999,6.620501636,8.776837257999999,8.437060472,8.252561229,7.586197478,7.147225252,6.777809355,6.089640734,5.315634683,5.73248443,8.406112933,7.947402348,7.8772248639999995,8.033723291,7.896152325,8.194249386000001,7.787355036,7.344665527,8.039288574,7.584930152999999,7.73290268,7.275615332,8.341387324,8.697396852,7.890019112,8.990712412,9.446456103,9.077662289,7.458294252000001,7.4071358279999995,7.056114464,7.982093365,7.636042152999999,7.557557126,7.772643803999999,7.258172054,7.879765047
Ga0242637_11931,7.358878648999999,7.0471811220000005,7.284418297,6.986108688,6.971730011,6.933274745,6.595894845,6.390735909,6.465298007,5.638974087999999,4.739976276,5.32689956,6.897403993999999,7.0203130410000005,6.93615299,5.386834068,5.638429098,5.592302132,5.595786167000001,5.76988924,5.264641359,7.713664007999999,7.578731438999999,7.088175727,6.776755546,7.143949516,7.0895771729999995,7.37104345,7.357845273,7.4825454339999995,6.151941432,6.336477515,6.414086646,6.439107343,6.6686247110000005,6.231255426000001,6.437684056,6.342794463,6.661560741000001,5.394172671000001,5.528438668,5.413829457,6.455809351,6.036444639,6.262835217999999,6.164487599,5.757208706,5.786702919
Ga0242637_11932,5.810393549,5.54610883,5.973732075,5.933610091,6.275127016,6.3739876010000005,6.102463161,5.902157056,6.238134046,6.386673471,5.630544265,5.211674346000001,5.834414947999999,5.513773968,5.798018383,6.635096769,6.769133834,6.848503936,7.004815763,7.297596877999999,7.2461162329999995,8.617639451,8.725673877,8.601563536,6.063771249,6.048000407000001,6.237687229,5.910445054,5.821286186,5.99969934,6.200885698,6.162641865,5.757034354,6.637293215,6.8990532479999995,6.530215233,6.018255341000001,6.38244659,6.509244753,6.454130328,6.57036743,6.87764457,7.057372902999999,6.640175935,6.620656288999999,6.336819188,6.295484655,6.508326178
Ga0242637_11933,5.561794167,6.048040816,5.4601771160000006,5.965919447999999,6.080222297000001,6.184858116,6.013612885,5.884410158,6.166041382,5.78253743,5.070243604,5.041850661000001,5.813267869,6.010868232999999,5.673617144,6.000247085,6.367372167,6.542156939,6.476448887999999,6.604446799999999,6.478889971,6.517819203999999,7.344673683,7.088175727,5.520015267000001,5.838106441,5.4481850220000005,5.647517796,5.701897872000001,5.381364859,6.168442197999999,6.1252000639999995,6.070920132,5.698885129,5.500333825,5.981569492999999,6.311006991,6.260050016,5.81764587,6.823872422999999,6.398391844,5.955534791,6.038661895,5.314628667,4.896774386000001,5.421515594,6.668036582,6.719041269
Ga0242637_11934,8.981791347,9.021583476,8.832400696,9.207607994,9.020848291,9.229590127,9.226269164,9.149545872000001,9.108529196000001,9.181101591000001,8.62043219,8.315556338,8.743806563,8.908328772,9.081452099,8.913232498,9.143271299,9.298575985,9.129418004,9.342437784,9.109884594,9.812015562000001,9.888808882000001,9.576952111,9.196862132,9.494438277999999,8.976981647999999,8.829974262999999,8.626396623,8.725075148,8.727259819,8.926302948,8.948440233,8.897145676000001,8.675825043,8.63668332,9.12835015,9.208411433,9.300697146000001,9.28448825,9.76074113,9.375908827,9.899965018,8.633656708,8.101901012,8.612021237999999,8.953990184,8.966027197
Ga0242637_11935,10.77892072,10.92730643,10.75953507,10.53342625,10.57948049,10.61338931,10.33090357,10.27933428,10.26913157,10.24440369,10.329841900000002,10.24476944,10.69674233,10.87742983,10.79693078,9.880733407000001,9.980554273,10.00302703,9.702187474,9.510032495,9.663126746,9.159790143,9.213041293,9.242324448,10.59444727,10.58103313,10.5748955,10.41502738,10.56438597,10.46671717,9.665852337,9.805473035,9.914249595,10.06260767,9.905424165,9.762352607,9.408692287000001,9.878899464,10.03300716,9.75929762,10.3325991,10.12375336,10.26487288,10.3838804,10.31396165,10.33030497,9.558411824,9.748905096
Ga0242637_11936,10.13755864,10.02115689,10.0060883,10.14144976,10.09859802,10.11959704,9.996105814,9.895898393,10.12952145,10.03308886,10.0120257,10.00258217,9.922722484,9.810622319,9.66853832,10.12844631,9.854183795,9.589687305,9.081108359,8.609543448,8.81385317,7.903728964,7.705059965,7.743824104,9.607737222,9.842012477,9.721739046,9.51187697,9.451463001,9.454704783,9.65566987,9.520843364,9.821978279,9.882552528,9.875999382,9.939035686,9.756846453,10.06069218,9.844511837999999,9.607232158,9.987670204,10.04670046,10.05530098,9.787416527000001,9.876855567,10.05960899,9.5730767,9.565047215
Ga0242637_11937,10.76578977,10.81401805,10.86539665,10.24187702,10.20686424,10.295025099999998,10.13036991,10.22414772,10.13424238,10.60575299,10.57523258,10.72563516,10.46390871,10.63134678,10.39603142,9.347311484,9.302987288999999,9.180331987,8.701110865,8.392108322999999,8.484505106,7.947573706,7.900163323999999,7.972050427999999,9.809622604,9.943644782,9.955474169,10.15399952,10.43050725,10.22602233,10.12397934,10.00889025,10.19487447,10.34408294,10.02479694,10.14123521,9.192538505,9.422920254,9.117677866000001,7.7994542639999995,9.622589766,9.834896347,9.535866178,10.231510499999999,10.43323314,10.25098041,7.878218619,7.964810581
Ga0242637_11938,8.84141573,8.901187092,8.636798186,8.03759558,8.109123324,8.165823742,8.336771205,8.361387987999999,8.308370737,8.491102277000001,8.569799795,8.760726314,8.403060932,8.50171783,8.595199645,7.866543952000001,7.992992874,8.292384695,8.260957233,8.142796071,8.226879888,8.413947582999999,8.522336024,8.671043066000001,8.412560376,8.004674474,8.386099733,8.869702079,9.013228777,8.905725224,8.593435372,8.678053557,8.416575524,8.750499614,8.967212968,8.457638733,7.586740087000001,7.91630075,7.55643847,7.7902185820000005,7.543017475,7.884297382000001,8.186574051000001,8.439794451000001,8.211017903,8.053174842,7.780490195,7.672882577
Ga0242637_11939,12.17969307,11.96909129,12.24137223,11.965808500000001,11.82531733,11.97789965,11.67800604,11.88345212,11.99188969,12.14053373,12.13647227,12.05190089,11.88705574,12.02632698,11.7189219,12.13892091,12.01724611,11.84393496,12.13827195,12.21937995,12.23680617,11.46233087,11.52951577,11.56579771,11.59557661,11.48123402,11.69973294,11.56668322,11.56150566,11.73482624,11.65167903,11.51579613,11.93737398,12.18082636,11.98114316,11.76181858,11.76351394,11.65476779,11.1939708,11.1399631,12.03643215,12.24835726,12.11607598,11.80403103,12.308182,12.24201525,11.21013349,11.28304859
Ga0242637_1194,10.48337721,10.43857102,10.5805379,11.03501137,11.12231597,11.03604409,10.56980113,10.64635227,10.63910216,9.522335856,10.24229933,9.552068111,10.48488218,10.48768746,10.29526316,10.16033639,10.16376682,9.987461588,10.40988959,10.53605831,10.62582833,10.33780837,10.17136512,10.49910782,8.638469868,8.645634095,8.809469969,9.457046627,9.511642058,9.611397145,9.739324126,9.528017483,9.806229166,9.668003159,9.522546968,9.579056225,10.84831015,10.46039653,10.43607116,10.29959483,11.75861601,11.12270306,11.56967511,9.683723399,9.345742953,9.559556313,10.37073214,10.52677354
Ga0242637_11940,12.42470756,12.11878289,12.696925300000002,12.1560299,12.05235426,12.13970804,11.81050498,12.08517118,12.12828739,12.12356833,12.28346542,12.26821302,12.33178446,12.30794699,11.99105295,11.83971708,11.51055367,11.34867475,11.16421238,10.64813586,10.73464373,9.797116669,9.262433832000001,9.661886184,11.95653178,11.44356282,11.98010653,11.73322406,12.07396612,12.13783421,11.82394744,11.77254581,12.09852677,12.18302741,12.22368607,12.03076184,11.50104293,11.15798384,10.92687964,10.57430353,11.06002098,11.52868854,11.18795036,12.10219922,12.66690662,12.4559465,10.67371173,10.70788142
Ga0242637_11941,11.41321596,11.24939822,11.52170801,10.85053289,10.8373477,10.8418537,10.33548129,10.658762300000001,10.82358747,10.8660022,10.62464128,10.83672067,11.16538807,11.23035136,10.90371815,10.32993031,10.18470489,9.799059798,9.051326449,8.279036241,8.401745373999999,8.374341716,7.800773156,8.086679602,10.79535724,10.54411379,10.87394854,10.77397593,10.87732224,11.01172103,10.39450235,10.17804568,10.72530235,10.96643754,11.15204495,10.56075723,10.13834706,10.06981355,9.811006703,9.638440166,9.641975807,9.996592789,9.930774277000001,10.4962145,11.19861291,11.09500471,9.729626838,9.779741442999999
Ga0242637_11942,8.645040081,8.413935318,8.745808384,8.31587397,8.300036421,8.257735197,7.8487085279999995,8.040433768,8.043093502,8.038292658,8.332263263,8.599509673,8.621852436000001,8.535199244,8.393917827000001,8.101159425,7.572247178,7.496335687999999,6.456359786,5.161685736,5.314116753,4.835778512,4.109167166000001,3.967222743,8.153088311,8.037745049,8.05871406,8.296478994,8.354642595,8.481645125,7.852869772999999,7.367292872,8.096554592,8.626589032,8.215205979,8.292074947,8.145612062,7.774699189,7.2789507339999995,6.6508413310000005,6.499165323,7.027862944,6.866449232000001,7.66322959,8.422435685,8.263254097,6.5931841129999995,6.365290169
Ga0242637_11943,8.852500032,8.793339825,8.650883558,8.634200908,8.616536604,8.632608698,8.489728738,8.555536227000001,8.270271961,8.62361822,9.270294482999999,8.994875361,8.639918513,8.732833442999999,8.877898488,8.212726923,8.089658965,8.048437872000001,7.136794931,6.736671761,6.905001625,6.228496762000001,6.402054491,5.8900235279999995,8.567026951,8.438378238,8.562330872999999,9.055881456,9.078349025,8.916816662999999,8.768344504,8.658573287000001,8.406164358,8.621404195,8.388147246,8.608343654,7.9472493879999995,8.093742981,7.955330012,7.2176715520000005,7.656331627,7.923145217,7.628169662,8.61149958,8.684530636,8.468335784,7.6482088820000005,7.454979879
Ga0242637_11944,9.164103343999999,9.02952771,9.214532316,8.956241923,8.898251834,9.168971425,9.081170537,9.200473725,9.134680329,9.01970209,9.4207169,9.290848863999999,8.921705114,9.038550782,8.863790231,8.720325621,8.576928881,8.525824161000001,8.201934847,8.189654013,8.295726814,7.892556282999999,7.900163323999999,7.722159712000001,9.045103858,8.955682205,9.050274625,9.23820506,9.276935252000001,9.420046542,9.197307397000001,9.316434557000001,9.253409282,9.267783855,8.951910337000001,9.222844786,8.504682213999999,8.601220385,8.520594127,7.9563160239999995,8.691816105,8.764435968999999,8.638756368,9.0753015,9.025565682,9.143038713,8.220124005,7.989376106
Ga0242637_11945,8.904017725,9.206386408,8.944138462,8.639203614,8.769650846000001,8.829775469,8.413834169,8.405468916,8.503452006,8.448851362000001,8.382025251,8.705446118,8.981960741,9.264294656,9.245883854,7.791848667999999,7.748425782000001,7.47096649,6.165911317999999,4.926323084,5.361928221,5.094429967,5.429562132999999,5.434983135,9.085677961,8.977149022999999,9.16167821,9.524376335,9.520456249,9.689461209,8.459357892,8.591670859,8.490710977,8.716863907,8.265590878,8.568161618,7.317314586,7.7446304360000005,7.692227206,7.515464463,7.445482586000001,7.672614546,7.513407397999999,8.742159324,8.538643848,8.525761543,7.418403562000001,7.332287833
Ga0242637_11946,9.799587198,9.833120583,9.93650266,9.734853691,9.650095971,9.739102788,9.594156236,9.588325139,9.513717929,10.1141715,10.21921556,10.24839992,9.706911492,9.656889921,9.683532284,9.307655842,9.419137091,9.427766749,9.38954736,9.528375087,9.634419493,9.053468803,9.141733682,9.156104995,9.97833727,10.09072154,10.02858756,10.06391046,10.06628655,10.16454058,9.883412621,9.940640136,9.73176095,10.28546995,10.12938591,10.10814583,9.38534208,9.339898287,9.150196646,8.650614886,9.20888942,9.324606988,9.193701908,9.320372395,9.449589762,9.473082491,8.651773092,8.427171857000001
Ga0242637_11947,11.67985788,11.69467732,11.77836091,11.50670417,11.49603824,11.38738503,11.01813287,11.09345085,11.09458975,11.27200774,11.483619699999998,11.45226337,11.11569345,11.1895825,10.90863469,10.40388084,10.27687861,10.14908899,10.12067648,10.25689926,10.25510791,9.635652729,9.387574833,9.54028987,10.76722434,10.47110119,10.87464449,10.99085932,11.16603827,11.28855423,10.90549059,10.95707423,11.042857199999998,10.85765636,10.39096445,10.49916842,10.03209891,9.946485389,10.02601523,8.593366097999999,9.976805616,10.04317849,9.716462679,10.47105672,11.00388029,10.81731575,8.762548091000001,8.654086393
Ga0242637_11948,7.211635605,7.349790318999999,7.361842788,7.587653685,7.485852556,7.483098179,7.861463887,7.5278810510000005,7.626873654,7.155529801,7.376722865,7.222908003,7.5347489439999995,7.300388865,7.492173284,7.743119732,7.823437967,8.187290732000001,8.24350273,8.426049107999999,8.597893792,8.837460729,9.10054033,8.676684752,8.251484547999999,8.516699151000001,7.936034441,8.04704207,7.857340587,7.992870684,7.650877067000001,7.874740337,7.494591674,7.556217377,7.627276862,7.6286027579999995,7.179241362999999,7.364395791000001,7.607308064,8.191950777,7.924092957,7.828089955,7.926098597999999,7.806675157999999,7.31831415,7.461693062,8.034764335,8.052909213
Ga0242637_11949,4.06343774,3.425456982,4.021383903,4.514300356000001,3.727858533,3.880786982,3.824625541,3.635355282,4.321039304,4.1921740110000005,5.020303588,3.82092602,4.000280065,3.594743442,4.108128152,4.389752078,4.409928452,4.561454398,5.2654368069999995,4.71973642,4.790629011,5.669565534,5.197383578999999,5.264394062,4.0874184730000005,3.5570608089999998,4.436793403,3.486982523,3.904206087,4.329301877,3.127659418,4.2484376169999996,3.634407682,4.450525224,4.524616065,4.125150941,3.19781202,4.608026708,4.301503826,3.860946852,4.425862026,4.88837244,4.097700825,3.917653608,3.9089009,4.19184173,2.9824992530000003,4.135802667
Ga0242637_1195,9.672448626,9.817146754,9.721120866,9.621887184,9.561200075,9.502395517,9.014220704,9.011721762,9.129960703,7.257006541,8.372209248999999,7.772852362,10.07322591,10.09132947,10.2702692,8.715282665,8.731718248,8.57426532,8.585804637999999,8.420447483,8.552579458,9.391695454,9.269884795,9.603850021,7.857451576,7.522568927000001,7.8871985460000005,8.719387546,8.992260738999999,8.780774071,8.521559705,8.535820935,8.748684582000001,8.20592684,8.248990712000001,8.379812832999999,9.329341951,9.257138675,9.175693984,9.449011378,8.843060512000001,8.51775904,8.567346723,8.473968644,8.148373627,8.443455405,8.968853568,9.306217288
Ga0242637_11950,5.293729104,5.194270186000001,4.97368299,5.256901236,5.635024095,5.3192756260000005,5.243142292,5.241402178,5.608316198,5.267307644,6.365128764,6.060653995,5.213194683999999,4.774297383,5.2435085610000005,5.78534409,5.117168106,5.24621047,5.632178636,6.028151717999999,5.966199916,5.865819405,5.922806584,6.1066750260000005,5.160727634,4.293160833,4.715826794,5.073796326,5.1819052469999995,5.056780545,5.407155786000001,5.54945943,5.466163537999999,5.508829662999999,5.757763161000001,5.055180197,5.934684068999999,7.460036408,5.5038699,4.934560538,5.377048301,5.65562299,5.085476312,5.590103557000001,5.469417836,5.0747936430000005,4.678308878999999,5.007921351999999
Ga0242637_11951,9.543310068,9.423908851,9.407732855,9.330217827,9.004939339,9.275977278,9.102814035,9.40041036,9.425957255,9.121832227999999,9.066270373,8.843071832,9.151055635,9.333167313999999,9.06569106,9.787714325,9.691236052,9.586738827000001,10.02687768,10.33191412,10.18425432,11.02690096,11.06160219,10.96219005,8.706540736000001,8.637567639,8.806555136,8.530476604,8.504334565,9.090941134,9.974003267999999,9.849088803999999,9.850412558,9.759339635,9.457214505,9.616750841,9.662871962,9.514843918,9.06407324,9.404320089,9.312767241,9.286387129,9.46746895,9.327186122,9.556833186,9.609336785,9.203728478,9.436971725
Ga0242637_11952,9.832146857,9.583511925,9.723788404,9.645696468999999,9.6588368,9.75980319,9.522360263,9.670613744,9.677920535,9.512113827,9.955631149,9.661409632,9.483371316,9.476780977999999,9.265946563,10.02424303,9.790908197,9.66570377,10.19367999,10.74542605,10.59760174,11.68422728,11.42993963,11.1804108,9.461241263,9.458259308999999,9.400767025,9.278820036,9.21131193,9.820731483,9.965784771000001,10.04309393,9.916696352999999,10.24221652,9.908069623,9.899103062,9.792786677999999,9.710270794,9.237532771,9.778102446,9.644724097000001,9.67796228,9.889547296,9.278800046,9.672638198,9.778027331,9.66720838,9.697656772
Ga0242637_11953,11.85091983,12.63613648,12.11625798,13.21994075,13.18907639,13.59042531,13.74964905,13.80805204,13.72025268,9.925516236,12.9171258,12.07797855,7.37848768,6.329198133999999,7.56873968,6.378233109,5.830404259,6.5299125170000005,7.923707858999999,8.584716332000001,8.562773046,10.11804555,10.007212599999999,9.543380896,8.309738977,8.066072527000001,10.36507924,13.25463962,12.64614003,14.26661572,14.41589588,14.42600709,14.13425457,11.68590368,11.54986316,12.0748423,5.845938526,6.38244659,6.277278557000001,6.994507531,6.34522705,6.151927777999999,6.646290509,7.072315324,7.234604227,6.980655178999999,6.473056715,6.48545294
Ga0242637_11954,11.55226355,12.43924562,11.76676697,13.21377151,13.26343301,13.45231286,13.85297187,13.73320756,13.670847,9.630242597999999,12.41117642,11.40153726,4.1479527,4.804349092,4.412551724,4.753392565,4.138748662,4.34968863,6.063289417999999,6.321095654,6.54216127,8.67744226,8.698322398,8.398044766,7.430175713,7.315624371,10.04969481,12.27399868,10.72106253,13.69903437,14.30817383,14.40898602,13.70403262,10.37059,10.24793784,10.88763774,4.377864054,5.414567487999999,5.26970062,6.081954045,5.7497599379999995,5.796717903999999,5.912241737,5.761581926,5.280719161,5.446927207000001,5.574061733,5.449890901
Ga0242637_11955,8.576501283999999,9.36391141,8.902361506,9.860110683,9.515412156,10.15771592,10.73020157,10.8411843,11.02002791,12.85634815,10.99773733,10.9636136,5.2766485,4.9722799339999995,4.839425193,10.32331704,10.80045015,11.20032348,14.67145063,15.38302891,15.35158842,15.30402599,13.25683495,14.81826563,6.662066702000001,7.914074058,7.269776471,7.996662129,7.415706835,10.16686503,13.68576672,13.94958681,12.89328509,9.967747549,11.90803021,11.61807704,12.57267844,11.4980431,12.62392831,7.258438003999999,8.423906159,7.357903407999999,8.789811591,8.899019303,9.05024842,8.507872862000001,7.620231406,6.919966869
Ga0242637_11956,9.35934752,9.583511925,9.445392143,10.36700884,10.24315842,10.40424267,10.16764345,10.1813267,10.22776534,10.20051868,8.677341118,8.622075031,10.23250154,9.860778881,9.795001059,10.22029794,10.35187024,10.36064518,12.29190609,12.85944308,12.88277852,12.4568067,10.84923944,12.05593927,10.2383566,10.0966177,10.44409862,9.070566936,8.900707062999999,9.602838319,11.33316112,11.69499243,10.89311012,9.735543058,10.47810995,9.734384184,11.79190945,11.60752966,12.0852046,8.777529655,11.15849561,10.56552881,10.85469951,10.92573375,10.70910553,10.81731575,8.796271894,8.889793008
Ga0242637_11957,9.08172476,9.07629574,9.037155625,10.250075,10.23148708,10.46926945,9.945098649,10.09935975,10.10327651,10.02112445,8.160402064,8.23975644,10.25806808,9.826935022999999,9.738687403,10.15102991,10.16598519,10.05835047,10.78744322,10.48330733,10.69000644,10.08162227,8.516083422000001,9.843381822000001,11.1037531,11.07482432,11.10204835,9.60392607,9.068365764,9.695913952,11.08097607,11.34707809,10.74677571,10.00803326,10.32914053,9.734384184,11.81830452,11.61065801,12.07451385,9.864223269,11.39884445,10.69797263,11.10213043,11.07992541,10.85493075,11.00275921,9.694290495,10.13931626
Ga0242637_11958,6.171585931,6.13918578,6.06093428,6.013058472999999,6.305187387,6.447999274,6.340137045,6.2175516570000005,6.202539906,6.5288542739999995,5.9548551320000005,5.740317942999999,5.834414947999999,6.245211299999999,6.343579564,6.500697955,7.234411966000001,7.4645538170000005,7.871632687000001,8.528544263999999,8.407412892,9.461392839,9.866866688,9.16817005,6.250221922000001,6.831273417,6.520245445,6.373096881,6.408402041,6.3174635210000005,6.627923496,6.759056697999999,6.313517332000001,6.341425564,6.394143377000001,6.362579332,7.412828432,6.78863294,7.483426269,7.2176715520000005,6.723966422,6.560066151,6.386266174,6.971473851,6.539195511,6.662419676,7.522846399,7.370204206
Ga0242637_11959,7.228758716000001,7.411909667000001,7.402384649,7.902635101,8.043880603,8.036052548999999,7.857224624,7.825476069,7.803272981,7.7844848529999995,7.346952184,7.2030792020000005,7.866838039,7.6121542479999995,7.486921327,9.075509557,9.19198152,9.239726916,9.227369998,9.706930885,9.542128798,10.04172966,10.30791657,9.723139907,7.70370827,7.887107241,8.148937464,7.10217414,7.019261627000001,7.247896425,7.816762442999999,7.793705788,7.661489953999999,8.123968911,7.932922315,8.089322666000001,9.548398133,9.575873953,9.550145003999999,9.153793285,8.697121595,8.527875352,8.97069572,8.467815075,8.211017903,8.332647251000001,9.332850347,9.208479106
Ga0242637_1196,5.1918384710000005,5.044000832,5.380760691,4.55814469,4.547988485,4.47645793,4.149254746,4.091802658,4.679316307,4.261120417,4.609972668,4.116088736,5.505452737000001,5.321197417,5.673617144,4.753392565,4.636168732,4.868474378999999,5.4401634770000005,4.988943819,4.475808083,7.145155066,6.604463303999999,6.888596116,3.5443074930000003,3.824681115,4.30716112,4.1660224,5.120823571,4.634514988,4.9879069110000005,5.044266382,4.914692706,4.931737173999999,5.113784613,5.338268365,4.377864054,5.335555734,4.9093304369999995,5.182918672,3.923781767,5.175324517,4.677691172,4.51974777,4.80563102,3.8395838010000003,5.221123476,5.007921351999999
Ga0242637_11960,6.650033689,6.80004919,6.190295742000001,6.747331858,6.8343343999999995,6.9838710520000005,6.922604195,6.8850806470000006,6.988111994,6.515252153,5.901091802000001,5.969486165,7.235260287999999,7.326131233,7.371965123,7.8389846279999995,8.158130858,8.159775565,8.24350273,8.502269994,8.27727392,8.97620612,9.618136578,9.051434112,7.464780629,7.387957512000001,7.621277862,6.759304812000001,7.052073717000001,7.070450204,6.615954962999999,7.015545812999999,6.584030227,6.908379159,7.0695508579999995,7.086797081,8.145612062,8.441725063,8.543626267999999,8.430549724,7.073373025,6.90896764,7.290733500000001,7.52778539,7.6248512260000005,7.5862866570000005,8.551660943,8.508732019
Ga0242637_11961,7.6721623260000005,7.910626313,7.781077725,7.244410307000001,7.274536619,7.234249299,7.215486981000001,7.2864996170000005,7.164726596,6.607872536,6.550875412000001,7.0111547629999995,7.830586864,8.082798598,8.039559032,6.67724492,6.634490398,6.318341627000001,5.769137488999999,5.409719957,5.658047511,5.721208933,5.719373603999999,5.538322247999999,7.275017955,7.143949516,7.383723513,7.281269958999999,7.609967865,7.397974208,7.012628766000001,6.631505491,7.122856045,6.908379159,6.961558734,7.048344299,6.375740119,6.633061821,6.914922865,6.454130328,6.593339468,6.82934442,6.522144706000001,7.625021996,7.689144099999999,7.700964562,6.222800831,6.08985168
Ga0242637_11962,8.737626962,8.834733126,8.822479058999999,8.483801028,8.55543242,8.491210292,8.51416475,8.610372668,8.61574283,7.867029593,8.327191322000001,8.50554331,8.774113405,8.971651676,8.957871461,8.093405545,7.921252212000001,8.026842185,7.61531041,7.209359308,7.1945814,7.236386233999999,6.802598221,7.419691114,8.534825968,8.181543187,8.505946091,8.501866411,8.648008837,8.202285489,8.14679892,8.136530396,8.634404482,8.005575841,8.223726642,8.028096145,7.741914006,7.7446304360000005,8.24755444,7.271774542999999,8.225227221,8.476569016000001,8.618711772000001,8.861960887,8.633171772,8.878814399,7.450538494,7.212159637
Ga0242637_11963,10.25184485,10.09398943,10.3504828,10.33345318,10.39909574,10.26977795,10.2668405,10.370311099999999,10.275556,10.34765091,10.39672588,10.28774365,10.083162699999999,9.946224049,9.829631073,9.911923099,9.694313245,9.640333466,9.456721532000001,9.403335444,9.502964082,8.65116883,8.664800986,8.642498841,9.825681116,9.95667047,9.770417745,9.473715647,9.5263026,9.16954895,9.855723267,9.65958995,10.03965065,9.801208649,9.670108308,9.760372745,9.569270784,9.57159926,9.525567395,8.544774964,10.69006536,10.68785835,10.51307233,10.30324129,10.58283769,10.42389364,8.972545607999999,8.867881741
Ga0242637_11964,8.372163449,8.22275218,8.282389312000001,7.910933367,8.03942433,7.970693105,7.822854266,7.773555414,7.7427204839999995,7.872368146,7.586580242,7.703996602,8.07151192,8.376774803,8.336693036,7.306551457,7.6504019979999995,7.5638833320000005,7.124127892000001,7.014808626000001,6.856069484,7.464819342999999,7.993142961,7.217718295,8.101252752,8.170403355,7.8871985460000005,7.976006823,7.8803516810000005,7.939480076000001,7.679884015,7.714150298,7.655641042,7.661026162000001,7.3828523839999995,7.543638126,7.142552369,6.929023064,7.239176708,6.805642102,7.61206879,7.811619916000001,7.667735874,7.80179041,7.650913388999999,7.816910327,6.790335682,7.140824822999999
Ga0242637_11965,9.067525758,9.114143265,8.83487048,8.97812295,9.016320751,8.916928184,8.693667219,8.59141613,8.574651309,8.337470077,8.362325986,8.417980808,8.806465019,8.940337651,8.948352736,7.752998145,8.158130858,7.987135839,7.472755524,7.426186607999999,7.468507936,8.041606533,8.105694082000001,7.8475171679999995,8.457916443,8.453773909,8.71314375,8.815516362,8.741446247,8.756284113,7.837505772,7.799647433,8.070417811,8.415152858999999,8.210926696,8.001518118,7.502405071,7.91630075,8.050295653,7.835816606,8.474219156,8.384928089,8.418766049,8.470895141,8.063613718,8.446589024,8.02056624,7.905809417
Ga0242637_11966,8.752496412000001,8.920540642,8.659269232,8.136442116,7.9329350320000005,8.059818358,8.116837829,7.783135645,7.79733088,8.19987723,7.739509225,8.14943083,7.897201269,8.541803268999999,8.612178353,7.042200507,7.138209295,7.050475792,6.714897079,6.391612815,6.752916,7.566755489,7.5906842999999995,6.745491948,8.697841987999999,8.723910753,8.305801769,8.889163089,8.936273154,8.474155954,7.603216876,7.603018087000001,7.620040388,7.8590705970000005,7.819440891,7.761271375,7.026523678999999,6.9555306670000006,7.04982092,7.161458017999999,6.936430594,7.20231055,7.364835769,7.608332204,7.427896822,7.642033844,6.721727367000001,6.776677321
Ga0242637_11967,8.025565946,7.8535846629999995,8.185076534,7.399929143,7.251595909,7.3480363429999995,6.804195694,7.028985796000001,6.934949771,7.590808178,7.50805914,7.979237392000001,8.053651677000001,8.055366045,7.835726237,6.635096769,6.54174819,6.479865369,5.8329961379999995,5.454529617,5.57952102,5.865819405,5.37497316,5.48758844,7.409006884,7.425933736,7.136783104,7.590780566,7.857340587,7.429304425,6.503507989,6.252186814,6.546556319,7.377024421000001,7.405504981,7.172720145,6.985673822000001,6.216819847000001,6.482214132,5.815991866,6.2900204639999995,6.6369394470000005,6.500371027999999,6.900098047999999,7.108587705,6.989281726000001,5.856806806,6.288056674
Ga0242637_11968,10.23500383,10.03503437,10.17349388,10.1857151,10.09215897,10.14573814,10.2612376,10.29615594,10.23657313,10.65999785,11.54497269,10.92632601,9.815541094,9.870429416,9.911266024,9.654432341,9.971704716,9.840493807,9.436383698,9.725219727999999,9.670215182,9.214641884,9.606413399,9.483488052,10.17813338,10.23223836,9.858894028,9.852174135,9.755123962,9.66171042,10.50800615,10.68756872,10.21787366,10.3306445,9.997730957,10.26788263,10.13368362,10.48787713,10.189302,10.08794565,10.22836253,10.02365243,10.06644256,9.808264207999999,9.740942158,9.856687799,9.906015895,10.18610621
Ga0242637_11969,8.483306079,8.684341299,8.332190207,8.284286214,8.195772211,8.294924151,8.572210383,8.483922446000001,8.33732266,8.58187127,8.905436732,8.644292819,8.360113211,8.641503525,8.666598902999999,7.911337117,8.231994984,8.321056823,7.61531041,7.6244042929999996,7.511254419,7.990124699,8.105694082000001,7.765167817999999,8.457916443,8.246633632,8.505946091,8.179406367,8.283927952,8.023981344,8.49242977,8.618805305,8.33476725,8.435975891,8.131645634,8.472228619,8.352438823,8.650693433999999,8.882437782,8.533750984,8.310782222,8.143123314,8.272478793,8.417617965,8.157491123,8.329255751,8.511617672,8.679467488
Ga0242637_1197,3.79986984,3.6224631489999997,3.692998448,3.024689424,4.264277858,3.632791763,3.277942678,3.437259219,3.2040458910000003,4.261120417,4.023771416000001,4.024865287,4.280950425,3.9732559860000003,4.366319211,4.035114441,3.586637633,3.789455175,3.7340261939999997,4.47713225,3.64741757,5.865819405,5.197383578999999,5.680529589,4.011281094,3.5570608089999998,3.607398345,3.720385549,3.6541520239999996,4.023757596,3.406639872,4.013713061,3.278155795,4.127524908,4.135963082,4.223785943,3.7220789030000003,3.662028972,3.2994000619999997,3.860946852,3.5755614760000003,3.9122902089999996,3.022421094,3.351217807,2.792585865,2.9136076980000003,3.442297762,3.707348591
Ga0242637_11970,8.321207979,8.745909761,8.426912674,8.59611713,8.683748415,8.76378901,8.413834169,8.37728627,8.428554976000001,7.54473585,7.490013625,7.646442088,8.234954588999999,8.713465132,8.578018705,7.743119732,7.972857097,8.044144527,8.165326142,8.414824018,8.134217751,9.263153835,9.609353137000001,9.119292316000001,8.828439752000001,8.909534467,8.803634402,8.716277816,8.778660208,8.789851665,8.337242833,8.549987448,8.290168588,7.814324786,7.665312706,7.8863919739999995,7.741914006,8.364752917999999,8.370422559,9.304083435,8.23984347,7.876400639,8.335244314,8.155787039,7.543713017999999,7.972854637999999,8.965152055,9.328849358
Ga0242637_11971,8.073726534,8.151732834,7.83636568,8.154026216,8.121825035,8.278138853,8.127437045,7.871107404,7.933590367000001,6.799558632999999,6.219170611,6.721584572,7.681544935,8.002080703999999,8.379823061,7.025990104,7.129136572,7.40551876,6.3295493679999995,6.086052777000001,6.295147771,6.783010875,7.227055767,6.982753397000001,8.531565977,8.852599575,8.37433633,8.844288695,8.480439998,8.529399302,7.286074311,7.726678944,7.4275212370000006,6.925320462,7.001771409,7.022126875,7.766227193,7.650468439,7.925576555,7.817750045,7.840244568999999,7.672614546,8.524895721,7.985321207,7.031299627999999,7.674476058,7.6846872479999995,7.226012461
Ga0242637_11972,8.24333884,8.263743646,8.300373378,8.412542992999999,8.5334194,8.391729705,8.127437045,8.237956036,8.149537596,8.463072955,8.526204672,8.356505962,8.230987033,8.124460604,8.169784947,7.893586458,8.117439011,7.9042849120000005,7.280702803,6.66260788,6.952325925,6.830653764,6.346665849,6.139804722,7.471603037,7.882563333999999,7.482028047000001,7.862428821,7.824495429,7.878373198999999,7.946548909,7.726678944,7.965594707999999,8.322341041,8.421861329,8.361642533,8.029896101,8.208326037,8.068560806,7.3865558039999994,8.575640487000001,8.527875352,8.51408485,7.959236866,7.73859095,8.007220423,7.805550201,7.140824822999999
Ga0242637_11973,8.368307074,8.440993335,8.188943296,7.902635101,7.961481786,7.871224591,7.700406103,7.668922009,7.659997958,7.49714249,7.316553644,7.345544,7.782597712,8.354440004,8.385477506,7.180428965,7.332518124,7.483706892000001,7.174141366000001,6.969467544,6.905001625,7.371314461,7.800773156,7.584857438999999,8.169960943,8.447635346,8.121050873,8.586048882,8.545220646,8.290211272,7.337961917,7.561656124,7.533385517,7.294702285,7.08834486,7.11807531,6.71277151,7.174415403999999,7.271083254,7.664439853999999,7.089610639,7.31179242,7.6871191439999995,7.417138271000001,6.991043112000001,7.372215441,7.66656342,7.30644456
Ga0242637_11974,6.171585931,6.032270997,5.696895785,5.741580793,5.1934255810000005,5.709993708,5.243142292,5.473550621,5.661855816,5.165755178,5.4167632679999995,5.625366709,5.366813166,5.715059651,6.117148726,5.105299126,4.875340189,4.98190923,4.392404915,3.803921163,4.718346846,4.737776482,5.06529812,4.365241902,5.740284804,5.65766969,6.012805475,5.820322182000001,5.742810498,5.913470117999999,4.742474206,5.335755549,5.1002818780000005,5.3664265360000005,4.957334987,4.8594032380000005,5.152609088,4.856866072,5.5038699,5.394172671000001,5.62111866,5.067434938,5.198829547,5.63493947,5.346438148,5.258711873999999,5.17014544,5.669500702000001
Ga0242637_11975,7.995878227,8.260371837000001,7.950105098,7.5023477860000005,7.485852556,7.622631759,6.986137692000001,7.099724066,7.164726596,7.6969265689999995,6.957969167999999,7.271318325,7.8253329229999995,8.258802872,8.274058702,7.150837057,6.924085665,7.050475792,6.73170198,6.718509934,6.435108205,6.830653764,6.346665849,6.67952201,7.732392237000001,7.778794161,7.848037672999999,7.549431095,7.903001354,7.710031391,6.878860761,6.920543805,6.980328724,7.150909165,6.961558734,6.883366457999999,6.497069943,6.697321291000001,6.853003915,7.087959745,7.271403502,7.0838226639999995,7.115777473,7.448735033999999,7.127278905,7.36560653,7.007591466,6.757720504
Ga0242637_11976,10.67349456,10.55321888,10.91875491,10.71140189,10.69091896,10.73951458,10.44191008,10.46111997,10.6399323,11.06500096,11.30297167,11.04100924,10.735061300000002,10.55124882,10.44626223,10.19878098,10.18361043,9.98522418,10.00287536,10.49933613,10.55738798,10.23763575,10.52428238,9.977406166,11.27287863,11.42883784,10.98639751,11.14739231,11.17071157,11.00329115,10.38132141,10.17804568,10.40551541,11.02159367,11.07232764,10.9375538,10.38980119,10.13789163,10.09334042,9.716068541,10.48299052,10.59348984,10.24703017,10.54305784,10.94191779,10.54869839,9.93468817,9.71494262
Ga0242637_11977,9.60359498,9.708769088,9.640123893,9.468733213,9.38627634,9.543707203,9.429778625,9.067657484,9.171891559,8.773787175,8.539422108,8.862154488,9.399257957,9.775566458,9.619002884,8.917629805,9.120574629,9.112247873,8.8353228,8.414824018,8.245984578,8.617639451,8.814970971000001,8.559432531,9.385623931,9.489965215,9.568441714,9.760052346,9.82438182,9.939688354,8.696369495,9.033533347,8.897322287,8.755241325,9.021973418,8.70003267,8.916633635,9.007871755,9.383265586,9.810432362,8.712921978999999,8.802433736000001,9.113611813,9.107321445,8.678209893,9.022227766,9.464527506,9.412962777
Ga0242637_11978,8.8441948,8.933300247,8.648077465,8.530320795,8.461964024,8.74680973,8.360924385,8.561114637000001,8.283083696,8.052471398,7.93223016,7.838569539,8.752135414,8.689874572999999,8.659615927,7.384891297999999,7.489611742,7.350933274,6.1904604910000005,4.385771447,4.718346846,5.442018557999999,4.240772454,4.924648265,8.505217369,8.322395159,8.309924629,8.68162088,8.838626419,8.593014311000001,7.837505772,8.054436062,8.066015256,7.932090184,7.938109702,7.520421121,7.968359313,7.833018665,7.9003043129999995,7.752672717,7.634370053,7.538917829,7.239127099,8.234015282,8.157491123,8.194086763,7.66656342,7.770612449
Ga0242637_11979,7.554886081,7.746783156,7.517587563999999,7.092127934,7.3193508629999995,7.227267756,6.993885924,6.725184894,6.750306935,6.212099074,6.031900167000001,6.841918981,7.727333674,7.724802244,7.785282531,5.8968195439999995,6.039030937000001,5.909058272,4.392404915,3.648450477,3.9413868460000003,4.927376411,4.109167166000001,4.365241902,7.219351136,7.281506105,7.319717803,7.726823405,7.8803516810000005,7.716394543,6.477279767000001,6.320010186,6.172925789,6.328735186,6.693399491,5.9259611229999996,6.097225568,6.5309503410000005,6.561828564,6.749524052999999,5.429319039,5.92514813,5.912241737,7.005877925,6.885186692,6.927782075,6.473056715,6.414566467
Ga0242637_1198,2.7843994210000003,2.884693773,2.725182339,3.16318366,2.4640428340000002,2.891426793,3.581642131,3.19900412,2.802740674,1.764951351,4.858901346000001,4.848771504,4.216089736,4.431583664,4.108128152,7.640424769,8.17585404,8.902981818999999,10.77332393,10.72398703,10.4378797,9.729669495,9.694870019,10.09582645,3.143822338,2.904468678,2.7960011330000003,3.0165719139999996,2.7038793560000003,3.0280757019999998,5.795880545,6.67097133,5.028947718,3.6127142039999995,4.579888975,4.125150941,7.613790029,7.196803992,7.35535017,8.561154556,3.084464068,3.775076592,3.022421094,4.061615789,4.079391123,4.128480148,9.142773546,8.58592628
Ga0242637_11980,7.608189757999999,7.746783156,7.589573572999999,7.2044488079999995,7.2896300489999994,7.315491826000001,7.02446874,6.8850806470000006,7.313736165,6.309938708,6.651804752,7.152279693,7.912146467,7.995680411,8.006914013,6.2443583579999995,6.367372167,6.05313008,5.011617463,3.803921163,4.475808083,5.243817781000001,5.674972682000001,5.538322247999999,7.626344414,7.450706567,7.4893194,8.066711391,8.283927952,8.174827439,6.541974993999999,6.549170864,6.690930613,6.687824652000001,6.9513276920000004,6.530215233,6.097225568,6.817827167999999,6.75482839,7.1470552089999995,5.829514431000001,6.177912815,5.878815011,7.072315324,7.031299627999999,6.971976664,6.790335682,6.795387807999999
Ga0242637_11981,8.054654851,8.187679589,7.963711925,7.8080562979999995,7.956763062,8.063741528,7.88247526,7.906600565,7.906245207,7.577794197,7.7846168460000005,7.682681968,7.5218136520000005,7.800196514,7.8562345570000005,7.772554242000001,7.987985225,8.151816702,8.165326142,8.589716057999999,8.390343091,8.949504115,8.946328777,8.648253052000001,7.8205249939999995,7.864243167000001,7.7543202529999995,7.912204267000001,7.884910164,7.966422439,7.56640851,7.946115759,7.82675832,7.1934774610000005,7.427807111,7.496824105,7.142552369,7.105083786000001,7.6803978310000005,6.691129736000001,7.4071358279999995,7.743791592999999,7.833463707000001,8.036115836,7.786398269,8.186609239,6.9337052329999995,6.3400039260000005
Ga0242637_11982,9.40335032,9.668637149,9.524018703,9.616824238,9.53136579,9.512476151,9.733635496,9.52122948,9.589585791000001,9.445635982,8.881417976,9.100425742999999,8.921705114,9.334435707999999,9.284221559,8.764936015,8.543190518,8.69144366,8.640170262,8.54408213,8.689123674,8.67744226,9.169884752,8.704566875,9.442271344,9.391078777,9.547645069,9.394224186,9.601609782,9.477356172999999,9.298008314,9.195488622000001,9.409229338,8.833553361,8.902352475,8.871259501,8.33629196,8.782300147,8.950490764,8.777529655,9.259971785,9.475958611,9.687889942,9.441494451,8.985173246,9.376171442,8.400888047999999,8.58054733
Ga0242637_11983,10.75696894,10.71528112,10.73792554,10.86394925,10.82898175,10.85039429,10.63314458,10.63052229,10.73078936,10.46004164,11.18107621,10.80584506,10.54762867,10.7116299,10.42925608,10.88117663,10.85302754,10.88220345,11.34963949,11.86411763,11.7283758,11.65890439,11.47172964,11.58392367,10.47310685,10.61634734,10.53671042,10.27728127,10.34543385,10.40799358,10.78053511,10.91801478,10.64198949,10.36362069,10.238509800000001,10.29480602,10.58349,10.44645741,10.44133637,10.78652157,10.44407847,10.44259121,10.63158111,10.47259399,10.56581998,10.60587173,10.94385648,10.9523492
Ga0242637_11984,9.170760512000001,9.237583995,9.176091632999999,9.249101245,9.275077803,9.248669001,9.268375356,9.162447378,9.108529196000001,8.870315985,9.143315679,8.905722862000001,8.771384399,8.677933024,8.98977322,9.224916413999999,9.636294668,9.729918752,9.723326053,9.878112875,9.906651836,9.751473922,9.582677314,9.692838119,8.757659611000001,8.86186152,8.616594277,8.82420848,8.822085615,8.77163899,9.006745983,8.923585355,8.810515827,8.584578939,8.663351892,8.630192641,9.165378165,8.89607571,9.231466823,8.965642208,8.992941555,8.910767124,8.872545805,9.171199664,8.862317804,9.083897555,9.122976947,9.077143273999999
Ga0242637_11985,7.541246447000001,7.707699602000001,7.461136563999999,7.224568059,7.220428991,7.26184211,6.821718982999999,6.695028047999999,6.762567262999999,7.027335533,6.384820797000001,6.8290344339999995,7.528295805,7.789135621000001,7.548716262,6.889289082,6.848692689,6.980264117000001,6.394351991000001,5.581083416,5.9350564210000005,4.835778512,4.994320674,5.202656485,6.913376835,6.628940236,7.030809605,6.962089227000001,7.383848665,7.2123119529999995,6.381520928,6.106106572000001,6.801082084,6.717313439,6.765264074,6.7618500720000005,6.900325658,6.5309503410000005,6.873940732,6.38209156,6.2900204639999995,6.796220224,6.313187963,6.953958714,7.070461826,7.136329619,6.3189180579999995,6.261361596
Ga0242637_11986,8.280748695,8.42602381,8.169504977,8.056418981,8.016934054,7.979026869,7.676543531,7.709682621000001,7.844195911,7.344139931,6.890756098,7.078010547000001,7.9656573889999995,8.067622754,8.057380865,7.120624715,6.792316968,7.294199074,6.812904582000001,6.841079783,6.5828474329999995,6.758584973,7.082138435,7.170493899999999,7.557475788,7.618607374,7.459930078999999,7.745251183,7.824495429,7.790639511,7.216493466,7.334920497000001,7.378643284,7.27501809,7.152258108,7.160754664,7.026523678999999,6.902018501000001,7.377502092,7.284988808,7.22805967,7.346513211,7.027258151,7.42351327,7.381948963999999,7.4429813010000005,7.007591466,7.065773967
Ga0242637_11987,8.33312772,8.42602381,8.525002556,8.063880087000001,7.94251354,8.019988278,7.22867823,7.345897666,7.262885316,7.5109016660000005,7.366867463999999,7.563355333,7.856573214,7.899535094,7.85215616,6.378233109,6.555368662,6.304025082999999,6.535085897,7.115364884,7.127457992,7.675059347,7.726885338,7.202148141,7.70370827,7.940545855,7.391528032999999,7.701880875,8.176485424,7.747795797999999,7.109658157,7.123747099,7.189159462,7.4894684410000005,7.720548895,7.658685042,6.554101254,6.495236836,6.383394292,6.111983072,7.1527909229999995,7.369204306,7.171906731,7.03947954,7.251739681,7.404812992999999,6.43067678,6.178165077
Ga0242637_11988,12.97564672,12.94021756,13.08797756,13.256615700000001,13.36351501,13.31456015,12.87874595,12.87685281,12.94473234,13.21373316,12.95686506,12.75656052,12.40403351,12.42315135,12.25584837,11.42363922,11.25740893,11.10359686,11.67285546,11.93948192,11.90450662,12.20074005,12.11156009,11.90731423,12.90564465,12.95791186,12.95062329,12.87704482,12.91383396,12.98841691,12.9686974,13.0242117,12.91455758,12.54128604,12.75136217,12.34897263,12.55534719,12.58118869,12.77492679,11.01969059,12.77987939,12.577511300000001,12.55691417,12.26474063,12.41988484,12.33836182,10.97639737,11.0893088
Ga0242637_11989,10.054807400000001,10.0863935,9.969468979,9.738354498,9.790609258,9.851149381,9.689021817999999,9.699984841000001,9.776337499,9.231815909,9.783031085,9.812932694,9.658995454,9.787655358,9.905374887,8.922013748,8.906413477000001,8.947334168,8.811831166000001,8.988364501,8.990368051,9.297437991,9.579682655,9.110982562,9.483343324,9.617101619,9.595712282000001,9.836507411,9.753878737,9.927402127,9.37273027,9.339045048,9.664929025,9.493126659,9.738589654,9.642777994,8.504682213999999,8.658776457,8.695308809,8.777529655,9.0228269,9.181359478,9.058876613999999,9.912746604,9.936326923,9.988295962,8.829225269,8.558828677000001
Ga0242637_1199,5.716073102,5.713996002000001,6.1270713279999995,4.93408652,5.021587205,5.445701935,4.953460831,4.92918289,4.7309567139999995,5.42192855,6.834631907,6.227265922000001,8.654802637000001,8.300939847,8.169784947,9.263428572,9.633091057,10.06578096,11.69656395,11.68358631,11.45843155,10.99330855,10.99909385,11.3149104,5.194391513,5.0872886280000005,5.255024951,5.699056265,4.807619143999999,5.315375734,6.8688132170000005,7.188599254,5.882929632000001,4.789010363,5.500333825,5.644964071,9.090346615,9.180612228,9.057230409,11.21950584,6.141944919,5.796717903999999,5.912241737,5.471438399,5.687517277,5.041675762,11.260832699999998,11.40825192
Ga0242637_11990,10.0809598,10.10999918,9.938800544,10.07747246,10.1177445,10.04516634,10.4284032,10.40484382,10.49146475,10.18129432,10.62464128,10.21167728,9.630667856,10.04869136,9.836871172,9.743815609,9.920067196,9.993039975,9.650154192999999,9.480728785,9.459982161000001,9.847157391,10.0511162,9.712194574,9.922189087000001,9.953425057,9.946234392000001,10.04048088,9.926281573999999,10.14463011,10.58437746,10.71846935,10.548844699999998,9.931550442999999,10.22372041,10.26927561,9.5057244,9.864993846,9.704093582,10.31416322,10.58524162,10.39364742,10.49394418,10.32212321,10.1083787,10.32945655,10.09400149,10.38433144
Ga0242637_11991,10.58903974,10.6244459,10.66693192,10.47026733,10.5127438,10.60802696,10.67588622,10.66848484,10.62407734,10.61851436,11.00172158,10.91494917,10.33215668,10.38431747,10.37558099,10.02424303,10.16820016,10.08471403,9.978466941,10.37309111,10.45849795,10.35622155,10.39226106,10.30515348,10.55324957,10.71738192,10.37495069,10.59085667,10.43362138,10.5826784,10.39799703,10.29304892,10.60832876,10.42887902,10.49843983,10.61927799,9.780905811,9.857990448999999,9.835208569,9.556395875,10.2210154,10.32424359,9.982666242999999,10.65154179,10.68093224,10.61912381,9.892437954,9.657350761
Ga0242637_11992,9.399576826,9.359191193,9.588371005,9.443218264,9.027613069,9.468768554,9.274745523,9.490864464,9.360983767,9.429432163,9.396710641,9.490040659,9.112761145,9.230629802000001,9.325983896,9.263428572,9.419137091,9.407858014,9.639073616000001,10.17942793,10.13898781,10.07175205,10.47839152,10.19546829,9.271060807000001,9.468905557000001,8.838298867,9.37463408,9.380618241,9.194827669,9.282966072999999,9.168197681,9.424783983,9.529562274,9.22232933,9.403695591,9.183541757,9.081875165,9.165124806,8.566573347,9.336759119,9.532316374,9.338602456,9.259338162999999,9.419591964,9.234707447,8.697108911,8.474340772
Ga0242637_11993,7.653266805,7.794193454,7.860812512000001,7.939606938,7.791693252000001,7.884594483,7.783182396,7.970883721,7.855677999,7.616488955,7.8426459820000005,7.718033306000001,8.110906703,8.209879104,8.243249027000001,8.021678278,8.223498877,8.277832023,8.334243797000001,8.723104198,8.770534507999999,10.04677698,10.60160716,9.794925345,6.903315506,7.089767295,7.127464824,7.37893409,7.609967865,7.40587083,8.056795623,8.141216985,7.718710082,7.413489522000001,7.581595136000001,7.845879475,7.790137228,8.045233187000001,8.013056382,7.972736822000001,7.9420819279999995,7.828089955,8.051032628,7.7820842489999995,7.486967624,7.614429661,7.969742385,8.228265503
Ga0242637_11994,7.608189757999999,7.727373793,7.8800758989999995,7.339719828,7.333984571,7.322059779,7.202173876,7.107373715,7.192166986,7.6848398829999995,7.628423371,7.563355333,8.031010774,8.124460604,8.112974434,7.782233725,7.724537455,7.668014031,7.7200030889999995,7.014808626000001,7.446649796,7.418824905,7.871058856,7.322239463,7.511873071,7.246560585,7.47469963,7.884763607000001,8.064414397,7.977060012000001,7.3233265020000005,7.241954611000001,7.148078668999999,7.635529528999999,7.91198414,7.650153955,8.145612062,8.129083718,8.08659753,7.88869668,7.543017475,7.111008073,6.7605736720000005,6.918276297,7.145730761,6.997856923,8.232495291000001,7.7323116270000005
Ga0242637_11995,12.49690058,12.506067800000002,12.63875051,12.87545221,12.97158566,12.9913031,12.83010651,12.88799195,12.96904874,11.99795731,12.52490113,12.38358327,12.3994015,12.230697300000001,12.09994711,12.14970793,11.84277143,11.77696237,11.24170546,10.2395093,10.46801988,8.831623459,8.046182986,8.96186042,12.7190821,12.155151,12.75132679,12.88398965,13.02511186,13.082374699999999,12.58878937,12.46754195,12.7202567,12.445527199999999,12.25233476,12.51434506,12.08427422,11.87975467,11.78566876,11.96135518,13.64081025,13.45575643,13.50446813,12.99530559,13.13590663,13.09900341,11.9521601,12.05445188
Ga0242637_11996,14.03068362,14.02272009,14.28728527,14.63181536,14.67574043,14.67834199,14.46297119,14.562552400000001,14.66899762,13.664627300000001,14.06134398,14.00742197,13.96094639,13.69778972,13.43925834,13.91203986,13.75624125,13.68845876,13.42228032,13.10070598,13.15661635,11.60944557,11.34430832,11.80478722,14.22784486,13.41589028,14.33141757,14.05130581,14.41263807,14.42581188,13.99241866,13.92304723,14.23278116,14.19383235,13.80142421,14.00401702,13.93761304,13.59862241,13.54205184,13.55800061,15.39584584,15.159612699999998,15.28348994,14.70689203,14.78720119,14.86410807,13.68851602,13.68906838
Ga0242637_11997,12.17224821,11.97732871,12.30621369,12.81801974,12.76767017,12.92788843,12.89123694,12.91301759,13.05542891,12.57385201,12.47160298,12.33688882,11.77368328,11.58708307,11.41122484,12.05558939,11.8441574,11.77502093,11.33598087,11.39246733,11.40561278,10.50849479,10.56118726,10.57356629,12.49307671,12.04816563,12.52046256,12.09553916,12.40588259,12.4216832,12.42545096,12.35556669,12.63849773,12.44955524,12.04443052,12.11199831,12.05867153,11.82962269,11.71279424,11.82840931,13.86255209,13.64959584,13.84508485,12.62708995,12.49911356,12.87137384,11.74759861,11.79245976
Ga0242637_11998,4.06343774,3.425456982,3.0999819539999995,3.024689424,3.522085263,3.4349120319999997,3.155796047,3.437259219,3.3591003539999997,3.1652587430000003,3.152346767,2.855977779,3.28524747,3.351026898,3.1287230089999998,3.547978091,3.17815798,3.4955664389999996,4.476506155,4.643484469,4.475808083,5.771053014,5.922806584,6.072762742999999,3.143822338,2.904468678,3.718506891,3.196494403,3.454475608,3.36495514,3.907346379,3.925246862,3.733234295,4.450525224,4.208962548,4.175373085,3.19781202,3.347410348,2.476742168,3.306485327,3.35606442,4.88837244,4.896326773999999,3.224071216,1.764951351,3.5704800810000004,3.617730023,3.866371795
Ga0242637_11999,11.7155797,11.72770605,11.78252482,11.63838479,11.63946611,11.56393116,11.28590933,11.32377352,11.35435093,11.402249099999999,11.66590006,11.6390159,11.23636612,11.2069983,11.16967364,11.15977178,11.08114322,11.04679938,11.02473806,11.20075107,11.17423794,10.539261999999999,10.77656458,10.71186026,11.34149809,11.39375055,11.00622214,11.28754435,11.37970429,11.25180031,11.09072655,11.04721517,11.161076300000001,11.230955699999999,11.00101554,11.06493082,10.85115366,10.74674537,10.63758654,10.20721943,11.19645209,11.15242889,11.19134706,11.06369792,11.20632038,11.04161191,10.41888234,10.16469925
